              1       0.273448       0.273448              0
              2       0.207336       0.240392      0.0233741
              3         0.2505       0.243761      0.0158237
              4        0.23348       0.241191      0.0120747
              5       0.330688        0.25909      0.0186982
              6       0.192128        0.24793      0.0186169
              7       0.223728       0.244473      0.0162752
              8        0.13928       0.231324      0.0188172
              9       0.240596       0.232354      0.0167546
             10       0.200308       0.229149      0.0153825
             11       0.260172       0.231969      0.0142403
             12       0.200564       0.229352      0.0132919
             13       0.229732       0.229382      0.0122695
             14        0.22356       0.228966      0.0114002
             15       0.306796       0.234154      0.0117618
             16       0.257512       0.235614      0.0111169
             17       0.192796       0.233096      0.0107445
             18       0.241372       0.233555      0.0101574
             19       0.202644       0.231928     0.00975227
             20       0.277488       0.234206     0.00952699
              1       0.272916       0.272916              0
              2       0.207968       0.240442      0.0229626
              3       0.249872       0.243585       0.015522
              4       0.232844         0.2409      0.0118715
              5        0.33052       0.258824      0.0186337
              6       0.192172       0.247715       0.018546
              7       0.224528       0.244403      0.0161897
              8       0.139512       0.231292      0.0187375
              9       0.240584       0.232324       0.016684
             10        0.20016       0.229108      0.0153225
             11       0.260128       0.231928      0.0141867
             12       0.200576       0.229315      0.0132428
             13       0.230544        0.22941      0.0122245
             14       0.222532       0.228918      0.0113612
             15       0.306596       0.234097      0.0117247
             16       0.257932       0.235586      0.0110862
             17       0.192728       0.233065      0.0107169
             18       0.242392       0.233584       0.010134
             19       0.202052       0.231924     0.00973557
             20       0.276604       0.234158     0.00950165
