              1       0.450377       0.450377              0
              2       0.428624       0.439501     0.00769106
              3        0.45202       0.443674     0.00615624
              4       0.433498        0.44113     0.00511584
              5        0.44138        0.44118     0.00409292
              6       0.441416       0.441219     0.00341095
              7       0.438662       0.440854     0.00294317
              8       0.438075       0.440507     0.00259569
              9       0.436616       0.440074       0.002343
             10       0.441203       0.440187     0.00211142
             11       0.431036       0.439355     0.00207691
             12       0.440777       0.439474     0.00190721
             13       0.452055       0.440441     0.00199097
             14        0.44374       0.440677     0.00186265
             15       0.446469       0.441063     0.00177804
             16       0.446699       0.441415     0.00170144
             17       0.443545       0.441541     0.00160596
             18       0.437132       0.441296     0.00153531
             19       0.443031       0.441387     0.00145721
             20       0.441735       0.441405     0.00138446
              1       0.451472       0.451472              0
              2       0.429035       0.440254     0.00793283
              3       0.451631       0.444046     0.00612843
              4       0.435084       0.441806     0.00498908
              5       0.441327        0.44171     0.00399218
              6       0.441593       0.441691     0.00332686
              7       0.440066       0.441459     0.00285968
              8       0.439942       0.441269      0.0025085
              9       0.437381       0.440837     0.00226666
             10       0.441185       0.440872     0.00204026
             11       0.430964       0.439971     0.00204394
             12        0.44051       0.440016     0.00187411
             13       0.451208       0.440877      0.0019175
             14       0.444183       0.441113     0.00179503
             15       0.445796       0.441425     0.00170229
             16       0.447549       0.441808     0.00163835
             17       0.442499       0.441849     0.00154248
             18       0.436545       0.441554     0.00148466
             19       0.442481       0.441603     0.00140732
             20        0.44154         0.4416     0.00133696
