              1        11.8086        11.8086              0
              2        12.2862        12.0474       0.168864
              3        10.6003         11.565       0.409643
              4        11.2573        11.4881       0.314371
              5        12.9876         11.788       0.367696
              6          10.73        11.6117       0.346123
              7         11.511        11.5973       0.296975
              8        11.8707        11.6315       0.261812
              9        11.5983        11.6278       0.232747
             10        10.9746        11.5625       0.218445
             11        12.5727        11.6543       0.217035
             12        11.7782        11.6646       0.199194
             13        9.85734        11.5256       0.227265
             14        11.1367        11.4978       0.212722
             15        12.3645        11.5556       0.206238
             16        12.1872        11.5951       0.197089
             17        11.2129        11.5726       0.186773
             18         13.414        11.6749       0.202485
             19        10.4287        11.6093       0.202171
             20        10.4762        11.5526       0.199844
              1        11.6353        11.6353              0
              2        12.2857        11.9605       0.229958
              3        10.5892        11.5034       0.403483
              4        11.2583        11.4421       0.307231
              5        12.9822        11.7501       0.369202
              6        10.7073        11.5763       0.346171
              7        11.4783        11.5623       0.297001
              8          11.84         11.597       0.261895
              9        11.5786         11.595       0.232804
             10         10.945          11.53       0.218409
             11        12.5925        11.6266       0.218874
             12        11.8086        11.6417        0.20116
             13        9.85054         11.504       0.228043
             14        11.1432        11.4782       0.213205
             15        12.3953        11.5393       0.207573
             16        12.1822        11.5795        0.19845
             17        11.2466        11.5599        0.18774
             18        13.3659        11.6603       0.202352
             19        10.4288        11.5954       0.201815
             20        10.4658         11.539       0.199472
