              1       -0.81664       -0.81664              0
              2      -0.826432      -0.821536     0.00346199
              3      -0.815896      -0.819656     0.00277184
              4      -0.824248      -0.820804     0.00230438
              5      -0.820704      -0.820784     0.00184359
              6      -0.820688      -0.820768      0.0015364
              7      -0.821928      -0.820934     0.00132582
              8      -0.822192      -0.821091     0.00116938
              9      -0.822848      -0.821286     0.00105562
             10      -0.820784      -0.821236    0.000951254
             11      -0.825352       -0.82161    0.000935479
             12      -0.820976      -0.821557    0.000859014
             13       -0.81588      -0.821121    0.000897106
             14       -0.81964      -0.821015    0.000839238
             15      -0.818408      -0.820841    0.000801081
             16      -0.818304      -0.820682    0.000766546
             17      -0.819728      -0.820626    0.000723508
             18      -0.822616      -0.820737    0.000691706
             19       -0.81996      -0.820696    0.000656508
             20      -0.820544      -0.820688    0.000623726
              1      -0.816144      -0.816144              0
              2      -0.826248      -0.821196      0.0035723
              3      -0.816072      -0.819488     0.00275981
              4      -0.823536        -0.8205     0.00224776
              5      -0.820728      -0.820546     0.00179867
              6      -0.820608      -0.820556     0.00149892
              7      -0.821296      -0.820662     0.00128851
              8      -0.821352      -0.820748     0.00113033
              9      -0.822504      -0.820943     0.00102144
             10      -0.820792      -0.820928    0.000919409
             11      -0.825384      -0.821333    0.000920753
             12      -0.821096      -0.821313    0.000844236
             13      -0.816264      -0.820925    0.000864036
             14       -0.81944      -0.820819    0.000808803
             15      -0.818712      -0.820678    0.000766982
             16       -0.81792      -0.820506    0.000738167
             17        -0.8202      -0.820488    0.000694965
             18       -0.82288      -0.820621     0.00066894
             19      -0.820208      -0.820599    0.000634086
             20      -0.820632      -0.820601    0.000602384
