2.08235
2.02247
1.92275
1.78602
1.61744
1.42555
1.22276
1.02513
0.850444
0.714541
0.627497
0.591114
0.599118
0.639761
0.699234
0.764588
0.825514
0.875002
0.909251
0.927193
0.929874
0.919883
0.900779
0.876566
0.851309
0.828693
0.811897
0.803597
0.805938
0.820433
0.847713
0.887174
0.936645
0.992417
1.04975
1.10371
1.15003
1.18569
1.20919
1.22063
1.22163
1.21488
1.20355
1.19078
1.17894
1.16928
1.16193
1.15617
1.15094
1.14526
1.13846
1.13015
1.12016
1.10862
1.09591
1.08268
1.07004
1.05944
1.05257
1.05086
1.05511
1.06496
1.07886
1.09461
1.11014
1.1242
1.13653
1.14748
1.1574
1.16609
1.17298
1.1773
1.17863
1.17695
1.17271
1.16643
1.15863
1.14942
1.1386
1.12604
1.11226
1.09857
1.08689
1.07912
1.07594
1.07627
1.07764
1.07712
1.07231
1.06191
1.04594
1.02574
1.00372
0.982839
0.965872
0.954871
0.95094
0.95422
0.964086
0.979356
0.998263
1.0185
1.03723
1.05151
1.05878
1.0574
1.04707
1.02894
1.00549
0.980197
0.957084
0.94025
0.933191
0.938122
0.95579
0.985229
1.02408
1.06892
1.11587
1.16099
1.20075
1.23251
1.25463
1.2667
1.26949
1.26469
1.25463
1.24191
1.22872
1.2162
1.20417
1.19143
1.17669
1.15938
1.14015
1.12043
1.10151
1.08397
1.06777
1.05283
1.03918
1.02695
1.01615
1.00675
0.998741
0.992628
0.989349
0.990114
0.995824
1.00666
1.02192
1.04031
1.06038
1.08086
1.10081
1.11932
1.13545
1.14781
1.15463
1.15412
1.14507
1.12782
1.10468
1.07973
1.05766
1.04186
1.0329
1.02876
1.02668
1.02518
1.02466
1.02662
1.03252
1.04272
1.05632
1.07159
1.08689
1.10093
1.11291
1.12215
1.12815
1.13079
1.13044
1.12802
1.12504
1.12306
1.12334
1.12625
1.13125
1.13698
1.14181
1.14448
1.14433
1.14153
1.13669
1.13028
1.12269
1.11434
1.10593
1.09831
1.09234
1.08847
1.08681
1.08702
1.08837
1.08984
1.09061
1.0902
1.08866
1.08643
1.08421
1.08297
1.08342
1.0858
1.08987
1.09488
1.0998
1.10382
1.10659
1.10824
1.1094
1.11064
1.11181
1.11191
1.10927
1.10247
1.09112
1.07606
1.05951
1.04437
1.03348
1.0287
1.03043
1.03751
1.04763
1.058
1.06589
1.06933
1.06728
1.05975
1.04762
1.03249
1.01657
1.0024
0.992836
0.9905
0.997172
1.01321
1.03722
1.06645
1.09746
1.12699
1.15254
1.1726
1.18641
1.19398
1.19576
1.19242
1.18477
1.1738
1.16048
1.14592
1.13105
1.11672
1.10331
1.09083
1.07915
1.0684
1.05943
1.05396
1.05403
1.06104
1.07466
1.09239
1.11021
1.1239
1.1305
1.12925
1.12168
1.11108
1.10118
1.09477
1.093
1.09504
1.09885
1.10212
1.10315
1.10138
1.09743
1.09256
1.08798
1.08418
1.08082
1.07714
1.0726
1.06746
1.0629
1.06072
1.0625
1.06868
1.07792
1.08762
1.09508
1.0983
1.09642
1.0897
1.07926
1.06654
1.05289
1.03935
1.02668
1.01553
1.00656
1.0005
0.998066
0.999961
1.00659
1.01778
1.03285
1.05079
1.07045
1.09068
1.11006
1.12701
1.13966
1.1463
1.14599
1.13912
1.12772
1.11469
1.10281
1.09397
1.08881
1.08722
1.08873
1.09273
1.09858
1.10565
1.11326
1.12058
1.12669
1.13042
1.13051
1.12573
1.11556
1.10038
1.08171
1.06198
1.04395
1.03001
1.02167
1.01925
1.02193
1.02801
1.03535
1.04196
1.04667
1.04949
1.05113
1.05243
1.05385
1.05545
1.05738
1.06025
1.06509
1.07273
1.08335
1.09613
1.1093
1.12076
1.12881
1.13246
1.1315
1.1262
1.11711
1.10511
1.09195
1.08057
1.07427
1.07479
1.08127
1.09105
1.10147
1.11104
1.11941
1.12697
1.13431
1.14198
1.14993
1.15735
1.16293
1.16524
1.16331
1.15675
1.14535
1.1291
1.10835
1.08417
1.05865
1.03469
1.01535
1.00304
0.998906
1.00293
1.0143
1.03147
1.05254
1.07506
1.09612
1.1129
1.12356
1.12779
1.12679
1.12235
1.11582
1.10771
1.09814
1.08748
1.07649
1.06616
1.0575
1.05132
1.0482
1.04855
1.05242
1.0593
1.06811
1.07735
1.08541
1.09095
1.09331
1.09245
1.08893
1.08378
1.07805
1.07231
1.06684
1.06153
1.05629
1.05119
1.04654
1.04279
1.04034
1.03949
1.04027
1.04258
1.0463
1.0513
1.05753
1.06504
1.07392
1.08417
1.09555
1.10723
1.1178
1.12541
1.12816
1.12446
1.11353
1.09582
1.07304
1.04821
1.02508
1.00752
0.998733
1.00062
1.01323
1.03476
1.06218
1.09187
1.12068
1.14654
1.16869
1.18728
1.2026
1.21454
1.22252
1.22566
1.22343
1.21589
1.20354
1.18717
1.16778
1.14636
1.12393
1.1014
1.07971
1.05967
1.04194
1.02733
1.01692
1.0123
1.01516
1.02623
1.0443
1.06585
1.08609
1.10044
1.106
1.10206
1.08989
1.07211
1.05208
1.03333
1.01901
1.01165
1.01292
1.0232
1.04128
1.06429
1.08823
1.10875
1.12204
1.12578
1.11974
1.10642
1.09062
1.07786
1.0717
1.0722
1.07721
1.08456
1.09293
1.10173
1.11039
1.11813
1.12412
1.12788
1.12895
1.12672
1.12032
1.1092
1.09416
1.07767
1.06369
1.0561
1.05731
1.06736
1.08391
1.10309
1.12087
1.13377
1.13953
1.13715
1.12681
1.10993
1.08914
1.06809
1.05091
1.04124
1.04108
1.05
1.06546
1.08406
1.10265
1.11904
1.13206
1.14144
1.14758
1.15134
1.15366
1.15521
1.15601
1.15559
1.15329
1.14854
1.14108
1.13081
1.11768
1.10155
1.08246
1.06119
1.03977
1.02145
1.00986
1.00743
1.01411
1.02737
1.04313
1.0572
1.06613
1.06774
1.06124
1.04747
1.02902
1.00998
0.995004
0.987913
0.990712
1.00327
1.02398
1.05073
1.08136
1.11373
1.14559
1.1745
1.19799
1.21404
1.22141
1.21995
1.2108
1.19598
1.17792
1.15892
1.1408
1.12468
1.11105
1.09946
1.08881
1.07762
1.06446
1.04873
1.0309
1.01263
0.996295
0.984348
0.978541
0.97958
0.987216
1.00059
1.01888
1.04123
1.0666
1.09339
1.11912
1.14081
1.15548
1.16082
1.1557
1.14048
1.11708
1.08854
1.05848
1.03057
1.00797
0.993007
0.986925
0.989826
1.00089
1.01844
1.04059
1.06557
1.09182
1.11803
1.14303
1.16549
1.18402
1.19745
1.20507
1.20694
1.2039
1.19741
1.1891
1.18048
1.17253
1.16518
1.15723
1.14683
1.13206
1.11159
1.08523
1.05415
1.0209
0.989184
0.963129
0.946249
0.940358
0.945085
0.958272
0.97694
0.998237
1.01995
1.04086
1.06068
1.07983
1.09888
1.11802
1.13649
1.15268
1.16461
1.17066
1.17027
1.16408
1.1537
1.14132
1.12898
1.11825
1.11032
1.10603
1.10589
1.11018
1.11866
1.13012
1.14221
1.15187
1.15625
1.15364
1.14366
1.12736
1.10708
1.08584
1.06684
1.05259
1.04458
1.04311
1.04741
1.05592
1.06666
1.07751
1.08664
1.09258
1.09428
1.09114
1.08294
1.07006
1.05367
1.03609
1.02076
1.01111
1.00912
1.01471
1.02643
1.0422
1.05975
1.07671
1.09104
1.10142
1.10732
1.10893
1.10691
1.10218
1.09591
1.08921
1.08301
1.07814
1.07538
1.07544
1.07861
1.0846
1.09235
1.10018
1.10626
1.10917
1.10828
1.10391
1.09722
1.08991
1.08386
1.08055
1.08097
1.08526
1.0927
1.10183
1.11063
1.11694
1.11911
1.11631
1.10869
1.09722
1.08325
1.06839
1.05466
1.04458
1.041
1.0463
1.06157
1.086
1.11696
1.15045
1.18203
1.20769
1.22404
1.22867
1.22013
1.19832
1.16474
1.12248
1.07578
1.02948
0.988051
0.955365
0.934578
0.927681
0.934973
0.954703
0.983412
1.01682
1.05057
1.08079
1.10454
1.12002
1.1267
1.12533
1.11761
1.10598
1.09347
1.0832
1.07784
1.07875
1.0857
1.09727
1.11164
1.12739
1.14348
1.15943
1.17488
1.18936
1.20203
1.21153
1.21631
1.21493
1.20655
1.19125
1.17003
1.14453
1.11687
1.0893
1.06399
1.04265
1.0259
1.01331
1.00404
0.997734
0.995081
0.99751
1.00635
1.02177
1.04219
1.06454
1.08504
1.10033
1.10839
1.10901
1.10329
1.09304
1.08004
1.06565
1.05071
1.03598
1.02228
1.01069
1.00252
0.999143
1.00157
1.01
1.02373
1.04125
1.06047
1.07931
1.09631
1.11081
1.12297
1.13316
1.14156
1.14792
1.15167
1.15239
1.15012
1.14551
1.13986
1.13454
1.13043
1.12745
1.12444
1.1195
1.11084
1.09755
1.08004
1.06014
1.04072
1.02483
1.01481
1.01167
1.01526
1.02478
1.03946
1.05859
1.08148
1.10712
1.13379
1.15899
1.17966
1.19291
1.19671
1.19079
1.17695
1.15865
1.1399
1.12398
1.11254
1.10592
1.10382
1.1059
1.11192
1.12149
1.13342
1.14542
1.15475
1.15897
1.15649
1.1469
1.13058
1.10841
1.08203
1.05386
1.02711
1.00507
0.990361
0.984287
0.986756
0.996685
1.01243
1.03214
1.05393
1.07587
1.09616
1.11308
1.12493
1.13005
1.12735
1.11696
1.10031
1.07996
1.05911
1.04089
1.02762
1.0207
1.02084
1.02806
1.04175
1.06049
1.08209
1.10389
1.12341
1.13876
1.14902
1.15445
1.1562
1.15558
1.15348
1.15017
1.14568
1.14008
1.13371
1.12689
1.11983
1.11229
1.10399
1.09472
1.08467
1.07453
1.06524
1.05777
1.05278
1.05044
1.05029
1.05129
1.05195
1.0507
1.04648
1.03909
1.02948
1.0194
1.01081
1.00507
1.00258
1.00285
1.00517
1.00907
1.01442
1.02129
1.02953
1.03859
1.04758
1.05552
1.06175
1.06639
1.07054
1.07603
1.0845
1.09688
1.11287
1.131
1.14916
1.16501
1.17658
1.18234
1.18135
1.17333
1.15878
1.13905
1.11654
1.09444
1.0763
1.06529
1.06344
1.07123
1.08728
1.10847
1.13054
2.08899
2.04892
1.98533
1.90661
1.82224
1.74101
1.66939
1.61091
1.56639
1.5351
1.51553
1.50549
1.50179
1.50035
1.4969
1.48852
1.47529
1.46096
1.45173
1.45254
1.46372
1.48074
1.49765
1.51118
1.52191
1.5317
1.54037
1.54453
1.54046
1.52807
1.51236
1.50111
1.5012
1.51592
1.54438
1.5824
1.62421
1.66363
1.69538
1.71576
1.72318
1.71847
1.70463
1.68665
1.66971
1.65762
1.65152
1.65041
1.65223
1.65452
1.6545
1.64944
1.63746
1.61905
1.5975
1.57796
1.56498
1.56014
1.56118
1.56343
1.56226
1.55512
1.54237
1.52689
1.51289
1.50465
1.50562
1.5171
1.53792
1.56498
1.59473
1.62431
1.65193
1.67667
1.6977
1.71392
1.72381
1.72568
1.7177
1.69834
1.66708
1.6258
1.58
1.53812
1.50843
1.4957
1.49972
1.51623
1.53917
1.56314
1.5846
1.60168
1.61308
1.61772
1.61542
1.60755
1.59683
1.58579
1.57529
1.56426
1.55151
1.53712
1.52284
1.5117
1.50686
1.51032
1.52183
1.53924
1.55961
1.58049
1.60036
1.61872
1.63594
1.65314
1.67189
1.69377
1.71943
1.74808
1.77739
1.80401
1.82423
1.83434
1.83132
1.81336
1.78042
1.73434
1.67852
1.61791
1.55883
1.50871
1.47506
1.46342
1.47463
1.50333
1.53967
1.57345
1.59742
1.60887
1.60906
1.60134
1.58924
1.57515
1.56027
1.5451
1.53024
1.51718
1.50805
1.50452
1.50688
1.51401
1.52398
1.535
1.54582
1.55577
1.56492
1.57395
1.58395
1.59561
1.60911
1.62421
1.64044
1.65682
1.6721
1.68559
1.69813
1.71146
1.72621
1.74047
1.75013
1.75086
1.73994
1.71672
1.68259
1.64089
1.59706
1.55835
1.53233
1.52413
1.5344
1.55955
1.59375
1.63077
1.66512
1.69287
1.71169
1.72008
1.71669
1.70072
1.67334
1.63827
1.60071
1.56498
1.53325
1.50629
1.48455
1.46875
1.46003
1.45949
1.4677
1.48408
1.50703
1.53404
1.56219
1.58874
1.61167
1.62991
1.64328
1.65219
1.65696
1.65747
1.65296
1.64237
1.62499
1.60138
1.57398
1.54715
1.52634
1.51649
1.51955
1.53306
1.55125
1.56811
1.58013
1.58783
1.59431
1.60267
1.61376
1.62628
1.63832
1.64876
1.65759
1.66521
1.67169
1.67646
1.67824
1.67523
1.66541
1.64721
1.62101
1.58998
1.56128
1.54455
1.54739
1.56942
1.60217
1.63503
1.66068
1.6758
1.67984
1.67401
1.66125
1.64603
1.63257
1.62347
1.61872
1.61635
1.61355
1.60812
1.59938
1.58844
1.57754
1.5687
1.56274
1.55908
1.55624
1.55233
1.5457
1.53554
1.52233
1.50811
1.49558
1.48767
1.48721
1.49658
1.51691
1.54696
1.58268
1.61836
1.64849
1.6689
1.67739
1.6741
1.66141
1.64341
1.62557
1.61377
1.61303
1.62629
1.65311
1.68918
1.72747
1.76037
1.78187
1.78859
1.77993
1.75769
1.72548
1.6877
1.64834
1.61059
1.57678
1.54901
1.52902
1.51716
1.51171
1.50946
1.50759
1.50529
1.50381
1.50542
1.51186
1.52318
1.53704
1.54977
1.55806
1.56058
1.55846
1.55434
1.55064
1.54806
1.54549
1.54168
1.53714
1.53504
1.5407
1.55902
1.59156
1.63536
1.6844
1.73206
1.77318
1.80442
1.82379
1.82976
1.82107
1.7974
1.76023
1.71323
1.66148
1.60963
1.56145
1.51977
1.4876
1.46856
1.46581
1.48004
1.50875
1.54692
1.58893
1.62937
1.66345
1.68729
1.6985
1.69665
1.68307
1.66034
1.63132
1.59894
1.56642
1.5374
1.51595
1.50597
1.50992
1.528
1.55785
1.59511
1.63431
1.6697
1.69605
1.70945
1.70815
1.69284
1.66689
1.63569
1.60509
1.5795
1.56109
1.5502
1.54595
1.54669
1.55024
1.55475
1.55921
1.56358
1.56805
1.57247
1.5765
1.57971
1.58132
1.58032
1.57636
1.57021
1.56386
1.5598
1.56017
1.56581
1.57596
1.58832
1.59982
1.60782
1.61098
1.60978
1.60591
1.6014
1.59809
1.59717
1.59949
1.60565
1.61553
1.6281
1.64139
1.65288
1.66035
1.66283
1.66139
1.65934
1.66073
1.66764
1.67836
1.68825
1.69216
1.6865
1.67037
1.64535
1.61491
1.58333
1.55483
1.53254
1.51772
1.50942
1.5048
1.50046
1.49365
1.48342
1.47064
1.45747
1.44656
1.44006
1.43888
1.44261
1.45071
1.46391
1.48486
1.51688
1.56098
1.6134
1.66624
1.71046
1.73931
1.75002
1.74382
1.72488
1.69878
1.67082
1.64488
1.62324
1.60734
1.59819
1.5961
1.59997
1.60726
1.61496
1.62077
1.62351
1.62317
1.62049
1.61602
1.6097
1.60116
1.59094
1.5813
1.57483
1.57209
1.5706
1.56622
1.55545
1.53687
1.51173
1.48372
1.45855
1.44291
1.44257
1.46022
1.49425
1.5391
1.58684
1.62946
1.66119
1.67965
1.68604
1.68432
1.67895
1.67309
1.6678
1.6625
1.65593
1.64697
1.6353
1.62144
1.60644
1.59169
1.57896
1.57054
1.56924
1.57731
1.59468
1.6178
1.64071
1.65788
1.66675
1.66859
1.66766
1.66857
1.67314
1.67882
1.67982
1.67068
1.64933
1.61812
1.58254
1.54873
1.52112
1.50087
1.4867
1.47695
1.47141
1.47143
1.4785
1.49305
1.51409
1.53935
1.56564
1.58915
1.60657
1.61628
1.61961
1.62068
1.62459
1.63494
1.65218
1.67387
1.69676
1.71816
1.73661
1.75195
1.76467
1.77526
1.78342
1.78755
1.78512
1.7736
1.75138
1.71844
1.67617
1.6271
1.57471
1.52345
1.47835
1.44412
1.42413
1.41966
1.42985
1.45225
1.48346
1.5195
1.5563
1.58987
1.61673
1.63404
1.63982
1.63313
1.61414
1.58476
1.54908
1.51316
1.48286
1.46165
1.44993
1.4465
1.45068
1.46303
1.48391
1.51174
1.54284
1.57334
1.60173
1.62864
1.65491
1.67995
1.70229
1.72055
1.73358
1.74011
1.73858
1.72762
1.70703
1.67891
1.6481
1.62145
1.60568
1.6043
1.61546
1.63266
1.64776
1.65429
1.64979
1.63592
1.61735
1.59942
1.58603
1.57867
1.57623
1.57622
1.57538
1.57072
1.56105
1.5489
1.5418
1.55071
1.58314
1.63602
1.69732
1.75417
1.79832
1.82594
1.83581
1.82808
1.80437
1.76786
1.72336
1.67666
1.63334
1.59771
1.57145
1.55364
1.54134
1.53115
1.52132
1.51304
1.50974
1.5142
1.52598
1.54113
1.55401
1.56023
1.55838
1.55049
1.54112
1.53474
1.53314
1.53523
1.53928
1.54487
1.55288
1.56433
1.57906
1.59558
1.61165
1.62522
1.63512
1.64111
1.64335
1.64155
1.63401
1.61767
1.58992
1.55236
1.51497
1.49384
1.49831
1.52122
1.54796
1.56941
1.58382
1.59259
1.59756
1.60055
1.60385
1.61022
1.62198
1.6395
1.66076
1.68259
1.70232
1.71859
1.73073
1.73748
1.73674
1.72624
1.70482
1.67324
1.63407
1.59079
1.54723
1.50781
1.47828
1.46476
1.46967
1.48874
1.51331
1.53575
1.55195
1.56008
1.55923
1.5491
1.53107
1.50936
1.49028
1.47973
1.48039
1.49099
1.50834
1.53002
1.55625
1.58987
1.63373
1.68711
1.74408
1.79552
1.83272
1.85012
1.84642
1.82455
1.79083
1.75347
1.72033
1.69675
1.68404
1.67959
1.67822
1.67399
1.66224
1.64115
1.61222
1.57951
1.54778
1.52062
1.49951
1.48449
1.47473
1.46947
1.46846
1.47198
1.48095
1.49616
1.51751
1.54296
1.5688
1.59129
1.60813
1.61918
1.62602
1.63144
1.63887
1.65153
1.67154
1.6992
1.73279
1.76915
1.80425
1.83335
1.85133
1.85333
1.83589
1.79805
1.74195
1.67277
1.59805
1.52645
1.46628
1.42385
1.40234
1.4015
1.41812
1.44692
1.48124
1.51404
1.53883
1.55109
1.54901
1.53403
1.51067
1.48606
1.46895
1.46716
1.48458
1.51912
1.56426
1.6123
1.65718
1.69518
1.72421
1.74316
1.75161
1.74996
1.7397
1.72332
1.70384
1.6843
1.66717
1.65372
1.64364
1.63513
1.62567
1.6132
1.5972
1.57901
1.56102
1.54567
1.53457
1.52915
1.53103
1.5411
1.55784
1.57684
1.59249
1.59992
1.59617
1.58046
1.55456
1.5223
1.48899
1.46032
1.4411
1.43451
1.4421
1.46366
1.49694
1.53769
1.58035
1.61915
1.64999
1.67171
1.6859
1.69518
1.70148
1.7055
1.70719
1.70581
1.69992
1.68762
1.66748
1.63973
1.60734
1.57631
1.55431
1.54777
1.5585
1.58239
1.61136
1.63706
1.65401
1.66072
1.65881
1.65107
1.63974
1.62594
1.60992
1.59197
1.57327
1.5559
1.54211
1.53284
1.52753
1.52471
1.52319
1.52232
1.52172
1.52081
1.51875
1.515
1.51014
1.50652
1.50802
1.51869
1.54137
1.57673
1.62295
1.67546
1.72802
1.77374
1.8061
1.81954
1.81063
1.7789
1.72773
1.66474
1.60092
1.54807
1.51586
1.50948
1.52807
1.56456
1.60836
1.64937
1.68118
1.70192
1.71306
1.71729
1.71658
1.71159
1.70205
1.6877
1.66857
1.64505
1.61817
1.58903
1.55811
1.52668
1.49856
1.47971
1.47507
1.4859
1.51013
1.54379
1.58244
1.62147
1.65646
1.68417
1.70336
1.71461
1.71918
1.71794
1.71074
1.6967
1.67518
1.64685
1.61453
1.58274
1.55669
1.54065
1.53648
1.54282
1.55573
1.57073
1.5848
1.59666
1.60574
1.6111
1.6111
1.60396
1.58841
1.56426
1.5328
1.49686
1.4609
1.43078
1.41285
1.41211
1.43004
1.46364
1.5062
1.54924
1.58509
1.61
1.62615
1.64009
1.65689
1.67615
1.69431
1.70863
1.71808
1.72231
1.72077
1.71339
1.70089
1.68475
1.66719
1.65096
1.63834
1.63033
1.62673
1.62642
1.62837
1.63178
1.63524
1.63636
1.63226
1.62096
1.6031
1.58207
1.56298
1.55025
1.54535
1.54603
1.54769
1.54639
1.54179
1.53819
1.54282
1.56172
1.59575
1.64029
1.68794
1.73215
1.76877
1.79572
1.81164
1.8154
1.80589
2.84778
2.84006
2.82631
2.80557
2.7764
2.73684
2.68444
2.61647
2.53039
2.42447
2.29877
2.15638
2.00429
1.85326
1.71585
1.60333
1.52267
1.47536
1.4581
1.46463
1.4875
1.51934
1.55378
1.58584
1.61229
1.63164
1.64404
1.65097
1.65455
1.65679
1.65885
1.66068
1.66117
1.65845
1.65041
1.6354
1.61303
1.58476
1.5538
1.5241
1.49891
1.47977
1.46665
1.45895
1.45637
1.45918
1.46762
1.48117
1.49831
1.51665
1.53347
1.54637
1.5536
1.55428
1.54859
1.53793
1.52483
1.51235
1.50291
1.49757
1.49609
1.49781
1.50212
1.50857
1.51651
1.52478
1.53183
1.53621
1.53729
1.53574
1.53354
1.53318
1.53649
1.54388
1.55425
1.56555
1.57559
1.58292
1.58739
1.58992
1.59181
1.59359
1.59466
1.59379
1.59044
1.58542
1.58042
1.57692
1.57568
1.57678
1.57988
1.58439
1.58955
1.59431
1.59754
1.59824
1.5957
1.5895
1.5796
1.56615
1.54948
1.52999
1.50811
1.4845
1.46052
1.43843
1.42112
1.41122
1.41045
1.41943
1.43755
1.46259
1.49081
1.518
1.54074
1.5569
1.56569
1.56742
1.56323
1.55503
1.54512
1.53569
1.52801
1.52208
1.51692
1.51168
1.50664
1.50331
1.50356
1.50871
1.51905
1.53401
1.55259
1.57352
1.5952
1.61574
1.63311
1.64555
1.65221
1.65368
1.65208
1.65027
1.65032
1.65216
1.65378
1.6527
1.64752
1.63869
1.62867
1.62089
1.61783
1.61961
1.62409
1.62814
1.62896
1.62471
1.61464
1.59899
1.5791
1.55796
1.54058
1.53265
1.53675
1.54954
1.56395
1.57436
1.57947
1.58166
1.58452
1.59043
1.59976
1.61148
1.62409
1.63633
1.64768
1.65857
1.66963
1.68011
1.68734
1.6879
1.67959
1.66267
1.64032
1.61815
1.60242
1.59705
1.60177
1.61284
1.62571
1.63722
1.64616
1.65237
1.65579
1.65574
1.65103
1.64045
1.62359
1.60125
1.57515
1.54721
1.51888
1.49129
1.46617
1.44609
1.43354
1.42962
1.43395
1.44572
1.46444
1.48984
1.52123
1.557
1.59471
1.63137
1.66413
1.69058
1.70917
1.71933
1.72148
1.71676
1.7067
1.69286
1.67657
1.65888
1.64072
1.62306
1.60698
1.59365
1.58417
1.57946
1.58018
1.58663
1.59855
1.61489
1.63387
1.65321
1.67052
1.68372
1.69144
1.6933
1.6897
1.68164
1.67057
1.65835
1.64744
1.64084
1.64102
1.64861
1.66193
1.67824
1.69499
1.71014
1.72178
1.72796
1.727
1.71839
1.70341
1.68487
1.66562
1.64713
1.62928
1.61134
1.59312
1.57516
1.55844
1.54393
1.53235
1.52426
1.52002
1.5196
1.52227
1.52651
1.53027
1.53134
1.52795
1.51927
1.50579
1.48939
1.47329
1.46165
1.45861
1.46701
1.48719
1.51652
1.54995
1.58147
1.60576
1.6194
1.6213
1.61268
1.59675
1.57827
1.56262
1.55423
1.55506
1.56407
1.57807
1.59354
1.60781
1.61926
1.62687
1.62978
1.62733
1.61952
1.6074
1.59298
1.57827
1.5644
1.55131
1.53892
1.52862
1.52364
1.5277
1.54239
1.56568
1.59253
1.61707
1.63456
1.64228
1.63963
1.62798
1.61041
1.5912
1.57503
1.56564
1.5646
1.57073
1.58075
1.59051
1.59612
1.59474
1.58494
1.56709
1.54341
1.51749
1.49329
1.47418
1.46236
1.45877
1.4634
1.47544
1.49338
1.51485
1.53674
1.55554
1.56807
1.5722
1.56771
1.55674
1.54378
1.5342
1.53196
1.53751
1.54776
1.55836
1.56615
1.57049
1.57282
1.57548
1.58031
1.5879
1.5975
1.60755
1.6165
1.62339
1.62796
1.63044
1.63123
1.63069
1.62926
1.6276
1.62661
1.62711
1.62937
1.63294
1.63684
1.63997
1.64148
1.64108
1.63899
1.63579
1.63211
1.62849
1.62539
1.62302
1.62131
1.61979
1.61766
1.61419
1.60897
1.60222
1.59476
1.58787
1.58285
1.58038
1.58008
1.5805
1.57995
1.57784
1.57545
1.57526
1.57912
1.5868
1.5965
1.60611
1.61414
1.61982
1.62303
1.62437
1.62506
1.62673
1.63081
1.63799
1.6479
1.65928
1.67047
1.67979
1.68576
1.68724
1.6835
1.67445
1.66063
1.64333
1.62444
1.6062
1.59068
1.57956
1.57374
1.57324
1.57717
1.5839
1.5914
1.59783
1.60195
1.60341
1.60272
1.6011
1.60008
1.60098
1.60428
1.60918
1.61348
1.61411
1.60809
1.59398
1.57307
1.54981
1.53052
1.52067
1.52243
1.53456
1.55427
1.579
1.60702
1.63703
1.66776
1.69768
1.72506
1.74829
1.76615
1.77783
1.7829
1.78107
1.77206
1.75585
1.73282
1.70406
1.67154
1.63801
1.60678
1.58092
1.56235
1.55106
1.54578
1.54542
1.54997
1.56041
1.57744
1.60025
1.62576
1.64903
1.66476
1.6693
1.66256
1.64902
1.63651
1.63207
1.63836
1.65336
1.67245
1.69036
1.70247
1.70586
1.69978
1.68542
1.66539
1.6431
1.62223
1.60613
1.59704
1.5956
1.60065
1.60966
1.61962
1.62775
1.63215
1.63195
1.62685
1.61645
1.60036
1.57911
1.55523
1.53338
1.51908
1.51658
1.52721
1.54941
1.57984
1.61441
1.64904
1.6805
1.70712
1.72887
1.74679
1.76207
1.77526
1.78577
1.79207
1.79236
1.78516
1.76988
1.74701
1.71798
1.68481
1.64968
1.61485
1.58252
1.55487
1.53379
1.52038
1.51444
1.51452
1.51853
1.52468
1.53206
1.54075
1.55156
1.56513
1.58093
1.5968
1.60955
1.61612
1.61469
1.60505
1.58865
1.56826
1.54723
1.52831
1.51245
1.49899
1.48669
1.4751
1.46516
1.45926
1.46049
1.47105
1.49084
1.51732
1.54664
1.57509
1.59969
1.61815
1.62874
1.63064
1.62449
1.61252
1.59807
1.58463
1.57467
1.56886
1.56604
1.56393
1.56026
1.55355
1.54343
1.53023
1.51445
1.49652
1.47721
1.45834
1.44325
1.43609
1.43992
1.45451
1.47611
1.49958
1.52099
1.53883
1.5537
1.56721
1.5807
1.59445
1.60766
1.61897
1.6272
1.63178
1.63287
1.63115
1.62748
1.62259
1.61688
1.61023
1.6021
1.59202
1.58008
1.56737
1.55599
1.54846
1.5469
1.55225
1.56373
1.57895
1.59442
1.60616
1.61038
1.60423
1.58644
1.55816
1.52345
1.48851
1.45945
1.4397
1.42918
1.42567
1.42699
1.43209
1.4411
1.45462
1.47299
1.49572
1.52143
1.54821
1.57413
1.59757
1.61705
1.6308
1.63662
1.63255
1.61813
1.59519
1.56812
1.54298
1.52582
1.52078
1.52911
1.54937
1.57823
1.61127
1.6437
1.67095
1.68945
1.69727
1.69444
1.68265
1.6648
1.64456
1.62603
1.61315
1.6084
1.61174
1.62039
1.63029
1.63807
1.6426
1.64515
1.64814
1.65293
1.6584
1.66124
1.65777
1.64575
1.62528
1.59873
1.57033
1.54506
1.52762
1.52103
1.52582
1.54002
1.56009
1.58199
1.60188
1.61661
1.62399
1.62311
1.61458
1.60054
1.58441
1.5702
1.56158
1.56099
1.56904
1.5846
1.60534
1.62833
1.65064
1.66957
1.68291
1.68896
1.68675
1.67611
1.65779
1.6332
1.60409
1.5724
1.54028
1.51035
1.48542
1.46797
1.45911
1.4579
1.46177
1.46762
1.47321
1.47788
1.48243
1.48858
1.49778
1.50977
1.52223
1.53222
1.53873
1.54383
1.55166
1.56569
1.58633
1.61048
1.63302
1.64888
1.65435
1.64765
1.62921
1.60183
1.57066
1.54263
1.52462
1.52118
1.53295
1.5568
1.58749
1.61965
1.64915
1.67358
1.69228
1.70598
1.71602
1.72352
1.72866
1.73063
1.72803
1.71943
1.70367
1.67993
1.64786
1.60809
1.5627
1.51548
1.47151
1.43594
1.41235
1.40127
1.40032
1.40563
1.41365
1.42223
1.43088
1.44048
1.45276
1.46969
1.49273
1.52205
1.55604
1.59166
1.62541
1.65426
1.67613
1.68993
1.69532
1.69245
1.68185
1.66444
1.64191
1.61689
1.59247
1.57101
1.55321
1.53815
1.52433
1.51095
1.4985
1.4886
1.48283
1.48184
1.48497
1.49067
1.49724
1.50319
1.50729
1.50872
1.50781
1.5066
1.50878
1.518
1.53551
1.55889
1.58355
1.6055
1.62289
1.63583
1.6452
1.65192
1.6565
1.65927
1.66054
1.66078
1.66064
1.66099
1.66253
1.66551
1.66945
1.6734
1.67629
1.67726
1.67598
1.67286
1.66902
1.66598
1.66497
1.66635
1.66966
1.67403
1.6784
1.6816
1.68236
1.67942
1.6718
1.65931
1.64273
1.62377
1.60439
1.58578
1.56775
1.54934
1.53049
1.51392
1.50497
1.50828
1.52358
1.54556
1.56817
1.58814
1.60494
1.61896
1.63018
1.63802
1.64181
1.64119
1.63615
1.6267
1.61287
1.59481
1.57318
1.54974
1.52774
1.51147
1.50469
1.50833
1.51954
1.53284
1.54265
1.54521
1.53926
1.52598
1.50842
1.49049
1.47563
1.46578
1.46165
1.46388
1.47378
1.49262
1.52048
1.55556
1.59441
1.63289
1.66702
1.69397
1.71243
1.72256
1.72532
1.72147
1.71104
1.69369
1.66948
1.63968
1.6068
1.57406
1.54444
