1.38823
1.34832
1.28183
1.19068
1.0783
0.950365
0.81517
0.683422
0.566963
0.476361
0.418331
0.394076
0.399412
0.426507
0.466156
0.509725
0.550343
0.583335
0.606167
0.618129
0.619916
0.613255
0.600519
0.584377
0.567539
0.552462
0.541265
0.535731
0.537292
0.546956
0.565142
0.591449
0.62443
0.661611
0.699835
0.735805
0.766688
0.790459
0.806124
0.813751
0.814418
0.809919
0.802364
0.793852
0.785957
0.77952
0.774618
0.770781
0.76729
0.763509
0.758975
0.753431
0.746776
0.739081
0.730606
0.721787
0.713358
0.706295
0.701715
0.700572
0.70341
0.709976
0.719241
0.729741
0.74009
0.749464
0.757688
0.764987
0.771597
0.777394
0.781987
0.784867
0.785752
0.784635
0.781805
0.777623
0.772421
0.76628
0.759067
0.750696
0.741508
0.732379
0.724593
0.719411
0.717294
0.717514
0.718429
0.718081
0.714871
0.707937
0.697293
0.68383
0.66915
0.655226
0.643915
0.63658
0.63396
0.636147
0.642724
0.652904
0.665509
0.679003
0.691489
0.701005
0.705853
0.704935
0.698048
0.68596
0.670323
0.653465
0.638056
0.626833
0.622127
0.625415
0.637194
0.656819
0.682717
0.712615
0.743915
0.773991
0.800502
0.821673
0.836422
0.84447
0.846325
0.843124
0.836417
0.827943
0.819147
0.810797
0.802779
0.79429
0.784457
0.772919
0.760102
0.746951
0.734341
0.722645
0.711848
0.701885
0.692788
0.684634
0.677431
0.671164
0.665828
0.661752
0.659566
0.660076
0.663883
0.671108
0.681281
0.693542
0.706919
0.720577
0.733873
0.746216
0.756967
0.765208
0.769756
0.769412
0.763383
0.751879
0.736455
0.719823
0.705108
0.69457
0.688601
0.685838
0.684452
0.683454
0.683106
0.684415
0.688347
0.69515
0.704212
0.714394
0.724593
0.733957
0.741938
0.748097
0.752102
0.753858
0.753625
0.752015
0.750024
0.748709
0.748892
0.750833
0.754168
0.757984
0.761208
0.762984
0.762885
0.761018
0.75779
0.753523
0.748462
0.742895
0.737288
0.732208
0.728226
0.725647
0.72454
0.724682
0.725578
0.726563
0.727075
0.726799
0.725777
0.72429
0.722809
0.721981
0.722282
0.723865
0.726582
0.729917
0.733201
0.735883
0.737727
0.738829
0.739603
0.740427
0.741209
0.741275
0.739516
0.734981
0.727414
0.717377
0.706337
0.69625
0.68899
0.685801
0.68695
0.691673
0.69842
0.705335
0.710593
0.712887
0.711523
0.706499
0.69841
0.688328
0.677712
0.668266
0.661891
0.660333
0.664782
0.675473
0.691479
0.710967
0.731642
0.751326
0.768362
0.781733
0.790943
0.795987
0.797175
0.794947
0.789845
0.782532
0.773656
0.763946
0.754034
0.744482
0.735541
0.727218
0.71943
0.712265
0.706286
0.702642
0.702688
0.707363
0.716439
0.728263
0.74014
0.749264
0.753668
0.752831
0.74779
0.740719
0.73412
0.729847
0.728664
0.730027
0.732568
0.734748
0.735432
0.734252
0.731622
0.728374
0.725317
0.722784
0.720548
0.718094
0.715068
0.71164
0.708602
0.707148
0.708334
0.712454
0.71861
0.725078
0.730054
0.732202
0.730948
0.726469
0.719509
0.711025
0.701925
0.692901
0.684457
0.677017
0.671038
0.666999
0.665377
0.66664
0.67106
0.678522
0.688568
0.700527
0.713636
0.727118
0.74004
0.751338
0.759775
0.764201
0.76399
0.759414
0.751813
0.743124
0.735207
0.729316
0.725875
0.724813
0.72582
0.728484
0.732385
0.737099
0.742172
0.747056
0.751128
0.753616
0.753672
0.750489
0.743708
0.733586
0.721138
0.707986
0.695966
0.686671
0.681112
0.679499
0.681288
0.685339
0.690234
0.694638
0.697779
0.699658
0.70075
0.701621
0.70257
0.703636
0.704917
0.706832
0.710058
0.715152
0.722236
0.730755
0.739532
0.747175
0.752542
0.754977
0.75433
0.7508
0.744742
0.73674
0.727965
0.720382
0.716182
0.716525
0.720844
0.727365
0.734314
0.740695
0.746274
0.751313
0.756208
0.761319
0.76662
0.771568
0.775287
0.776826
0.775543
0.771169
0.763564
0.75273
0.738901
0.722782
0.705766
0.689794
0.676902
0.668696
0.665937
0.668622
0.676201
0.687646
0.701694
0.716707
0.730745
0.741936
0.749043
0.751863
0.751191
0.748235
0.74388
0.738475
0.732092
0.724989
0.717659
0.710774
0.705001
0.70088
0.698801
0.699034
0.701613
0.7062
0.712073
0.718234
0.72361
0.727301
0.728873
0.728299
0.725955
0.722522
0.718699
0.714875
0.711225
0.707687
0.704196
0.700791
0.697691
0.695195
0.693563
0.692991
0.693512
0.695052
0.697531
0.700864
0.70502
0.710025
0.715946
0.722783
0.73037
0.738155
0.745203
0.75027
0.752104
0.749638
0.742352
0.730549
0.715363
0.698806
0.683385
0.671677
0.665822
0.667083
0.675485
0.689842
0.708117
0.727914
0.747123
0.76436
0.779124
0.791519
0.801732
0.809693
0.815015
0.817109
0.815623
0.810596
0.802363
0.791447
0.778519
0.764238
0.749287
0.734268
0.719808
0.706446
0.694629
0.684884
0.677944
0.674865
0.676775
0.684152
0.696197
0.710568
0.724058
0.733625
0.737335
0.734705
0.726594
0.714739
0.701385
0.688886
0.679343
0.674433
0.675279
0.682131
0.694184
0.709524
0.725485
0.739166
0.748025
0.750519
0.746496
0.737613
0.727079
0.718572
0.714467
0.714798
0.718138
0.723038
0.728619
0.734487
0.740259
0.745421
0.749413
0.751921
0.752632
0.751147
0.746878
0.739467
0.729437
0.718446
0.709128
0.704063
0.704871
0.711574
0.722604
0.735396
0.74725
0.755848
0.75969
0.758099
0.751204
0.739953
0.726093
0.712062
0.700605
0.694157
0.694053
0.699999
0.710304
0.722707
0.735099
0.746027
0.754705
0.760962
0.765055
0.76756
0.76911
0.770138
0.770672
0.770394
0.768858
0.765696
0.760719
0.75387
0.745121
0.734364
0.721638
0.707458
0.693179
0.680965
0.673242
0.671619
0.676074
0.684913
0.695418
0.704799
0.710756
0.71183
0.707495
0.69831
0.686013
0.67332
0.663336
0.658609
0.660475
0.668848
0.682656
0.700486
0.720906
0.742486
0.763725
0.783
0.798661
0.809357
0.814271
0.813302
0.807199
0.797317
0.78528
0.772616
0.760536
0.749787
0.740697
0.732972
0.725876
0.718412
0.70964
0.69915
0.687268
0.675084
0.664196
0.656232
0.652361
0.653054
0.658144
0.667062
0.679253
0.694151
0.711067
0.72893
0.746079
0.760539
0.770318
0.773881
0.770467
0.760319
0.744719
0.725692
0.705653
0.687047
0.671978
0.662005
0.65795
0.659884
0.667257
0.678961
0.693728
0.710379
0.727877
0.745353
0.762021
0.776992
0.789349
0.7983
0.803378
0.804625
0.802601
0.798273
0.79273
0.786986
0.781689
0.776787
0.771488
0.764556
0.754706
0.741057
0.723484
0.702767
0.680601
0.659456
0.642086
0.630833
0.626905
0.630056
0.638848
0.651293
0.665491
0.67997
0.693904
0.707117
0.719887
0.732589
0.745344
0.757661
0.768455
0.776407
0.780439
0.780183
0.776053
0.76913
0.760882
0.752651
0.745501
0.740211
0.737351
0.73726
0.740119
0.745774
0.753411
0.761476
0.767913
0.77083
0.769093
0.762437
0.751576
0.738052
0.723893
0.711225
0.701724
0.696385
0.695406
0.69827
0.703944
0.711104
0.718337
0.724424
0.728386
0.72952
0.727426
0.721962
0.713372
0.702448
0.690728
0.680508
0.674076
0.672745
0.676475
0.684285
0.694801
0.706499
0.717809
0.727361
0.734278
0.738213
0.739284
0.737938
0.734788
0.73061
0.726143
0.722004
0.718761
0.716921
0.716959
0.719076
0.723067
0.728235
0.733454
0.737508
0.739444
0.738851
0.735942
0.731478
0.726609
0.72257
0.72037
0.720644
0.723504
0.728464
0.734552
0.740418
0.744626
0.746072
0.744204
0.739128
0.73148
0.722165
0.712263
0.703106
0.696385
0.693998
0.697536
0.707711
0.723999
0.74464
0.766965
0.788022
0.805126
0.816029
0.819111
0.813423
0.798883
0.776493
0.748317
0.717186
0.686319
0.658701
0.63691
0.623052
0.618454
0.623315
0.636469
0.655608
0.67788
0.700378
0.720528
0.736362
0.746682
0.751132
0.75022
0.74507
0.737321
0.728981
0.722135
0.71856
0.719165
0.7238
0.731516
0.741096
0.751592
0.762323
0.772953
0.78325
0.792908
0.801354
0.807688
0.810873
0.809957
0.804365
0.794169
0.78002
0.763019
0.744582
0.726197
0.709326
0.695101
0.683933
0.675539
0.669357
0.665156
0.663387
0.665007
0.670902
0.681179
0.694795
0.709695
0.723358
0.733551
0.73893
0.739339
0.735524
0.728694
0.720027
0.71043
0.700475
0.690652
0.681522
0.673796
0.668349
0.666095
0.667712
0.673334
0.68249
0.694169
0.706982
0.719542
0.730874
0.740542
0.748647
0.755441
0.761039
0.76528
0.767781
0.768258
0.766749
0.763673
0.759905
0.756358
0.75362
0.751633
0.749625
0.746332
0.740561
0.731702
0.720026
0.706761
0.693812
0.683223
0.676543
0.674445
0.676837
0.683185
0.692973
0.705724
0.720986
0.738079
0.755859
0.772659
0.78644
0.79527
0.797804
0.793863
0.784634
0.77243
0.759933
0.749319
0.741695
0.737279
0.735879
0.737266
0.741282
0.747662
0.755611
0.763614
0.769836
0.772644
0.770993
0.7646
0.753719
0.738943
0.721351
0.702574
0.68474
0.670044
0.660241
0.656192
0.657837
0.664457
0.674954
0.688092
0.702617
0.717248
0.730773
0.742053
0.749957
0.753363
0.751565
0.74464
0.733542
0.719974
0.706073
0.69393
0.685081
0.68047
0.680563
0.685372
0.6945
0.706993
0.721395
0.735926
0.748942
0.759172
0.766016
0.769636
0.770797
0.770388
0.768988
0.766781
0.763784
0.760053
0.755804
0.751261
0.746552
0.741526
0.735993
0.729811
0.723116
0.716353
0.710158
0.705177
0.701856
0.700296
0.700196
0.700862
0.701302
0.700468
0.69765
0.692725
0.686318
0.679601
0.67387
0.670045
0.668387
0.668565
0.670113
0.672711
0.676278
0.680861
0.68635
0.69239
0.698389
0.703683
0.707837
0.710924
0.713695
0.717351
0.723003
0.731253
0.741911
0.754002
0.766104
0.776677
0.784386
0.788224
0.787569
0.782217
0.772517
0.759366
0.744363
0.72963
0.717534
0.710191
0.708957
0.714156
0.724856
0.738979
0.753695
1.39266
1.36595
1.32355
1.27108
1.21482
1.16067
1.11293
1.07394
1.04426
1.0234
1.01035
1.00366
1.00119
1.00023
0.997931
0.992345
0.983528
0.973976
0.967817
0.968357
0.975817
0.987162
0.998432
1.00745
1.0146
1.02114
1.02691
1.02969
1.02697
1.01871
1.00824
1.00074
1.0008
1.01061
1.02958
1.05493
1.08281
1.10909
1.13025
1.14384
1.14878
1.14565
1.13642
1.12443
1.11314
1.10508
1.10101
1.10028
1.10149
1.10302
1.103
1.09963
1.09164
1.07937
1.065
1.05197
1.04332
1.04009
1.04078
1.04229
1.0415
1.03675
1.02825
1.01793
1.00859
1.0031
1.00375
1.0114
1.02528
1.04332
1.06316
1.08287
1.10129
1.11778
1.1318
1.14261
1.1492
1.15045
1.14513
1.13223
1.11139
1.08387
1.05334
1.02541
1.00562
0.997134
0.999813
1.01082
1.02611
1.04209
1.0564
1.06778
1.07538
1.07848
1.07695
1.0717
1.06455
1.0572
1.05019
1.04284
1.03434
1.02475
1.01523
1.0078
1.00458
1.00688
1.01455
1.02616
1.03974
1.05366
1.06691
1.07915
1.09063
1.10209
1.1146
1.12918
1.14629
1.16539
1.18493
1.20267
1.21615
1.22289
1.22088
1.20891
1.18695
1.15623
1.11901
1.07861
1.03922
1.00581
0.983373
0.975612
0.983084
1.00222
1.02645
1.04897
1.06495
1.07258
1.0727
1.06756
1.0595
1.0501
1.04018
1.03007
1.02016
1.01145
1.00537
1.00301
1.00458
1.00934
1.01599
1.02333
1.03055
1.03718
1.04328
1.0493
1.05597
1.06374
1.07274
1.08281
1.09363
1.10455
1.11473
1.12373
1.13209
1.14097
1.1508
1.16031
1.16675
1.16724
1.15996
1.14448
1.12173
1.09393
1.0647
1.0389
1.02155
1.01608
1.02293
1.0397
1.0625
1.08718
1.11008
1.12858
1.14113
1.14672
1.14446
1.13382
1.11556
1.09218
1.06714
1.04332
1.02217
1.00419
0.989697
0.979167
0.973353
0.972992
0.978468
0.98939
1.00469
1.0227
1.04146
1.05916
1.07444
1.0866
1.09552
1.10146
1.10464
1.10498
1.10197
1.09492
1.08333
1.06759
1.04932
1.03143
1.01756
1.011
1.01304
1.02204
1.03417
1.04541
1.05342
1.05855
1.06288
1.06845
1.07584
1.08418
1.09221
1.09918
1.10506
1.11014
1.11446
1.11764
1.11883
1.11682
1.11027
1.09814
1.08067
1.05999
1.04085
1.0297
1.0316
1.04628
1.06811
1.09002
1.10712
1.1172
1.11989
1.11601
1.1075
1.09735
1.08838
1.08232
1.07914
1.07757
1.0757
1.07208
1.06626
1.05896
1.05169
1.0458
1.04183
1.03939
1.03749
1.03489
1.03047
1.02369
1.01489
1.0054
0.997054
0.991779
0.991472
0.997718
1.01127
1.03131
1.05512
1.07891
1.09899
1.1126
1.11826
1.11607
1.1076
1.0956
1.08371
1.07584
1.07536
1.08419
1.10207
1.12612
1.15165
1.17358
1.18791
1.19239
1.18662
1.17179
1.15032
1.12513
1.09889
1.07373
1.05119
1.03267
1.01935
1.01144
1.0078
1.0063
1.00506
1.00353
1.00254
1.00362
1.0079
1.01546
1.02469
1.03318
1.0387
1.04039
1.03898
1.03623
1.03376
1.03204
1.03033
1.02779
1.02476
1.02336
1.02713
1.03935
1.06104
1.09024
1.12293
1.15471
1.18212
1.20295
1.21586
1.21984
1.21404
1.19827
1.17348
1.14216
1.10765
1.07309
1.04096
1.01318
0.991735
0.97904
0.977207
0.986691
1.00583
1.03128
1.05928
1.08624
1.10897
1.12486
1.13233
1.1311
1.12205
1.10689
1.08755
1.06596
1.04428
1.02494
1.01063
1.00398
1.00661
1.01866
1.03857
1.0634
1.08954
1.11313
1.1307
1.13963
1.13877
1.12856
1.11126
1.09046
1.07006
1.053
1.04073
1.03347
1.03063
1.03113
1.03349
1.0365
1.03948
1.04238
1.04537
1.04831
1.051
1.05314
1.05421
1.05355
1.05091
1.04681
1.04257
1.03987
1.04011
1.04388
1.05064
1.05888
1.06655
1.07188
1.07398
1.07318
1.07061
1.0676
1.06539
1.06478
1.06633
1.07043
1.07702
1.0854
1.09426
1.10192
1.1069
1.10855
1.1076
1.10622
1.10716
1.11176
1.11891
1.1255
1.12811
1.12433
1.11358
1.0969
1.0766
1.05555
1.03655
1.02169
1.01182
1.00628
1.0032
1.00031
0.995765
0.988943
0.980428
0.97165
0.964374
0.960041
0.959256
0.961739
0.967142
0.975942
0.989905
1.01126
1.04066
1.0756
1.11083
1.1403
1.15954
1.16668
1.16255
1.14992
1.13252
1.11388
1.09658
1.08216
1.07156
1.06546
1.06407
1.06664
1.07151
1.07664
1.08052
1.08234
1.08211
1.08033
1.07735
1.07314
1.06744
1.06063
1.0542
1.04989
1.04806
1.04706
1.04414
1.03696
1.02458
1.00782
0.989145
0.972368
0.961939
0.961717
0.973479
0.996168
1.02607
1.05789
1.08631
1.10746
1.11976
1.12403
1.12288
1.1193
1.11539
1.11187
1.10834
1.10395
1.09798
1.0902
1.08096
1.07096
1.06113
1.05264
1.04703
1.04616
1.05154
1.06312
1.07853
1.09381
1.10525
1.11117
1.11239
1.11177
1.11238
1.11543
1.11921
1.11988
1.11378
1.09955
1.07875
1.05503
1.03249
1.01408
1.00058
0.991133
0.98463
0.980941
0.980955
0.985663
0.995369
1.0094
1.02624
1.04376
1.05943
1.07105
1.07752
1.07974
1.08046
1.08306
1.08996
1.10146
1.11591
1.13118
1.14544
1.15774
1.16796
1.17644
1.18351
1.18895
1.1917
1.19008
1.1824
1.16758
1.14563
1.11745
1.08473
1.04981
1.01563
0.985564
0.962746
0.949417
0.946439
0.953234
0.96817
0.988971
1.013
1.03754
1.05991
1.07782
1.08936
1.09322
1.08875
1.07609
1.0565
1.03272
1.00877
0.98857
0.974433
0.966619
0.96433
0.967118
0.97535
0.989272
1.00783
1.02856
1.04889
1.06782
1.08576
1.10327
1.11997
1.13486
1.14703
1.15572
1.16007
1.15906
1.15175
1.13802
1.11928
1.09873
1.08097
1.07045
1.06954
1.07698
1.08844
1.0985
1.10286
1.09986
1.09062
1.07823
1.06628
1.05736
1.05244
1.05082
1.05081
1.05025
1.04715
1.0407
1.0326
1.02787
1.0338
1.05542
1.09068
1.13155
1.16945
1.19888
1.21729
1.22387
1.21872
1.20291
1.17857
1.14891
1.11777
1.0889
1.06514
1.04763
1.03576
1.02756
1.02077
1.01422
1.00869
1.00649
1.00946
1.01732
1.02742
1.03601
1.04015
1.03892
1.03366
1.02741
1.02316
1.02209
1.02349
1.02619
1.02991
1.03526
1.04289
1.0527
1.06372
1.07443
1.08348
1.09008
1.09407
1.09557
1.09437
1.08934
1.07845
1.05995
1.0349
1.00998
0.995894
0.998871
1.01415
1.03197
1.04628
1.05588
1.06173
1.06504
1.06704
1.06923
1.07348
1.08132
1.093
1.10718
1.12173
1.13488
1.14573
1.15382
1.15832
1.15782
1.15083
1.13655
1.11549
1.08938
1.06053
1.03148
1.00521
0.985518
0.976504
0.979779
0.992496
1.00888
1.02384
1.03463
1.04006
1.03949
1.03273
1.02071
1.00624
0.993519
0.986485
0.986924
0.993992
1.00556
1.02001
1.0375
1.05991
1.08915
1.12474
1.16272
1.19701
1.22182
1.23341
1.23095
1.21636
1.19389
1.16898
1.14689
1.13117
1.12269
1.11972
1.11881
1.11599
1.10816
1.0941
1.07481
1.053
1.03185
1.01375
0.999674
0.98966
0.983152
0.979649
0.978972
0.98132
0.987299
0.997443
1.01167
1.02864
1.04587
1.06086
1.07209
1.07945
1.08401
1.08763
1.09258
1.10102
1.11436
1.1328
1.1552
1.17943
1.20283
1.22224
1.23422
1.23555
1.22393
1.1987
1.1613
1.11518
1.06537
1.01763
0.977518
0.949233
0.934894
0.934332
0.945412
0.964611
0.987492
1.00936
1.02589
1.03406
1.03268
1.02269
1.00711
0.990707
0.979301
0.978106
0.989717
1.01275
1.04284
1.07486
1.10479
1.13012
1.14947
1.16211
1.16774
1.16664
1.1598
1.14888
1.1359
1.12286
1.11145
1.10248
1.09576
1.09009
1.08378
1.07547
1.0648
1.05267
1.04068
1.03045
1.02305
1.01943
1.02068
1.0274
1.03856
1.05123
1.06166
1.06662
1.06412
1.05364
1.03638
1.01487
0.992662
0.973546
0.960731
0.956343
0.961401
0.975775
0.997957
1.02513
1.05357
1.07943
1.09999
1.11447
1.12393
1.13012
1.13432
1.137
1.13813
1.13721
1.13328
1.12508
1.11165
1.09315
1.07156
1.05087
1.0362
1.03185
1.039
1.05493
1.07424
1.09138
1.10267
1.10715
1.10588
1.10071
1.09316
1.08396
1.07328
1.06131
1.04884
1.03727
1.02808
1.02189
1.01835
1.01648
1.01546
1.01488
1.01448
1.01387
1.0125
1.01
1.00676
1.00435
1.00535
1.01246
1.02758
1.05116
1.08197
1.11697
1.15201
1.18249
1.20406
1.21302
1.20709
1.18594
1.15182
1.10983
1.06728
1.03205
1.01058
1.00632
1.01871
1.04304
1.07224
1.09958
1.12078
1.13461
1.14204
1.14486
1.14439
1.14106
1.1347
1.12513
1.11238
1.0967
1.07878
1.05936
1.03874
1.01778
0.999041
0.986472
0.983378
0.990601
1.00675
1.02919
1.05496
1.08098
1.1043
1.12278
1.13557
1.14308
1.14612
1.1453
1.14049
1.13113
1.11679
1.0979
1.07636
1.05516
1.03779
1.0271
1.02432
1.02855
1.03715
1.04715
1.05653
1.06444
1.07049
1.07407
1.07407
1.06931
1.05894
1.04284
1.02187
0.997904
0.973932
0.953851
0.941902
0.941404
0.953362
0.97576
1.00414
1.03283
1.05673
1.07333
1.0841
1.09339
1.10459
1.11743
1.12954
1.13908
1.14539
1.1482
1.14718
1.14226
1.13393
1.12317
1.11146
1.10064
1.09222
1.08689
1.08449
1.08428
1.08558
1.08786
1.09016
1.09091
1.08817
1.08064
1.06873
1.05472
1.04198
1.0335
1.03023
1.03069
1.03179
1.03093
1.02786
1.02546
1.02855
1.04115
1.06383
1.09353
1.12529
1.15477
1.17918
1.19715
1.20776
1.21027
1.20393
1.89852
1.89337
1.88421
1.87038
1.85093
1.82456
1.78963
1.74432
1.68693
1.61631
1.53251
1.43759
1.3362
1.23551
1.1439
1.06889
1.01512
0.983574
0.97207
0.976423
0.991664
1.01289
1.03585
1.05723
1.07486
1.08776
1.09603
1.10065
1.10303
1.10453
1.1059
1.10712
1.10745
1.10563
1.10027
1.09027
1.07535
1.05651
1.03587
1.01607
0.999271
0.986512
0.977769
0.972631
0.970912
0.972788
0.978415
0.98745
0.998875
1.0111
1.02232
1.03091
1.03573
1.03619
1.03239
1.02529
1.01656
1.00823
1.00194
0.998377
0.997395
0.99854
1.00142
1.00572
1.01101
1.01652
1.02122
1.02414
1.02486
1.02382
1.02236
1.02212
1.02433
1.02926
1.03617
1.0437
1.05039
1.05528
1.05826
1.05995
1.06121
1.06239
1.06311
1.06253
1.06029
1.05695
1.05361
1.05128
1.05046
1.05118
1.05325
1.05626
1.0597
1.06288
1.06503
1.0655
1.0638
1.05967
1.05307
1.0441
1.03299
1.02
1.00541
0.989666
0.973678
0.958955
0.94741
0.940813
0.9403
0.946289
0.958368
0.975061
0.993872
1.012
1.02716
1.03793
1.0438
1.04494
1.04216
1.03669
1.03008
1.02379
1.01868
1.01472
1.01128
1.00779
1.00443
1.00221
1.00237
1.00581
1.0127
1.02268
1.03506
1.04901
1.06347
1.07716
1.08874
1.09703
1.10147
1.10245
1.10139
1.10018
1.10021
1.10144
1.10252
1.1018
1.09835
1.09246
1.08578
1.08059
1.07855
1.07974
1.08273
1.08542
1.08597
1.08314
1.07643
1.06599
1.05273
1.03864
1.02706
1.02177
1.0245
1.03302
1.04263
1.04957
1.05298
1.05444
1.05635
1.06029
1.06651
1.07432
1.08273
1.09089
1.09845
1.10571
1.11308
1.12007
1.12489
1.12527
1.11973
1.10845
1.09355
1.07877
1.06828
1.0647
1.06785
1.07523
1.0838
1.09148
1.09744
1.10158
1.10386
1.10383
1.10069
1.09363
1.08239
1.0675
1.0501
1.03148
1.01259
0.994193
0.977443
0.96406
0.955697
0.953079
0.955964
0.963811
0.976294
0.99323
1.01415
1.038
1.06314
1.08758
1.10942
1.12705
1.13945
1.14622
1.14766
1.14451
1.1378
1.12858
1.11771
1.10592
1.09381
1.08204
1.07132
1.06243
1.05611
1.05297
1.05345
1.05775
1.0657
1.07659
1.08925
1.10214
1.11368
1.12248
1.12763
1.12887
1.12646
1.12109
1.11371
1.10557
1.09829
1.09389
1.09401
1.09907
1.10795
1.11883
1.12999
1.14009
1.14786
1.15197
1.15133
1.14559
1.13561
1.12324
1.11041
1.09809
1.08618
1.07423
1.06208
1.05011
1.03896
1.02928
1.02157
1.01618
1.01335
1.01306
1.01484
1.01767
1.02018
1.02089
1.01863
1.01285
1.00386
0.992925
0.982193
0.974432
0.972408
0.978009
0.991463
1.01101
1.0333
1.05431
1.0705
1.0796
1.08087
1.07512
1.0645
1.05218
1.04175
1.03616
1.03671
1.04271
1.05205
1.06236
1.07187
1.07951
1.08458
1.08652
1.08489
1.07968
1.0716
1.06199
1.05218
1.04293
1.0342
1.02595
1.01908
1.01576
1.01847
1.02826
1.04378
1.06168
1.07804
1.08971
1.09485
1.09309
1.08532
1.07361
1.0608
1.05002
1.04376
1.04307
1.04715
1.05384
1.06034
1.06408
1.06316
1.05663
1.04473
1.02894
1.01166
0.995526
0.982789
0.974904
0.972513
0.975598
0.983629
0.995586
1.0099
1.02449
1.03702
1.04538
1.04813
1.04514
1.03783
1.02919
1.0228
1.0213
1.025
1.03184
1.0389
1.0441
1.04699
1.04855
1.05032
1.05354
1.0586
1.065
1.0717
1.07767
1.08226
1.0853
1.08696
1.08749
1.08713
1.08617
1.08506
1.08441
1.08474
1.08625
1.08863
1.09123
1.09331
1.09432
1.09406
1.09266
1.09053
1.08808
1.08566
1.08359
1.08202
1.08088
1.07986
1.07844
1.07612
1.07265
1.06814
1.06317
1.05858
1.05523
1.05359
1.05339
1.05367
1.0533
1.05189
1.0503
1.05018
1.05275
1.05787
1.06433
1.07074
1.07609
1.07988
1.08202
1.08292
1.08337
1.08449
1.08721
1.09199
1.0986
1.10619
1.11365
1.11986
1.12384
1.12483
1.12234
1.1163
1.10709
1.09555
1.08296
1.0708
1.06045
1.05304
1.04916
1.04883
1.05145
1.05593
1.06093
1.06522
1.06797
1.06894
1.06848
1.0674
1.06672
1.06732
1.06952
1.07278
1.07566
1.07608
1.07206
1.06265
1.04871
1.03321
1.02034
1.01378
1.01495
1.02304
1.03618
1.05267
1.07134
1.09135
1.11184
1.13179
1.15004
1.16553
1.17743
1.18522
1.1886
1.18738
1.18138
1.17056
1.15521
1.13604
1.11436
1.09201
1.07118
1.05395
1.04157
1.03404
1.03052
1.03028
1.03332
1.04027
1.05162
1.06683
1.08384
1.09935
1.10984
1.11287
1.10837
1.09935
1.091
1.08805
1.09224
1.10224
1.11496
1.12691
1.13498
1.13724
1.13318
1.12361
1.11026
1.0954
1.08149
1.07075
1.06469
1.06374
1.0671
1.07311
1.07974
1.08517
1.0881
1.08797
1.08457
1.07763
1.06691
1.05274
1.03682
1.02225
1.01272
1.01105
1.01814
1.03294
1.05322
1.07627
1.09936
1.12033
1.13808
1.15258
1.16452
1.17472
1.18351
1.19051
1.19472
1.1949
1.19011
1.17992
1.16467
1.14532
1.12321
1.09979
1.07657
1.05502
1.03658
1.02252
1.01358
1.00963
1.00968
1.01236
1.01645
1.02137
1.02717
1.03437
1.04342
1.05395
1.06453
1.07303
1.07742
1.07646
1.07003
1.0591
1.0455
1.03149
1.01887
1.0083
0.999324
0.99113
0.983398
0.976773
0.97284
0.973657
0.980698
0.993894
1.01155
1.03109
1.05006
1.06646
1.07877
1.08583
1.08709
1.08299
1.07501
1.06538
1.05642
1.04978
1.04591
1.04403
1.04262
1.04017
1.0357
1.02896
1.02016
1.00963
0.997677
0.984804
0.972228
0.962167
0.957396
0.959945
0.969674
0.98407
0.999717
1.014
1.02589
1.0358
1.04481
1.0538
1.06296
1.07177
1.07932
1.0848
1.08785
1.08858
1.08743
1.08499
1.08173
1.07792
1.07348
1.06807
1.06135
1.05338
1.04492
1.03733
1.03231
1.03127
1.03484
1.04248
1.05264
1.06294
1.07077
1.07359
1.06949
1.05763
1.03877
1.01564
0.99234
0.972969
0.959801
0.952784
0.950446
0.951325
0.954727
0.960732
0.969745
0.981993
0.997148
1.01429
1.03214
1.04942
1.06505
1.07803
1.0872
1.09108
1.08837
1.07875
1.06346
1.04542
1.02865
1.01721
1.01385
1.01941
1.03291
1.05215
1.07418
1.0958
1.11397
1.1263
1.13151
1.12963
1.12177
1.10987
1.09637
1.08402
1.07543
1.07227
1.07449
1.08026
1.08686
1.09204
1.09507
1.09677
1.09876
1.10195
1.1056
1.10749
1.10518
1.09717
1.08352
1.06582
1.04688
1.03004
1.01841
1.01402
1.01721
1.02668
1.04006
1.05466
1.06792
1.07774
1.08266
1.08207
1.07639
1.06703
1.05627
1.0468
1.04106
1.04066
1.04603
1.0564
1.07022
1.08556
1.10042
1.11304
1.12194
1.12598
1.1245
1.11741
1.10519
1.0888
1.0694
1.04826
1.02685
1.0069
0.990279
0.978648
0.972737
0.971936
0.974513
0.978411
0.982143
0.98525
0.988287
0.99239
0.99852
1.00652
1.01482
1.02148
1.02582
1.02922
1.03444
1.04379
1.05756
1.07365
1.08868
1.09925
1.1029
1.09843
1.08614
1.06789
1.04711
1.02842
1.01642
1.01412
1.02197
1.03786
1.05832
1.07976
1.09943
1.11572
1.12819
1.13732
1.14401
1.14901
1.15244
1.15375
1.15202
1.14629
1.13578
1.11995
1.09858
1.07206
1.0418
1.01032
0.981005
0.957296
0.941565
0.93418
0.933547
0.937084
0.942436
0.948153
0.953923
0.960323
0.96851
0.979793
0.995155
1.0147
1.03736
1.06111
1.08361
1.10284
1.11742
1.12662
1.13021
1.1283
1.12123
1.10963
1.0946
1.07793
1.06165
1.04734
1.03547
1.02543
1.01622
1.0073
0.999002
0.992398
0.988553
0.987895
0.989981
0.993779
0.998161
1.00213
1.00486
1.00582
1.0052
1.0044
1.00585
1.012
1.02367
1.03926
1.0557
1.07033
1.08193
1.09055
1.0968
1.10128
1.10433
1.10618
1.10703
1.10718
1.10709
1.10732
1.10836
1.11034
1.11296
1.1156
1.11753
1.11817
1.11732
1.11524
1.11268
1.11065
1.10998
1.1109
1.11311
1.11602
1.11893
1.12107
1.12158
1.11961
1.11454
1.1062
1.09515
1.08252
1.06959
1.05718
1.04517
1.03289
1.02033
1.00928
1.00331
1.00552
1.01572
1.03037
1.04545
1.05876
1.06996
1.07931
1.08679
1.09202
1.09454
1.09413
1.09076
1.08447
1.07525
1.06321
1.04879
1.03316
1.01849
1.00765
1.00312
1.00555
1.01303
1.02189
1.02844
1.03014
1.02617
1.01732
1.00561
0.993662
0.983756
0.977184
0.974433
0.975921
0.982519
0.995078
1.01365
1.03704
1.06294
1.08859
1.11134
1.12931
1.14162
1.14837
1.15022
1.14765
1.1407
1.12913
1.11299
1.09312
1.0712
1.04937
1.02962
