-7.82869
-7.74755
-7.62584
-7.47463
-7.29065
-7.09055
-6.88426
-6.68359
-6.50888
-6.37591
-6.29108
-6.26019
-6.27173
-6.31392
-6.37454
-6.43922
-6.49926
-6.54735
-6.57933
-6.59437
-6.595
-6.58457
-6.56574
-6.54124
-6.51674
-6.49554
-6.47915
-6.47215
-6.47533
-6.49141
-6.51932
-6.55926
-6.61149
-6.667
-6.72421
-6.77791
-6.82425
-6.85776
-6.88164
-6.89324
-6.89462
-6.88694
-6.87436
-6.86256
-6.85219
-6.84213
-6.83498
-6.82804
-6.82345
-6.81898
-6.81107
-6.80226
-6.7918
-6.78141
-6.76699
-6.75182
-6.73898
-6.72804
-6.71936
-6.71822
-6.7221
-6.73439
-6.74987
-6.7673
-6.78401
-6.79693
-6.81072
-6.82221
-6.83396
-6.84056
-6.8469
-6.85288
-6.85714
-6.85453
-6.84876
-6.84102
-6.83405
-6.8234
-6.81208
-6.79872
-6.78423
-6.77064
-6.75927
-6.75228
-6.74759
-6.75009
-6.75076
-6.7499
-6.74295
-6.73424
-6.71874
-6.69759
-6.67716
-6.65623
-6.63978
-6.62848
-6.62528
-6.62958
-6.63876
-6.65416
-6.67169
-6.69192
-6.70969
-6.72304
-6.72789
-6.72625
-6.71345
-6.6953
-6.66955
-6.64591
-6.62356
-6.60692
-6.60098
-6.60847
-6.62739
-6.65822
-6.69751
-6.74405
-6.79358
-6.83895
-6.879
-6.9134
-6.93711
-6.94723
-6.94787
-6.94081
-6.93198
-6.91881
-6.90662
-6.89418
-6.88247
-6.86959
-6.8546
-6.8351
-6.81447
-6.7938
-6.77501
-6.75534
-6.73992
-6.72445
-6.71029
-6.69724
-6.68852
-6.6799
-6.67205
-6.6652
-6.66357
-6.66188
-6.66811
-6.67814
-6.6941
-6.71208
-6.73321
-6.75304
-6.77385
-6.79347
-6.80799
-6.82086
-6.82767
-6.82601
-6.81675
-6.7965
-6.77071
-6.74811
-6.72654
-6.71145
-6.70342
-6.70122
-6.69988
-6.69941
-6.69905
-6.69876
-6.70834
-6.71894
-6.7344
-6.74878
-6.76432
-6.78111
-6.79154
-6.7995
-6.80355
-6.80683
-6.80655
-6.80335
-6.79878
-6.79828
-6.7972
-6.80295
-6.80907
-6.81834
-6.82139
-6.8199
-6.81947
-6.81644
-6.81109
-6.80424
-6.79622
-6.78686
-6.77816
-6.77229
-6.76619
-6.76092
-6.76076
-6.76308
-6.7648
-6.7643
-6.76432
-6.76281
-6.75989
-6.75698
-6.75707
-6.75598
-6.75597
-6.75983
-6.76728
-6.77167
-6.77784
-6.77915
-6.78147
-6.78271
-6.78451
-6.78705
-6.78786
-6.78679
-6.78152
-6.77426
-6.76183
-6.74554
-6.72801
-6.71448
-6.70478
-6.70228
-6.70332
-6.71147
-6.72046
-6.72972
-6.73756
-6.74081
-6.7382
-6.73242
-6.71926
-6.70362
-6.6871
-6.67229
-6.66464
-6.66541
-6.67173
-6.68898
-6.71657
-6.74776
-6.77585
-6.8054
-6.83207
-6.84926
-6.86244
-6.86811
-6.87
-6.86683
-6.86042
-6.84917
-6.83633
-6.82137
-6.80814
-6.79389
-6.77993
-6.76688
-6.75269
-6.74045
-6.73011
-6.72641
-6.72907
-6.7355
-6.75193
-6.77182
-6.78844
-6.80022
-6.80572
-6.80372
-6.79796
-6.78694
-6.77728
-6.77002
-6.76999
-6.77134
-6.77585
-6.77831
-6.77744
-6.778
-6.77423
-6.77063
-6.76255
-6.75624
-6.75386
-6.75075
-6.74774
-6.74226
-6.73657
-6.73666
-6.74083
-6.74773
-6.75714
-6.76771
-6.7732
-6.77334
-6.77127
-6.76283
-6.75144
-6.73824
-6.72424
-6.71335
-6.7008
-6.68692
-6.67724
-6.66988
-6.66818
-6.66989
-6.67796
-6.68958
-6.70499
-6.7251
-6.74875
-6.76961
-6.78883
-6.8051
-6.81723
-6.82352
-6.82154
-6.81346
-6.80337
-6.78969
-6.77644
-6.76828
-6.76381
-6.76223
-6.76369
-6.76919
-6.77552
-6.78106
-6.78771
-6.79431
-6.80121
-6.80269
-6.80169
-6.79671
-6.78503
-6.76974
-6.75246
-6.73148
-6.71246
-6.69774
-6.68999
-6.69235
-6.69482
-6.70209
-6.70944
-6.71525
-6.71975
-6.72435
-6.72722
-6.72917
-6.72899
-6.73061
-6.73162
-6.73464
-6.74167
-6.74864
-6.75954
-6.77245
-6.78619
-6.79867
-6.80632
-6.80918
-6.80614
-6.79947
-6.78809
-6.77685
-6.7621
-6.74914
-6.74413
-6.74403
-6.74936
-6.75963
-6.76936
-6.78206
-6.79161
-6.80139
-6.80842
-6.81872
-6.82569
-6.83267
-6.84058
-6.84217
-6.83785
-6.82887
-6.81536
-6.79831
-6.77522
-6.7495
-6.72528
-6.70133
-6.68228
-6.6714
-6.66648
-6.67129
-6.68267
-6.7013
-6.72587
-6.7487
-6.77139
-6.7886
-6.79666
-6.80191
-6.79919
-6.79709
-6.78876
-6.77986
-6.77274
-6.76331
-6.75266
-6.74245
-6.73498
-6.72778
-6.72111
-6.72214
-6.72667
-6.73348
-6.74337
-6.75192
-6.75946
-6.76535
-6.76673
-6.76686
-6.7628
-6.75723
-6.74954
-6.74414
-6.73837
-6.73404
-6.72881
-6.72179
-6.71624
-6.71228
-6.7129
-6.7122
-6.71314
-6.71625
-6.72043
-6.72846
-6.7345
-6.74311
-6.75051
-6.76219
-6.77042
-6.78303
-6.79242
-6.80059
-6.80244
-6.79836
-6.78736
-6.76873
-6.74461
-6.7188
-6.69637
-6.68053
-6.67211
-6.67542
-6.68935
-6.71195
-6.73911
-6.76982
-6.79841
-6.82261
-6.84569
-6.86265
-6.87829
-6.89019
-6.8987
-6.901
-6.90049
-6.88985
-6.87836
-6.86066
-6.83941
-6.81589
-6.79212
-6.77028
-6.7484
-6.72856
-6.71272
-6.6975
-6.68726
-6.68332
-6.68765
-6.69886
-6.71876
-6.74138
-6.75993
-6.77253
-6.77908
-6.77261
-6.75975
-6.74287
-6.72249
-6.70566
-6.69065
-6.68344
-6.68756
-6.70161
-6.71743
-6.7404
-6.76452
-6.78415
-6.79624
-6.79865
-6.79173
-6.77823
-6.76216
-6.7519
-6.74614
-6.74719
-6.75382
-6.75937
-6.76943
-6.7776
-6.78491
-6.79283
-6.79894
-6.80084
-6.80387
-6.8003
-6.79376
-6.78283
-6.7675
-6.75398
-6.73951
-6.73078
-6.73356
-6.74343
-6.76141
-6.78063
-6.79807
-6.80936
-6.81531
-6.81307
-6.80198
-6.78231
-6.76002
-6.73918
-6.72356
-6.71446
-6.71593
-6.72629
-6.74254
-6.7616
-6.78037
-6.79614
-6.80847
-6.8175
-6.82466
-6.82693
-6.82884
-6.82902
-6.8294
-6.82851
-6.82598
-6.82162
-6.81291
-6.80332
-6.79055
-6.77411
-6.75151
-6.72979
-6.70981
-6.69136
-6.67997
-6.6772
-6.68502
-6.69807
-6.71514
-6.72819
-6.73615
-6.73663
-6.73063
-6.71527
-6.69558
-6.67836
-6.66337
-6.65722
-6.66265
-6.67741
-6.6985
-6.72541
-6.75696
-6.79068
-6.823
-6.85116
-6.87301
-6.88985
-6.89795
-6.89533
-6.88907
-6.87219
-6.852
-6.83366
-6.81441
-6.7982
-6.78545
-6.77467
-6.76307
-6.75173
-6.738
-6.7217
-6.70568
-6.68619
-6.67084
-6.65815
-6.65301
-6.65247
-6.66137
-6.673
-6.69271
-6.71509
-6.73842
-6.76556
-6.7907
-6.81246
-6.82823
-6.83482
-6.82768
-6.8125
-6.79005
-6.76119
-6.73248
-6.70302
-6.67818
-6.66602
-6.65922
-6.65943
-6.6722
-6.68771
-6.70925
-6.73571
-6.76298
-6.79075
-6.81653
-6.83931
-6.85932
-6.87219
-6.8818
-6.88313
-6.87871
-6.87487
-6.86646
-6.85853
-6.85067
-6.84268
-6.83393
-6.82123
-6.8069
-6.78324
-6.75762
-6.72619
-6.69226
-6.66125
-6.63597
-6.62014
-6.6144
-6.61944
-6.63364
-6.65302
-6.6738
-6.69547
-6.71724
-6.73826
-6.75673
-6.77483
-6.79556
-6.81195
-6.82943
-6.8405
-6.84494
-6.8449
-6.8382
-6.82784
-6.81603
-6.80055
-6.79038
-6.7818
-6.77597
-6.77756
-6.78229
-6.78888
-6.80052
-6.81155
-6.82209
-6.83036
-6.8283
-6.81729
-6.8008
-6.7793
-6.75944
-6.74049
-6.72649
-6.7172
-6.71636
-6.71954
-6.72933
-6.74148
-6.75385
-6.76175
-6.76698
-6.76563
-6.76199
-6.75265
-6.73999
-6.72465
-6.70842
-6.69319
-6.68458
-6.68241
-6.68869
-6.70156
-6.71633
-6.73424
-6.74974
-6.76371
-6.77592
-6.78105
-6.78291
-6.78187
-6.77758
-6.77349
-6.76518
-6.75842
-6.75341
-6.75057
-6.7532
-6.75571
-6.76258
-6.76946
-6.77525
-6.7801
-6.78231
-6.78008
-6.77639
-6.77084
-6.76293
-6.75515
-6.75219
-6.75364
-6.75764
-6.76727
-6.77647
-6.78414
-6.79075
-6.79374
-6.78881
-6.77979
-6.77027
-6.75419
-6.73999
-6.72585
-6.71629
-6.71318
-6.72108
-6.73603
-6.76126
-6.7917
-6.82553
-6.85734
-6.88253
-6.89684
-6.90051
-6.88966
-6.86755
-6.8352
-6.79293
-6.74347
-6.69681
-6.6548
-6.62253
-6.60274
-6.59598
-6.60398
-6.62609
-6.65611
-6.68684
-6.72201
-6.75041
-6.77405
-6.78962
-6.79544
-6.79237
-6.78478
-6.77325
-6.76277
-6.75256
-6.74876
-6.75031
-6.75974
-6.77265
-6.78722
-6.80141
-6.81881
-6.83472
-6.85042
-6.86801
-6.87816
-6.88758
-6.89018
-6.88749
-6.88033
-6.86601
-6.84362
-6.81586
-6.78714
-6.76034
-6.73699
-6.71481
-6.70077
-6.68499
-6.67731
-6.67197
-6.66975
-6.67148
-6.681
-6.69604
-6.71844
-6.74369
-6.76445
-6.77876
-6.78444
-6.78403
-6.77777
-6.76717
-6.75333
-6.74047
-6.72552
-6.70988
-6.69407
-6.68406
-6.67534
-6.67282
-6.6765
-6.68389
-6.69743
-6.71425
-6.7332
-6.75256
-6.7677
-6.78001
-6.79584
-6.80715
-6.81374
-6.82246
-6.82786
-6.82632
-6.82411
-6.81836
-6.81333
-6.80745
-6.80574
-6.80121
-6.7968
-6.79253
-6.78311
-6.76936
-6.75053
-6.72924
-6.71133
-6.69659
-6.68627
-6.68349
-6.68934
-6.69908
-6.71392
-6.73443
-6.75894
-6.78802
-6.81467
-6.83923
-6.85896
-6.87133
-6.87349
-6.86538
-6.84994
-6.83012
-6.8112
-6.79471
-6.78408
-6.77793
-6.77852
-6.77907
-6.78612
-6.7947
-6.80708
-6.81926
-6.82754
-6.83211
-6.82827
-6.81961
-6.802
-6.77933
-6.75263
-6.72284
-6.69447
-6.67338
-6.66113
-6.65593
-6.66212
-6.67303
-6.68958
-6.71153
-6.73309
-6.75399
-6.77304
-6.78953
-6.80111
-6.80709
-6.8023
-6.79119
-6.7734
-6.75187
-6.7318
-6.71496
-6.7013
-6.6954
-6.69625
-6.70351
-6.7194
-6.73854
-6.76028
-6.77937
-6.79985
-6.81244
-6.82025
-6.8259
-6.82994
-6.83141
-6.82692
-6.82575
-6.81888
-6.81188
-6.80642
-6.80055
-6.7941
-6.78747
-6.78038
-6.76939
-6.75865
-6.74693
-6.73713
-6.72859
-6.72614
-6.72599
-6.72828
-6.7277
-6.72856
-6.72349
-6.71958
-6.7132
-6.70119
-6.68989
-6.68088
-6.67547
-6.67329
-6.67541
-6.67596
-6.67903
-6.68519
-6.69447
-6.7012
-6.71095
-6.72021
-6.728
-6.73566
-6.74018
-6.74697
-6.7543
-6.76477
-6.77819
-6.79544
-6.81174
-6.82977
-6.84528
-6.85406
-6.8595
-6.85684
-6.84748
-6.83363
-6.81479
-6.79347
-6.77322
-6.75275
-6.7416
-6.73943
-6.74653
-6.76196
-6.78247
-6.80374
-6.79282
-6.74815
-6.68165
-6.60193
-6.51621
-6.43602
-6.36722
-6.31111
-6.26666
-6.23468
-6.21489
-6.20564
-6.20042
-6.19865
-6.19383
-6.1862
-6.1736
-6.15884
-6.15173
-6.15398
-6.16797
-6.18652
-6.20446
-6.21634
-6.2269
-6.23536
-6.24344
-6.24789
-6.24128
-6.22826
-6.21295
-6.20127
-6.20372
-6.22023
-6.24794
-6.28759
-6.32976
-6.36895
-6.40068
-6.42173
-6.42657
-6.42013
-6.40497
-6.38978
-6.37352
-6.36234
-6.35746
-6.35643
-6.35874
-6.36028
-6.36117
-6.35224
-6.33923
-6.31998
-6.29741
-6.27933
-6.26586
-6.2595
-6.26251
-6.26558
-6.2642
-6.25644
-6.24196
-6.2274
-6.2154
-6.21054
-6.21255
-6.22472
-6.2473
-6.27381
-6.30302
-6.33213
-6.35854
-6.38229
-6.40193
-6.42018
-6.42676
-6.4274
-6.41608
-6.39488
-6.36248
-6.32173
-6.27591
-6.23587
-6.20548
-6.19386
-6.20132
-6.2194
-6.24299
-6.26651
-6.28922
-6.30805
-6.31687
-6.31984
-6.31495
-6.30601
-6.29775
-6.28644
-6.27499
-6.2648
-6.2512
-6.23639
-6.22196
-6.20871
-6.20401
-6.20767
-6.22151
-6.23967
-6.26149
-6.28361
-6.30302
-6.32318
-6.34324
-6.35954
-6.37985
-6.40209
-6.42845
-6.45891
-6.48843
-6.51329
-6.53395
-6.54093
-6.53551
-6.51375
-6.48068
-6.43215
-6.3756
-6.31289
-6.25404
-6.20426
-6.17358
-6.16396
-6.17792
-6.20982
-6.24763
-6.28036
-6.29989
-6.30946
-6.30674
-6.30038
-6.28897
-6.27637
-6.26048
-6.24594
-6.2328
-6.22068
-6.21076
-6.20816
-6.20977
-6.21825
-6.22742
-6.23588
-6.24599
-6.25617
-6.26527
-6.27629
-6.28708
-6.29859
-6.31194
-6.32687
-6.34284
-6.36144
-6.37719
-6.38729
-6.4008
-6.41395
-6.42943
-6.44344
-6.45563
-6.45496
-6.44345
-6.41937
-6.38494
-6.3421
-6.30037
-6.26195
-6.23463
-6.22768
-6.24095
-6.26762
-6.30335
-6.34163
-6.37384
-6.4024
-6.42057
-6.42881
-6.42322
-6.40309
-6.37505
-6.33949
-6.30098
-6.26559
-6.23529
-6.20785
-6.18731
-6.17216
-6.16583
-6.16518
-6.17588
-6.19172
-6.21617
-6.2418
-6.26861
-6.2952
-6.31704
-6.3335
-6.34608
-6.35326
-6.35764
-6.35865
-6.35326
-6.34266
-6.3246
-6.30111
-6.27549
-6.24674
-6.2278
-6.2202
-6.22351
-6.23648
-6.25448
-6.26998
-6.28147
-6.28954
-6.29804
-6.30602
-6.31701
-6.32989
-6.34115
-6.35207
-6.36205
-6.36794
-6.37365
-6.37722
-6.38088
-6.37631
-6.36505
-6.34535
-6.31911
-6.28955
-6.26224
-6.24786
-6.25151
-6.27573
-6.30862
-6.33973
-6.36507
-6.38005
-6.38171
-6.37665
-6.36181
-6.34497
-6.33252
-6.3239
-6.32273
-6.32045
-6.31941
-6.31398
-6.30267
-6.29098
-6.28149
-6.27163
-6.2666
-6.26569
-6.26218
-6.2571
-6.24787
-6.23734
-6.2236
-6.20812
-6.19366
-6.18734
-6.18777
-6.19788
-6.22059
-6.2537
-6.28969
-6.3231
-6.35501
-6.37785
-6.38221
-6.37913
-6.36504
-6.34712
-6.32605
-6.31613
-6.31704
-6.33238
-6.35941
-6.39573
-6.43511
-6.46549
-6.48562
-6.49175
-6.48291
-6.45819
-6.42748
-6.38937
-6.35102
-6.31162
-6.27638
-6.24673
-6.22757
-6.21679
-6.21085
-6.20744
-6.20521
-6.20258
-6.20357
-6.2069
-6.21289
-6.22526
-6.24112
-6.2545
-6.26321
-6.26323
-6.26143
-6.25985
-6.25432
-6.25375
-6.25207
-6.24683
-6.24396
-6.24238
-6.25203
-6.27016
-6.30597
-6.34996
-6.39914
-6.44732
-6.4866
-6.51609
-6.53451
-6.53777
-6.52595
-6.49985
-6.46376
-6.41606
-6.36571
-6.31279
-6.26708
-6.22555
-6.19226
-6.17441
-6.17208
-6.18793
-6.21751
-6.25633
-6.29679
-6.33454
-6.36549
-6.39009
-6.39901
-6.39363
-6.37771
-6.35519
-6.32667
-6.29607
-6.26697
-6.23819
-6.21675
-6.2084
-6.21445
-6.23386
-6.26532
-6.30465
-6.3447
-6.37941
-6.40461
-6.41917
-6.41834
-6.40144
-6.3734
-6.3433
-6.31272
-6.28389
-6.26689
-6.25478
-6.25209
-6.25288
-6.25402
-6.25952
-6.26396
-6.26703
-6.27054
-6.27559
-6.28086
-6.28362
-6.28631
-6.28534
-6.2798
-6.27418
-6.26794
-6.26457
-6.26447
-6.27161
-6.28339
-6.29354
-6.30513
-6.313
-6.31567
-6.31444
-6.30685
-6.30271
-6.29894
-6.29637
-6.30067
-6.30625
-6.3197
-6.33212
-6.346
-6.35782
-6.36707
-6.36875
-6.36675
-6.36518
-6.36903
-6.37711
-6.38508
-6.39395
-6.39475
-6.38804
-6.36897
-6.34518
-6.31376
-6.28393
-6.25626
-6.23211
-6.21802
-6.21024
-6.2058
-6.20359
-6.19611
-6.18588
-6.17393
-6.15827
-6.14934
-6.14141
-6.13785
-6.1417
-6.14992
-6.16569
-6.18728
-6.22086
-6.26605
-6.31924
-6.37194
-6.41551
-6.44455
-6.45281
-6.44316
-6.42551
-6.39641
-6.36688
-6.34226
-6.32178
-6.30619
-6.29743
-6.29569
-6.30133
-6.3075
-6.31736
-6.32323
-6.32564
-6.32276
-6.32215
-6.31686
-6.31098
-6.30448
-6.29549
-6.28478
-6.27611
-6.27301
-6.2753
-6.26718
-6.2563
-6.23535
-6.20907
-6.1817
-6.16009
-6.14284
-6.1436
-6.16303
-6.1991
-6.24461
-6.29251
-6.33425
-6.366
-6.38217
-6.39078
-6.38947
-6.38297
-6.37618
-6.37224
-6.36493
-6.35556
-6.34601
-6.33506
-6.32136
-6.30599
-6.29168
-6.28089
-6.27434
-6.27293
-6.2836
-6.30112
-6.32483
-6.34706
-6.36345
-6.37247
-6.37543
-6.37579
-6.37607
-6.38031
-6.38548
-6.38567
-6.37307
-6.35185
-6.3209
-6.28458
-6.24929
-6.22177
-6.20221
-6.18822
-6.17886
-6.17381
-6.17512
-6.18067
-6.19238
-6.21397
-6.23949
-6.26502
-6.28904
-6.30831
-6.31824
-6.32274
-6.32322
-6.32604
-6.33905
-6.35591
-6.37851
-6.40137
-6.42283
-6.44323
-6.45763
-6.47044
-6.4805
-6.49062
-6.49324
-6.48905
-6.47229
-6.4493
-6.41761
-6.37226
-6.32398
-6.2731
-6.22125
-6.17703
-6.14605
-6.12727
-6.12466
-6.13523
-6.15901
-6.19088
-6.22653
-6.26319
-6.2972
-6.32258
-6.33686
-6.3424
-6.33412
-6.313
-6.28179
-6.24644
-6.21116
-6.17972
-6.16111
-6.15028
-6.14827
-6.15258
-6.16643
-6.18877
-6.21972
-6.24993
-6.28089
-6.30843
-6.33623
-6.36307
-6.38727
-6.40991
-6.42835
-6.44305
-6.44788
-6.44384
-6.43352
-6.41041
-6.38015
-6.34974
-6.32455
-6.30754
-6.30695
-6.3168
-6.33448
-6.34636
-6.35054
-6.3427
-6.32811
-6.31034
-6.29337
-6.28283
-6.27507
-6.27139
-6.27307
-6.27229
-6.26844
-6.2606
-6.25046
-6.24607
-6.25453
-6.29032
-6.34403
-6.40444
-6.46031
-6.5026
-6.52912
-6.5372
-6.52712
-6.50293
-6.46538
-6.42038
-6.37281
-6.33043
-6.29343
-6.26875
-6.25067
-6.23679
-6.22603
-6.2156
-6.21055
-6.20988
-6.21645
-6.22977
-6.24624
-6.25862
-6.265
-6.26306
-6.25608
-6.24554
-6.24155
-6.24138
-6.24405
-6.24728
-6.25403
-6.2604
-6.27027
-6.28525
-6.3012
-6.31644
-6.33195
-6.33887
-6.34706
-6.35023
-6.34732
-6.33807
-6.31939
-6.29144
-6.25232
-6.21419
-6.19609
-6.20331
-6.22628
-6.25146
-6.27317
-6.28726
-6.29395
-6.29799
-6.30154
-6.30339
-6.30989
-6.32484
-6.34481
-6.36725
-6.388
-6.40742
-6.42233
-6.43368
-6.44141
-6.44011
-6.42887
-6.40766
-6.37582
-6.33317
-6.28936
-6.24696
-6.2063
-6.17747
-6.1661
-6.1695
-6.19019
-6.21614
-6.23809
-6.25386
-6.26113
-6.25806
-6.248
-6.22968
-6.20826
-6.18979
-6.18031
-6.1824
-6.19351
-6.21331
-6.23441
-6.2583
-6.29414
-6.34005
-6.39446
-6.45261
-6.50266
-6.53872
-6.55691
-6.5512
-6.52813
-6.49399
-6.45671
-6.42499
-6.40251
-6.39048
-6.38628
-6.38457
-6.37944
-6.3658
-6.34285
-6.31106
-6.27759
-6.24457
-6.21895
-6.19976
-6.1866
-6.17667
-6.17282
-6.17255
-6.17754
-6.18743
-6.20426
-6.22615
-6.25085
-6.27587
-6.29948
-6.31604
-6.32592
-6.33215
-6.33891
-6.34834
-6.36167
-6.38278
-6.41179
-6.44486
-6.47772
-6.51342
-6.54132
-6.55661
-6.55776
-6.53796
-6.4962
-6.43819
-6.36969
-6.29327
-6.22439
-6.16413
-6.12177
-6.10271
-6.10251
-6.11997
-6.14996
-6.18575
-6.21932
-6.24723
-6.25809
-6.25395
-6.2395
-6.21565
-6.19073
-6.17484
-6.17164
-6.19194
-6.22822
-6.27334
-6.32162
-6.36692
-6.40474
-6.43248
-6.45265
-6.4594
-6.45778
-6.44484
-6.42801
-6.40612
-6.38833
-6.36928
-6.35491
-6.34606
-6.3379
-6.32885
-6.31506
-6.29875
-6.28176
-6.26231
-6.24959
-6.23737
-6.23455
-6.23788
-6.24809
-6.2653
-6.28358
-6.30021
-6.30566
-6.30103
-6.2845
-6.25615
-6.22125
-6.18913
-6.1612
-6.14345
-6.13954
-6.14824
-6.17111
-6.20632
-6.2456
-6.2852
-6.32432
-6.35684
-6.3777
-6.39095
-6.39955
-6.4056
-6.40747
-6.40825
-6.4065
-6.40102
-6.38831
-6.36671
-6.33669
-6.30412
-6.27493
-6.25456
-6.25041
-6.26307
-6.2898
-6.32075
-6.34446
-6.35845
-6.36386
-6.35962
-6.3524
-6.34209
-6.32774
-6.31118
-6.29535
-6.27506
-6.25731
-6.24137
-6.23352
-6.22982
-6.22653
-6.22444
-6.22427
-6.22399
-6.22139
-6.21949
-6.21396
-6.21071
-6.2087
-6.21256
-6.22692
-6.24731
-6.2826
-6.33066
-6.38381
-6.43502
-6.47743
-6.50812
-6.52138
-6.50919
-6.47562
-6.42318
-6.3628
-6.3002
-6.24871
-6.21829
-6.21391
-6.23437
-6.27307
-6.31669
-6.35667
-6.38739
-6.40771
-6.41868
-6.42203
-6.42089
-6.41448
-6.40415
-6.38802
-6.36778
-6.34548
-6.31801
-6.28965
-6.25957
-6.22791
-6.20011
-6.18088
-6.17715
-6.19044
-6.21451
-6.24661
-6.28648
-6.32335
-6.35578
-6.38299
-6.40199
-6.41348
-6.41615
-6.41693
-6.40941
-6.39562
-6.374
-6.34641
-6.31327
-6.28343
-6.25919
-6.2443
-6.24097
-6.24689
-6.26214
-6.2765
-6.29233
-6.30425
-6.31334
-6.31825
-6.316
-6.30838
-6.29325
-6.2712
-6.23784
-6.19875
-6.16147
-6.13358
-6.11622
-6.11896
-6.13836
-6.17288
-6.21492
-6.25755
-6.29141
-6.31395
-6.33117
-6.34653
-6.36304
-6.38204
-6.39958
-6.41474
-6.42271
-6.42638
-6.42199
-6.4134
-6.4024
-6.38568
-6.36845
-6.35378
-6.34063
-6.33569
-6.33182
-6.33178
-6.33036
-6.3345
-6.33946
-6.33761
-6.33058
-6.31984
-6.29984
-6.28039
-6.26176
-6.25078
-6.24563
-6.24631
-6.24749
-6.24451
-6.24167
-6.23888
-6.24602
-6.26746
-6.30542
-6.35062
-6.39851
-6.44178
-6.47751
-6.50439
-6.51946
-6.52259
-6.513
-6.36201
-6.35371
-6.33932
-6.3166
-6.28301
-6.23715
-6.17985
-6.10701
-6.01673
-5.90864
-5.78047
-5.63582
-5.4839
-5.33471
-5.20008
-5.09127
-5.01504
-4.97185
-4.9582
-4.96716
-4.9926
-5.02498
-5.05892
-5.09115
-5.11708
-5.13555
-5.14747
-5.15306
-5.15687
-5.15891
-5.15991
-5.16122
-5.16148
-5.15817
-5.14965
-5.13435
-5.11114
-5.08259
-5.05203
-5.02235
-4.99833
-4.97951
-4.96711
-4.96083
-4.95968
-4.96245
-4.97113
-4.98498
-5.00175
-5.01945
-5.03584
-5.04748
-5.05408
-5.05379
-5.04828
-5.03649
-5.02316
-5.01044
-5.00168
-4.9966
-4.99578
-4.99854
-5.00248
-5.00881
-5.01625
-5.02401
-5.02994
-5.0334
-5.03476
-5.0335
-5.03047
-5.02966
-5.03262
-5.03963
-5.0505
-5.06222
-5.07219
-5.07846
-5.08344
-5.08676
-5.08847
-5.08826
-5.09026
-5.08854
-5.08466
-5.08046
-5.07526
-5.07181
-5.07232
-5.07333
-5.0769
-5.08077
-5.08579
-5.0903
-5.09347
-5.09311
-5.09037
-5.08335
-5.07369
-5.05929
-5.04277
-5.02257
-4.99987
-4.97675
-4.95285
-4.93125
-4.91457
-4.90523
-4.90557
-4.91643
-4.93537
-4.96107
-4.99012
-5.01731
-5.0384
-5.05399
-5.06251
-5.06448
-5.05934
-5.05056
-5.04136
-5.03116
-5.02459
-5.01894
-5.0144
-5.0099
-5.00525
-5.00219
-5.00167
-5.0066
-5.01789
-5.03371
-5.05168
-5.07276
-5.09503
-5.11624
-5.13229
-5.14432
-5.15055
-5.15266
-5.15106
-5.14967
-5.1507
-5.15202
-5.15288
-5.15082
-5.14491
-5.13568
-5.12618
-5.11833
-5.1158
-5.11692
-5.12195
-5.12684
-5.12768
-5.12453
-5.11372
-5.09756
-5.07632
-5.05545
-5.03953
-5.03247
-5.03769
-5.05173
-5.06564
-5.0755
-5.07957
-5.08136
-5.08445
-5.09011
-5.0999
-5.11086
-5.12289
-5.13549
-5.14692
-5.15856
-5.16963
-5.18069
-5.1868
-5.18684
-5.1758
-5.1586
-5.13658
-5.11479
-5.09907
-5.09509
-5.10066
-5.11286
-5.12585
-5.1388
-5.14731
-5.15325
-5.15697
-5.15591
-5.1499
-5.139
-5.12229
-5.09933
-5.07266
-5.04478
-5.01586
-4.98843
-4.96398
-4.94607
-4.93422
-4.93176
-4.93686
-4.94889
-4.96784
-4.99359
-5.02656
-5.06204
-5.09933
-5.13528
-5.16629
-5.19231
-5.21022
-5.21894
-5.22095
-5.21547
-5.20527
-5.19067
-5.17374
-5.15687
-5.13796
-5.12041
-5.10395
-5.09064
-5.08145
-5.07666
-5.07824
-5.08451
-5.09678
-5.11363
-5.132
-5.1514
-5.16853
-5.18062
-5.18807
-5.18935
-5.18525
-5.17742
-5.16554
-5.15302
-5.1418
-5.13745
-5.13914
-5.14725
-5.16236
-5.17867
-5.19686
-5.21114
-5.22082
-5.22695
-5.22522
-5.21573
-5.19875
-5.18001
-5.16186
-5.14346
-5.12639
-5.10842
-5.09064
-5.07276
-5.05577
-5.04152
-5.03012
-5.02256
-5.01871
-5.01849
-5.02094
-5.02493
-5.02731
-5.0274
-5.02305
-5.01369
-5.00027
-4.98357
-4.96803
-4.95646
-4.95387
-4.96318
-4.98414
-5.01383
-5.04765
-5.07866
-5.10291
-5.11509
-5.11373
-5.1045
-5.08914
-5.07267
-5.05803
-5.05188
-5.05287
-5.06329
-5.0788
-5.0938
-5.10784
-5.11926
-5.12628
-5.12838
-5.12553
-5.11707
-5.10508
-5.09069
-5.07634
-5.06332
-5.05013
-5.03877
-5.02898
-5.02505
-5.0303
-5.04661
-5.06992
-5.09664
-5.12051
-5.13681
-5.14364
-5.1397
-5.1279
-5.1098
-5.09144
-5.0755
-5.06647
-5.06548
-5.07127
-5.08131
-5.09081
-5.09674
-5.09531
-5.08436
-5.06564
-5.04171
-5.01472
-4.98999
-4.97138
-4.96051
-4.95806
-4.96438
-4.9765
-4.9946
-5.01597
-5.03801
-5.05556
-5.06793
-5.07011
-5.06514
-5.05329
-5.04012
-5.03007
-5.0279
-5.03381
-5.04445
-5.05577
-5.0623
-5.0665
-5.06951
-5.07201
-5.07697
-5.08527
-5.09514
-5.1059
-5.11437
-5.12134
-5.12658
-5.12843
-5.12982
-5.12887
-5.12707
-5.12559
-5.12381
-5.12464
-5.12721
-5.13056
-5.13444
-5.13713
-5.13785
-5.13742
-5.13519
-5.13131
-5.12791
-5.12448
-5.12295
-5.12142
-5.11991
-5.1176
-5.1137
-5.11082
-5.10408
-5.0966
-5.09064
-5.0845
-5.07926
-5.0775
-5.07841
-5.0788
-5.07824
-5.07632
-5.07297
-5.07344
-5.07817
-5.0854
-5.09593
-5.10574
-5.11386
-5.11929
-5.12348
-5.1259
-5.12616
-5.12771
-5.13193
-5.13942
-5.14864
-5.15917
-5.16965
-5.1796
-5.18456
-5.18615
-5.18142
-5.17125
-5.15717
-5.13946
-5.12068
-5.10217
-5.08733
-5.07732
-5.07219
-5.07204
-5.07558
-5.08247
-5.09055
-5.09725
-5.10081
-5.10111
-5.09996
-5.09832
-5.09714
-5.09919
-5.10361
-5.10797
-5.1116
-5.11124
-5.10429
-5.08893
-5.06723
-5.04361
-5.02536
-5.01694
-5.01984
-5.03347
-5.05408
-5.07906
-5.10718
-5.13687
-5.16714
-5.19719
-5.22482
-5.24848
-5.26604
-5.27617
-5.27967
-5.27682
-5.26649
-5.24971
-5.22605
-5.19651
-5.1636
-5.13091
-5.09978
-5.07429
-5.05633
-5.04631
-5.04156
-5.04227
-5.04812
-5.05919
-5.07687
-5.1018
-5.12612
-5.14932
-5.16435
-5.16725
-5.16105
-5.14754
-5.13541
-5.13217
-5.13964
-5.15512
-5.17418
-5.19231
-5.20425
-5.20669
-5.19939
-5.18478
-5.16543
-5.14417
-5.12378
-5.10754
-5.09938
-5.09837
-5.10409
-5.11288
-5.12383
-5.13151
-5.13517
-5.13465
-5.12859
-5.11717
-5.09961
-5.07825
-5.05297
-5.03162
-5.01775
-5.0161
-5.0289
-5.05239
-5.08177
-5.11698
-5.15021
-5.18153
-5.2075
-5.22896
-5.24641
-5.26163
-5.27429
-5.28506
-5.2913
-5.28983
-5.28093
-5.26364
-5.24069
-5.21205
-5.17979
-5.14444
-5.10961
-5.07825
-5.05148
-5.03113
-5.01805
-5.0131
-5.01458
-5.01872
-5.02502
-5.0313
-5.0394
-5.05062
-5.06417
-5.081
-5.09505
-5.1067
-5.11238
-5.10965
-5.0997
-5.08306
-5.0623
-5.04033
-5.0223
-5.00644
-4.99269
-4.98046
-4.96821
-4.95794
-4.95276
-4.95516
-4.96775
-4.98851
-5.0144
-5.04409
-5.07319
-5.09802
-5.11561
-5.12595
-5.1276
-5.12089
-5.10865
-5.09356
-5.07992
-5.07023
-5.06556
-5.06292
-5.06014
-5.05712
-5.05037
-5.04008
-5.02675
-5.01104
-4.99352
-4.97354
-4.95533
-4.94039
-4.93363
-4.93906
-4.95502
-4.97674
-4.99954
-5.01957
-5.03736
-5.0511
-5.06336
-5.07612
-5.08986
-5.10341
-5.11446
-5.12309
-5.12685
-5.12641
-5.12521
-5.12169
-5.11611
-5.11002
-5.10309
-5.09615
-5.08541
-5.07377
-5.0614
-5.04983
-5.04266
-5.04132
-5.04736
-5.05949
-5.07597
-5.09048
-5.10164
-5.10509
-5.0981
-5.0781
-5.0491
-5.01346
-4.9784
-4.95063
-4.93216
-4.9223
-4.91921
-4.92169
-4.92777
-4.93765
-4.9521
-4.9705
-4.9933
-5.01921
-5.04674
-5.07263
-5.0968
-5.1164
-5.12962
-5.13392
-5.12895
-5.11355
-5.09041
-5.06295
-5.03819
-5.02225
-5.01929
-5.02937
-5.05036
-5.07955
-5.11201
-5.14457
-5.16988
-5.18705
-5.19348
-5.18996
-5.17816
-5.15944
-5.13828
-5.12045
-5.10951
-5.10592
-5.11041
-5.11938
-5.12858
-5.13816
-5.1424
-5.14534
-5.14863
-5.15404
-5.15912
-5.16043
-5.15632
-5.14387
-5.12249
-5.09524
-5.06601
-5.04178
-5.02502
-5.02005
-5.0259
-5.04102
-5.06191
-5.08483
-5.10373
-5.11886
-5.12513
-5.12328
-5.11469
-5.10042
-5.08369
-5.06988
-5.06214
-5.06226
-5.06993
-5.08598
-5.10753
-5.12984
-5.15146
-5.16902
-5.182
-5.18696
-5.18435
-5.17275
-5.15342
-5.1286
-5.09854
-5.0667
-5.03498
-5.00587
-4.98083
-4.96468
-4.95651
-4.9564
-4.95969
-4.9662
-4.97231
-4.97781
-4.9832
-4.98946
-4.99792
-5.01115
-5.02242
-5.03252
-5.03874
-5.0427
-5.05193
-5.06622
-5.08741
-5.11209
-5.13478
-5.15004
-5.15404
-5.14626
-5.12676
-5.09843
-5.06679
-5.03932
-5.02216
-5.02119
-5.03526
-5.06021
-5.09037
-5.12212
-5.15165
-5.1749
-5.1929
-5.20647
-5.21546
-5.22198
-5.22656
-5.22889
-5.22575
-5.21664
-5.19951
-5.17418
-5.14175
-5.10189
-5.05657
-5.00883
-4.96533
-4.93175
-4.90807
-4.89815
-4.89817
-4.90359
-4.91068
-4.91956
-4.92795
-4.93758
-4.95009
-4.96712
-4.9902
-5.01933
-5.05289
-5.08909
-5.12292
-5.15251
-5.17482
-5.18793
-5.19218
-5.18927
-5.17824
-5.15931
-5.13625
-5.1107
-5.08724
-5.06615
-5.04974
-5.03502
-5.02142
-5.00793
-4.99505
-4.98731
-4.98201
-4.98104
-4.98405
-4.98991
-4.99618
-5.00109
-5.0051
-5.00565
-5.00458
-5.00353
-5.00793
-5.01934
-5.03791
-5.06133
-5.08617
-5.10847
-5.12539
-5.13762
-5.14684
-5.15257
-5.15666
-5.15836
-5.15874
-5.15966
-5.15968
-5.16027
-5.16287
-5.16612
-5.17041
-5.17416
-5.17673
-5.17718
-5.17583
-5.17349
-5.16936
-5.16678
-5.166
-5.16776
-5.17077
-5.17474
-5.17843
-5.18191
-5.18251
-5.17882
-5.17042
-5.1561
-5.13844
-5.11936
-5.10047
-5.08164
-5.06468
-5.04695
-5.02725
-5.01071
-5.00268
-5.00852
-5.02508
-5.04798
-5.06966
-5.08961
-5.10551
-5.11925
-5.13077
-5.13869
-5.14129
-5.14099
-5.1361
-5.12607
-5.11241
-5.09395
-5.07203
-5.04872
-5.02769
-5.01283
-5.00787
-5.01216
-5.0237
-5.03598
-5.04489
-5.0454
-5.03802
-5.0246
-5.00593
-4.98802
-4.9742
-4.96505
-4.96167
-4.96399
-4.97549
-4.99616
-5.02517
-5.06004
-5.09845
-5.1362
-5.16911
-5.19601
-5.21406
-5.22295
-5.22609
-5.22189
-5.20958
-5.19167
-5.16728
-5.13688
-5.10296
-5.07056
-5.04138
