-5.74634
-5.72508
-5.70309
-5.68861
-5.67321
-5.66501
-5.6615
-5.65845
-5.65844
-5.66137
-5.66359
-5.66907
-5.67261
-5.67416
-5.6753
-5.67463
-5.67375
-5.67235
-5.67008
-5.66718
-5.66513
-5.66469
-5.66496
-5.66468
-5.66543
-5.66684
-5.66726
-5.66856
-5.66939
-5.67098
-5.6716
-5.67208
-5.67485
-5.67458
-5.67446
-5.6742
-5.67422
-5.67207
-5.67245
-5.67261
-5.67299
-5.67206
-5.67081
-5.67179
-5.67326
-5.67285
-5.67306
-5.67187
-5.67251
-5.67372
-5.67261
-5.67212
-5.67163
-5.67279
-5.67108
-5.66914
-5.66895
-5.6686
-5.66679
-5.66736
-5.66699
-5.66942
-5.67101
-5.67269
-5.67388
-5.67273
-5.67419
-5.67473
-5.67656
-5.67447
-5.67392
-5.67558
-5.67851
-5.67758
-5.67606
-5.67459
-5.67542
-5.67398
-5.67348
-5.67267
-5.67196
-5.67207
-5.67238
-5.67316
-5.67165
-5.67382
-5.67312
-5.67278
-5.67064
-5.67233
-5.6728
-5.67184
-5.67344
-5.67339
-5.67391
-5.67361
-5.67434
-5.67536
-5.67467
-5.6748
-5.67343
-5.67342
-5.67245
-5.67154
-5.66911
-5.66885
-5.66638
-5.66636
-5.66406
-5.66571
-5.66648
-5.66667
-5.66779
-5.67035
-5.6716
-5.67299
-5.67344
-5.67512
-5.67771
-5.67797
-5.67825
-5.68089
-5.68248
-5.68053
-5.67838
-5.67612
-5.67736
-5.6769
-5.6779
-5.67799
-5.6783
-5.67816
-5.67791
-5.67573
-5.67431
-5.67337
-5.6735
-5.67137
-5.67215
-5.67163
-5.67111
-5.67029
-5.67237
-5.67315
-5.67331
-5.67257
-5.67422
-5.67176
-5.67228
-5.67148
-5.67218
-5.67176
-5.67283
-5.67217
-5.67304
-5.67414
-5.67254
-5.67304
-5.67304
-5.6719
-5.67168
-5.66868
-5.66603
-5.66837
-5.66888
-5.66959
-5.67052
-5.67246
-5.6732
-5.67423
-5.67439
-5.67214
-5.67582
-5.67621
-5.67808
-5.67719
-5.67743
-5.68017
-5.67863
-5.67736
-5.6754
-5.67605
-5.67611
-5.67533
-5.67374
-5.67522
-5.67386
-5.6767
-5.67782
-5.68136
-5.67958
-5.67542
-5.67514
-5.67491
-5.67441
-5.67395
-5.67353
-5.67252
-5.67223
-5.67398
-5.67385
-5.67245
-5.67396
-5.67605
-5.67644
-5.67446
-5.67371
-5.67261
-5.67123
-5.67054
-5.67286
-5.67301
-5.67255
-5.67403
-5.67741
-5.6768
-5.67803
-5.67533
-5.67487
-5.67447
-5.6751
-5.67641
-5.67604
-5.67488
-5.67225
-5.67179
-5.67071
-5.66947
-5.6685
-5.6701
-5.6713
-5.67357
-5.67289
-5.67396
-5.67283
-5.67172
-5.67167
-5.67148
-5.67092
-5.67267
-5.67164
-5.67113
-5.67053
-5.66989
-5.6718
-5.67491
-5.67456
-5.67577
-5.67935
-5.68131
-5.67838
-5.67841
-5.67953
-5.67666
-5.67603
-5.67413
-5.67423
-5.67441
-5.67565
-5.67537
-5.67584
-5.67545
-5.67708
-5.67717
-5.67662
-5.67605
-5.67354
-5.67205
-5.67069
-5.67244
-5.67504
-5.67445
-5.67728
-5.67943
-5.67823
-5.67633
-5.67522
-5.67448
-5.67627
-5.67586
-5.6761
-5.67525
-5.67699
-5.6763
-5.677
-5.67619
-5.67429
-5.67662
-5.67679
-5.67807
-5.67458
-5.67206
-5.67303
-5.67361
-5.67514
-5.6748
-5.67367
-5.67594
-5.67833
-5.67905
-5.67923
-5.68009
-5.67812
-5.67504
-5.67485
-5.67312
-5.67218
-5.67171
-5.67135
-5.674
-5.67412
-5.67139
-5.67068
-5.66939
-5.67011
-5.66993
-5.67137
-5.6718
-5.67214
-5.6743
-5.6783
-5.67893
-5.67877
-5.6781
-5.67757
-5.67722
-5.67555
-5.67434
-5.67565
-5.675
-5.67363
-5.6743
-5.675
-5.67501
-5.67496
-5.67647
-5.67695
-5.67541
-5.67445
-5.67373
-5.67452
-5.67227
-5.67119
-5.67098
-5.66947
-5.66936
-5.67075
-5.6695
-5.66851
-5.66773
-5.66833
-5.6731
-5.67289
-5.67408
-5.67409
-5.67329
-5.67308
-5.67487
-5.67609
-5.67674
-5.67514
-5.67516
-5.67424
-5.67439
-5.67659
-5.67592
-5.67619
-5.67632
-5.67689
-5.67791
-5.6775
-5.67672
-5.67464
-5.67327
-5.67098
-5.67174
-5.67015
-5.66857
-5.66986
-5.66924
-5.66809
-5.66858
-5.66789
-5.67101
-5.6722
-5.67442
-5.67411
-5.67674
-5.67576
-5.67532
-5.67765
-5.67693
-5.67454
-5.67212
-5.67001
-5.66921
-5.66687
-5.66533
-5.66663
-5.66664
-5.66692
-5.66836
-5.66757
-5.66836
-5.66837
-5.66983
-5.67333
-5.67364
-5.67528
-5.6757
-5.6731
-5.67412
-5.6724
-5.67473
-5.67294
-5.67215
-5.6746
-5.67582
-5.67617
-5.67629
-5.67748
-5.67646
-5.67291
-5.67359
-5.67425
-5.67418
-5.67526
-5.67457
-5.67405
-5.6744
-5.67342
-5.67441
-5.67387
-5.67345
-5.67149
-5.67183
-5.67153
-5.67251
-5.67252
-5.6706
-5.6697
-5.66949
-5.67255
-5.67272
-5.67288
-5.67367
-5.67413
-5.67717
-5.67697
-5.67807
-5.67659
-5.67802
-5.67486
-5.6758
-5.67462
-5.67519
-5.67428
-5.6739
-5.67383
-5.6729
-5.67157
-5.67059
-5.67129
-5.67301
-5.67337
-5.6748
-5.67612
-5.67719
-5.67694
-5.67795
-5.67773
-5.67607
-5.677
-5.67537
-5.67569
-5.67565
-5.67618
-5.67533
-5.67706
-5.67396
-5.67481
-5.67349
-5.67163
-5.66954
-5.66819
-5.66888
-5.66869
-5.66889
-5.67078
-5.67017
-5.67035
-5.67102
-5.67248
-5.67263
-5.67447
-5.67553
-5.67384
-5.67209
-5.67308
-5.67055
-5.66986
-5.67076
-5.67041
-5.67234
-5.67163
-5.67179
-5.67464
-5.67842
-5.67615
-5.67612
-5.67629
-5.6754
-5.6742
-5.67287
-5.67198
-5.67181
-5.67155
-5.67404
-5.67444
-5.675
-5.67661
-5.67482
-5.6765
-5.67587
-5.67452
-5.6747
-5.67482
-5.67296
-5.67492
-5.67358
-5.67344
-5.67363
-5.67334
-5.67631
-5.67582
-5.67468
-5.67626
-5.67607
-5.6775
-5.67754
-5.67719
-5.67559
-5.67577
-5.67592
-5.67518
-5.67238
-5.67088
-5.67108
-5.67265
-5.67323
-5.67485
-5.67629
-5.67709
-5.67754
-5.67772
-5.6771
-5.67641
-5.67606
-5.67708
-5.67559
-5.67517
-5.67381
-5.67339
-5.67291
-5.67269
-5.67308
-5.67183
-5.67251
-5.67287
-5.67256
-5.66906
-5.6686
-5.67004
-5.66991
-5.6701
-5.66977
-5.6709
-5.6707
-5.67201
-5.67099
-5.67001
-5.66889
-5.66939
-5.6678
-5.66656
-5.66838
-5.66837
-5.6693
-5.67194
-5.67414
-5.67451
-5.67468
-5.6756
-5.67695
-5.67741
-5.67666
-5.67502
-5.67582
-5.67654
-5.67537
-5.67827
-5.67621
-5.67408
-5.67474
-5.6736
-5.67352
-5.67441
-5.67521
-5.67425
-5.67412
-5.67354
-5.67297
-5.67478
-5.67356
-5.67454
-5.6738
-5.67447
-5.67288
-5.67415
-5.67241
-5.67383
-5.67386
-5.67182
-5.67216
-5.67158
-5.67165
-5.67275
-5.674
-5.67198
-5.67202
-5.67297
-5.67265
-5.674
-5.67245
-5.67021
-5.67301
-5.6723
-5.66961
-5.67131
-5.66927
-5.66865
-5.67015
-5.67117
-5.67272
-5.6735
-5.67382
-5.6753
-5.67474
-5.67674
-5.6762
-5.6748
-5.67746
-5.67737
-5.67805
-5.67813
-5.6775
-5.6767
-5.6744
-5.67484
-5.67165
-5.6724
-5.67204
-5.67136
-5.67206
-5.67284
-5.6739
-5.67404
-5.67436
-5.67537
-5.67608
-5.67556
-5.67552
-5.67638
-5.67758
-5.6769
-5.67594
-5.67754
-5.67546
-5.67674
-5.67589
-5.67428
-5.67463
-5.67412
-5.67414
-5.67471
-5.67157
-5.67213
-5.67149
-5.66994
-5.67167
-5.67211
-5.67022
-5.67041
-5.66934
-5.67022
-5.67411
-5.67466
-5.67363
-5.67344
-5.67222
-5.6736
-5.67365
-5.6739
-5.67262
-5.67325
-5.67213
-5.67342
-5.67482
-5.67634
-5.67511
-5.67441
-5.67135
-5.67085
-5.66971
-5.66993
-5.67098
-5.67233
-5.67243
-5.67347
-5.67329
-5.67398
-5.67513
-5.67413
-5.6745
-5.67302
-5.67267
-5.67451
-5.67373
-5.67398
-5.67496
-5.6754
-5.67757
-5.67596
-5.67541
-5.67526
-5.67519
-5.67777
-5.6771
-5.67798
-5.67711
-5.67507
-5.67384
-5.67315
-5.6718
-5.67248
-5.67362
-5.67302
-5.67129
-5.67163
-5.67267
-5.67239
-5.67458
-5.67464
-5.67352
-5.67381
-5.67463
-5.67251
-5.6711
-5.67305
-5.67094
-5.6716
-5.67119
-5.67171
-5.67218
-5.67478
-5.67447
-5.67526
-5.67474
-5.67508
-5.67531
-5.67484
-5.67279
-5.67185
-5.66953
-5.66923
-5.67046
-5.67046
-5.66769
-5.66734
-5.66675
-5.66716
-5.66816
-5.6683
-5.66901
-5.67138
-5.6727
-5.67002
-5.67145
-5.66962
-5.6695
-5.6696
-5.66874
-5.66704
-5.66718
-5.66727
-5.6693
-5.66936
-5.67092
-5.67156
-5.67404
-5.67537
-5.67557
-5.67402
-5.67532
-5.67529
-5.67554
-5.67864
-5.67613
-5.67605
-5.67387
-5.67255
-5.67378
-5.67475
-5.6736
-5.67134
-5.67027
-5.67105
-5.673
-5.67216
-5.67487
-5.67168
-5.67327
-5.67424
-5.67467
-5.67397
-5.67465
-5.67428
-5.67625
-5.67915
-5.67941
-5.67843
-5.67605
-5.67503
-5.67448
-5.67413
-5.67329
-5.67482
-5.67481
-5.6739
-5.67179
-5.67336
-5.67281
-5.67368
-5.67493
-5.67389
-5.6737
-5.673
-5.67273
-5.67325
-5.67139
-5.6692
-5.67287
-5.67399
-5.67218
-5.67454
-5.67619
-5.67394
-5.67398
-5.67285
-5.67347
-5.67291
-5.67532
-5.67376
-5.67237
-5.67304
-5.67227
-5.67181
-5.67049
-5.6691
-5.67062
-5.67176
-5.67146
-5.67183
-5.67408
-5.67431
-5.67446
-5.67584
-5.67746
-5.6809
-5.68088
-5.68024
-5.6793
-5.67843
-5.67679
-5.67459
-5.67299
-5.67147
-5.6713
-5.67073
-5.67154
-5.67201
-5.67471
-5.67317
-5.6742
-5.67321
-5.67366
-5.67384
-5.67279
-5.67314
-5.67178
-5.67271
-5.67142
-5.67091
-5.67061
-5.66898
-5.66736
-5.66832
-5.67076
-5.67164
-5.67536
-5.67635
-5.67715
-5.67939
-5.67917
-5.67811
-5.67688
-5.67645
-5.67617
-5.67704
-5.67495
-5.67424
-5.67309
-5.67191
-5.67269
-5.67407
-5.67368
-5.67469
-5.67541
-5.67545
-5.67765
-5.67805
-5.67819
-5.67548
-5.67643
-5.67368
-5.67123
-5.67144
-5.67374
-5.67583
-5.67344
-5.67558
-5.6732
-5.67181
-5.67272
-5.67366
-5.67428
-5.67518
-5.67639
-5.67467
-5.67398
-5.6724
-5.67189
-5.67082
-5.67336
-5.67555
-5.67798
-5.67641
-5.6766
-5.67278
-5.6731
-5.67412
-5.67171
-5.67048
-5.67007
-5.6704
-5.67071
-5.67256
-5.67079
-5.66997
-5.67077
-5.67318
-5.67168
-5.67236
-5.67262
-5.67247
-5.67391
-5.67379
-5.67643
-5.67828
-5.68026
-5.68131
-5.68258
-5.68074
-5.68061
-5.68026
-5.67748
-5.67717
-5.67549
-5.67415
-5.67485
-5.67575
-5.67692
-5.67878
-5.67644
-5.67632
-5.67599
-5.67529
-5.67468
-5.674
-5.67319
-4.70383
-4.69923
-4.69632
-4.69532
-4.69397
-4.69501
-4.69783
-4.7002
-4.70027
-4.69959
-4.69936
-4.70015
-4.69863
-4.6983
-4.69693
-4.69768
-4.69831
-4.69788
-4.70001
-4.70145
-4.70424
-4.70578
-4.70682
-4.70516
-4.705
-4.70365
-4.70307
-4.70336
-4.70082
-4.70019
-4.70059
-4.70016
-4.70251
-4.70431
-4.70356
-4.70519
-4.70555
-4.70532
-4.70529
-4.70597
-4.70339
-4.70165
-4.70034
-4.70314
-4.70381
-4.70472
-4.70595
-4.70602
-4.7065
-4.70576
-4.70667
-4.7028
-4.70176
-4.70093
-4.69991
-4.70137
-4.70088
-4.69936
-4.70133
-4.70215
-4.70194
-4.70132
-4.69959
-4.70051
-4.70251
-4.70589
-4.70692
-4.70763
-4.70938
-4.70884
-4.70828
-4.70783
-4.7066
-4.70563
-4.70423
-4.70626
-4.70295
-4.70172
-4.69838
-4.69654
-4.6954
-4.69593
-4.69591
-4.69775
-4.69705
-4.69816
-4.7016
-4.70318
-4.70382
-4.70337
-4.70462
-4.70637
-4.7038
-4.70212
-4.69953
-4.69846
-4.70092
-4.70065
-4.69969
-4.70054
-4.69969
-4.69927
-4.69911
-4.69702
-4.69714
-4.69735
-4.69968
-4.70043
-4.70188
-4.70312
-4.70265
-4.70446
-4.7073
-4.70641
-4.70796
-4.70832
-4.70901
-4.71082
-4.71104
-4.70928
-4.70973
-4.70659
-4.70419
-4.70039
-4.70026
-4.69781
-4.69708
-4.69498
-4.6952
-4.69555
-4.69852
-4.70054
-4.70329
-4.70649
-4.70796
-4.70691
-4.70247
-4.70059
-4.69768
-4.69904
-4.69972
-4.70122
-4.70021
-4.70084
-4.70256
-4.7035
-4.70271
-4.70364
-4.70289
-4.70424
-4.70344
-4.70088
-4.70017
-4.7004
-4.70034
-4.70233
-4.70313
-4.70298
-4.70284
-4.70265
-4.7024
-4.70461
-4.70509
-4.7017
-4.70267
-4.70249
-4.70323
-4.70297
-4.7055
-4.7041
-4.70351
-4.70265
-4.70235
-4.70121
-4.70331
-4.7036
-4.7023
-4.70355
-4.70655
-4.70807
-4.70959
-4.71085
-4.70872
-4.70954
-4.70888
-4.70873
-4.70652
-4.70237
-4.70171
-4.70122
-4.70027
-4.70061
-4.70204
-4.70156
-4.70276
-4.70341
-4.7058
-4.7057
-4.70818
-4.70763
-4.70913
-4.70776
-4.70642
-4.70646
-4.70538
-4.70359
-4.7028
-4.70108
-4.70067
-4.70118
-4.7003
-4.70029
-4.69961
-4.69973
-4.70151
-4.69959
-4.70146
-4.7037
-4.70396
-4.70343
-4.70322
-4.70187
-4.70135
-4.70171
-4.70372
-4.70335
-4.70326
-4.70361
-4.70283
-4.70331
-4.70446
-4.70273
-4.70196
-4.70076
-4.70264
-4.70108
-4.69964
-4.69814
-4.69811
-4.69957
-4.70096
-4.70331
-4.70411
-4.70631
-4.70645
-4.7047
-4.70439
-4.70425
-4.70188
-4.70264
-4.70056
-4.69894
-4.69994
-4.70042
-4.70401
-4.7041
-4.70586
-4.70585
-4.70329
-4.70253
-4.70395
-4.70294
-4.70386
-4.70661
-4.70594
-4.70476
-4.70216
-4.70181
-4.70127
-4.70002
-4.69808
-4.69967
-4.70056
-4.70131
-4.70368
-4.70674
-4.707
-4.70474
-4.70652
-4.70895
-4.70481
-4.70503
-4.70364
-4.70371
-4.70049
-4.70236
-4.704
-4.70609
-4.7063
-4.70655
-4.70764
-4.70512
-4.70375
-4.70316
-4.70298
-4.7005
-4.70201
-4.70168
-4.70268
-4.70103
-4.6996
-4.69772
-4.69856
-4.69963
-4.69914
-4.69799
-4.69761
-4.69729
-4.69976
-4.70147
-4.70103
-4.70207
-4.70408
-4.70473
-4.70515
-4.70265
-4.70297
-4.70551
-4.70368
-4.7057
-4.70658
-4.70515
-4.70683
-4.70734
-4.71133
-4.71114
-4.71441
-4.71459
-4.71474
-4.71526
-4.71343
-4.71167
-4.71072
-4.70801
-4.70488
-4.70246
-4.70354
-4.70283
-4.70424
-4.70316
-4.70563
-4.70578
-4.70466
-4.70585
-4.70627
-4.70789
-4.70876
-4.70941
-4.70787
-4.70518
-4.70204
-4.7028
-4.70051
-4.69698
-4.69464
-4.69486
-4.69535
-4.69713
-4.70055
-4.70079
-4.7008
-4.70244
-4.70453
-4.70586
-4.70747
-4.70954
-4.71039
-4.70971
-4.70856
-4.70972
-4.71019
-4.7086
-4.70651
-4.70761
-4.70762
-4.70439
-4.7058
-4.70458
-4.70614
-4.70619
-4.70377
-4.70477
-4.70475
-4.70345
-4.70249
-4.70312
-4.70435
-4.70391
-4.70499
-4.70502
-4.70344
-4.70396
-4.70408
-4.70476
-4.70431
-4.70579
-4.70743
-4.70523
-4.7053
-4.70518
-4.70469
-4.70466
-4.70094
-4.70131
-4.70085
-4.6992
-4.70118
-4.7006
-4.70417
-4.70402
-4.70461
-4.70494
-4.70673
-4.70592
-4.70535
-4.70585
-4.7083
-4.70947
-4.70672
-4.70569
-4.7026
-4.70154
-4.6986
-4.69982
-4.69886
-4.7006
-4.70143
-4.69957
-4.7003
-4.70082
-4.701
-4.70312
-4.70246
-4.70247
-4.70328
-4.7008
-4.70278
-4.70135
-4.69896
-4.69909
-4.69921
-4.70178
-4.70242
-4.70398
-4.70506
-4.70584
-4.7057
-4.70505
-4.70524
-4.70278
-4.69934
-4.70063
-4.69763
-4.69606
-4.69738
-4.69854
-4.69885
-4.69924
-4.69959
-4.70136
-4.70024
-4.7024
-4.70246
-4.70213
-4.69959
-4.70166
-4.70084
-4.70128
-4.70332
-4.70455
-4.70347
-4.70128
-4.70092
-4.70471
-4.70097
-4.70085
-4.69848
-4.69734
-4.69798
-4.70154
-4.69993
-4.70102
-4.70281
-4.70484
-4.70551
-4.70567
-4.70479
-4.70481
-4.70252
-4.70474
-4.70515
-4.70402
-4.70309
-4.70444
-4.70242
-4.69964
-4.69904
-4.69976
-4.69992
-4.69955
-4.69999
-4.70192
-4.7038
-4.70369
-4.7063
-4.70644
-4.70703
-4.70635
-4.70558
-4.70572
-4.70684
-4.70813
-4.70751
-4.70716
-4.70666
-4.70585
-4.70239
-4.70252
-4.70278
-4.70204
-4.70056
-4.70065
-4.70134
-4.70152
-4.70192
-4.7024
-4.70369
-4.70218
-4.69933
-4.69987
-4.70014
-4.69939
-4.69988
-4.70174
-4.70196
-4.70313
-4.70254
-4.70144
-4.70411
-4.70373
-4.70464
-4.7046
-4.70467
-4.70662
-4.70568
-4.70578
-4.70524
-4.7072
-4.7057
-4.70392
-4.69869
-4.69792
-4.69917
-4.69609
-4.69688
-4.69839
-4.6978
-4.69869
-4.70193
-4.70314
-4.705
-4.70538
-4.70675
-4.70742
-4.70704
-4.70689
-4.70733
-4.70585
-4.70283
-4.70258
-4.70099
-4.69886
-4.69703
-4.69736
-4.69801
-4.69687
-4.69946
-4.70035
-4.70177
-4.7019
-4.70341
-4.70486
-4.70797
-4.70709
-4.70755
-4.70671
-4.70759
-4.70817
-4.70732
-4.70762
-4.70779
-4.70947
-4.70777
-4.70526
-4.7059
-4.70338
-4.70123
-4.70164
-4.7031
-4.70187
-4.70265
-4.70134
-4.70181
-4.69861
-4.69625
-4.69291
-4.69219
-4.69299
-4.69395
-4.6968
-4.69641
-4.69516
-4.69685
-4.69691
-4.69772
-4.69955
-4.70156
-4.70427
-4.70383
-4.70718
-4.70801
-4.70712
-4.70614
-4.70428
-4.70318
-4.70139
-4.69905
-4.69856
-4.69752
-4.69702
-4.69615
-4.69708
-4.69572
-4.6973
-4.69703
-4.69545
-4.69487
-4.69428
-4.69751
-4.70014
-4.70225
-4.70379
-4.70512
-4.70461
-4.70478
-4.70468
-4.70559
-4.70442
-4.70681
-4.70824
-4.70882
-4.70799
-4.70915
-4.70752
-4.70594
-4.7062
-4.70562
-4.7048
-4.70673
-4.70375
-4.70596
-4.70688
-4.70576
-4.70407
-4.70172
-4.70152
-4.69996
-4.69922
-4.70225
-4.705
-4.70506
-4.70351
-4.70376
-4.70344
-4.70136
-4.70042
-4.70099
-4.69954
-4.69967
-4.70286
-4.70531
-4.70648
-4.7054
-4.7051
-4.70374
-4.70295
-4.70393
-4.70338
-4.70263
-4.70284
-4.70259
-4.6991
-4.69857
-4.69973
-4.69849
-4.69919
-4.70135
-4.69983
-4.70145
-4.70282
-4.70233
-4.70191
-4.70105
-4.69882
-4.6989
-4.69861
-4.6989
-4.69951
-4.70058
-4.70201
-4.70252
-4.70497
-4.70439
-4.70205
-4.70428
-4.70632
-4.70735
-4.70853
-4.70714
-4.706
-4.70679
-4.70477
-4.70358
-4.70316
-4.70324
-4.70466
-4.70576
-4.70644
-4.70669
-4.70634
-4.70545
-4.70357
-4.70169
-4.69883
-4.69808
-4.69679
-4.69833
-4.70025
-4.70211
-4.70194
-4.70334
-4.70409
-4.70556
-4.70648
-4.7081
-4.70864
-4.70789
-4.70706
-4.70819
-4.7079
-4.70674
-4.70613
-4.70747
-4.70947
-4.71013
-4.71124
-4.71259
-4.71206
-4.70857
-4.70917
-4.70797
-4.70528
-4.70443
-4.70207
-4.69815
-4.69624
-4.69693
-4.69522
-4.69794
-4.69786
-4.69792
-4.70037
-4.70101
-4.70185
-4.70304
-4.70451
-4.70528
-4.7084
-4.707
-4.70494
-4.70547
-4.70498
-4.70467
-4.70589
-4.70449
-4.70736
-4.70909
-4.70907
-4.70932
-4.70973
-4.70956
-4.70826
-4.70949
-4.7078
-4.70782
-4.70514
-4.70469
-4.70227
-4.70404
-4.7021
-4.70119
-4.70242
-4.70277
-4.70319
-4.70186
-4.70155
-4.70275
-4.70129
-4.70392
-4.7028
-4.7054
-4.70686
-4.70699
-4.70746
-4.70673
-4.70773
-4.70574
-4.70486
-4.70404
-4.70159
-4.69895
-4.70014
-4.70088
-4.70235
-4.70502
-4.70613
-4.70744
-4.70939
-4.7079
-4.70485
-4.70517
-4.70685
-4.70599
-4.70506
-4.70437
-4.70413
-4.70197
-4.70106
-4.70069
-4.7011
-4.70069
-4.69923
-4.69697
-4.69678
-4.69863
-4.70026
-4.70264
-4.70456
-4.70742
-4.70939
-4.7074
-4.70444
-4.70314
-4.7008
-4.70133
-4.70235
-4.7018
-4.70126
-4.70338
-4.70179
-4.70141
-4.69926
-4.70067
-4.70229
-4.70181
-4.70126
-4.70195
-4.70227
-4.70058
-4.70075
-4.69896
-4.70057
-4.70218
-4.70454
-4.70824
-4.70595
-4.70587
-4.70771
-4.70835
-4.70701
-4.70369
-4.70202
-4.70185
-4.69856
-4.69672
-4.69544
-4.69806
-4.69928
-4.70064
-4.70243
-4.70443
-4.70631
-4.70851
-4.70833
-4.7073
-4.70621
-4.70579
-4.70562
-4.70474
-4.70431
-4.7029
-4.7021
-4.70032
-4.69921
-4.70044
-4.69984
-4.70062
-4.70145
-4.70124
-4.70155
-4.70118
-4.70209
-4.70454
-4.70438
-4.70281
-4.70404
-4.70188
-4.69933
-4.69882
-4.69863
-4.69887
-4.69697
-4.69899
-4.69867
-4.69892
-4.69882
-4.69955
-4.69873
-4.70069
-4.7025
-4.70365
-4.70449
-4.70406
-4.70641
-4.70577
-4.70753
-4.7076
-4.7076
-4.70715
-4.7049
-4.70442
-4.70484
-4.70694
-4.70504
-4.70189
-4.70058
-4.7028
-4.70337
-4.70686
-4.70832
-4.70924
-4.70871
-4.7083
-4.70632
-4.70395
-4.70502
-4.70645
-4.70615
-4.70589
-4.70527
-4.70611
-4.70463
-4.70408
-4.70122
-4.70001
-4.70151
-4.70093
-4.70126
-4.70283
-4.7023
-4.70536
-4.70509
-4.70536
-4.70199
-4.70272
-4.70423
-4.70125
-4.69832
-4.69888
-4.69675
-4.69832
-4.69879
-4.70053
-4.70028
-4.70028
-4.6998
-4.69811
-4.69989
-4.70069
-4.70319
-4.70574
-4.70967
-4.71033
-4.71057
-4.70964
-4.70874
-4.70867
-4.70783
-4.70719
-4.70711
-3.51423
-3.51366
-3.51301
-3.51103
-3.50662
-3.50032
-3.49541
-3.49054
-3.48635
-3.48418
-3.4817
-3.47944
-3.47961
-3.48145
-3.48423
-3.48795
-3.49236
-3.49649
-3.50009
-3.50252
-3.50511
-3.50564
-3.50515
-3.50531
-3.50479
-3.50391
-3.50343
-3.50209
-3.50232
-3.50212
-3.50106
-3.50054
-3.50031
-3.49973
-3.49924
-3.49895
-3.49811
-3.49782
-3.49822
-3.49825
-3.49942
-3.49974
-3.50046
-3.50188
-3.50331
-3.50326
-3.50351
-3.50381
-3.50344
-3.50281
-3.50237
-3.50111
-3.50048
-3.49951
-3.49969
-3.49856
-3.49833
-3.49809
-3.49878
-3.49904
-3.49969
-3.50073
-3.50036
-3.50024
-3.49973
-3.49923
-3.49812
-3.49719
-3.49748
-3.49776
-3.49693
-3.49647
-3.49613
-3.49575
-3.49625
-3.49667
-3.4966
-3.49554
-3.49604
-3.49683
-3.49666
-3.49468
-3.49559
-3.49475
-3.49422
-3.49504
-3.49483
-3.49489
-3.49664
-3.49655
-3.49703
-3.49638
-3.49623
-3.49598
-3.49592
-3.49487
-3.49467
-3.49384
-3.49408
-3.49314
-3.49329
-3.49258
-3.49176
-3.49226
-3.49233
-3.49282
-3.49345
-3.49401
-3.49512
-3.497
-3.49782
-3.49847
-3.49931
-3.49931
-3.49767
-3.4971
-3.49681
-3.49706
-3.49611
-3.49553
-3.49624
-3.49547
-3.49657
-3.49685
-3.49748
-3.49821
-3.4986
-3.49888
-3.49812
-3.49788
-3.49883
-3.4997
-3.49909
-3.49924
-3.49982
-3.50051
-3.49918
-3.49877
-3.49835
-3.49898
-3.49898
-3.4994
-3.50038
-3.49986
-3.4991
-3.49812
-3.4974
-3.49699
-3.4975
-3.49744
-3.49796
-3.4973
-3.49786
-3.49871
-3.49872
-3.49982
-3.49908
-3.49857
-3.49722
-3.49749
-3.49895
-3.49982
-3.50094
-3.5022
-3.50169
-3.50114
-3.5001
-3.4997
-3.49993
-3.49968
-3.50013
-3.49938
-3.49879
-3.49916
-3.49924
-3.49999
-3.5
-3.50058
-3.49946
-3.49894
-3.49621
-3.49592
-3.49626
-3.49664
-3.49665
-3.49804
-3.49889
-3.50002
-3.50014
-3.50158
-3.50115
-3.50088
-3.50118
-3.50017
-3.49887
-3.49855
-3.4987
-3.49808
-3.49751
-3.49757
-3.49699
-3.49714
-3.49782
-3.49998
-3.50068
-3.50214
-3.50292
-3.50317
-3.5034
-3.50374
-3.50533
-3.50504
-3.50462
-3.5039
-3.50216
-3.50173
-3.50105
-3.49961
-3.49947
-3.49871
-3.49856
-3.49781
-3.49717
-3.49799
-3.49724
-3.49735
-3.49696
-3.497
-3.49728
-3.4972
-3.49807
-3.49788
-3.49823
-3.49874
-3.49813
-3.49819
-3.49801
-3.49691
-3.49663
-3.49605
-3.49555
-3.49578
-3.49497
-3.49467
-3.49436
-3.49661
-3.49811
-3.49864
-3.50043
-3.50043
-3.50187
-3.501
-3.49904
-3.49899
-3.49822
-3.49734
-3.49533
-3.49514
-3.49624
-3.49633
-3.49711
-3.49708
-3.49752
-3.4976
-3.49733
-3.49759
-3.49777
-3.49829
-3.49868
-3.49889
-3.49867
-3.49842
-3.49704
-3.49606
-3.4951
-3.49442
-3.49447
-3.49419
-3.49474
-3.49481
-3.49526
-3.49616
-3.49695
-3.49731
-3.4977
-3.49719
-3.49716
-3.49569
-3.49243
-3.49182
-3.49239
-3.49439
-3.4954
-3.49764
-3.4978
-3.49922
-3.50073
-3.50026
-3.50004
-3.5
-3.49941
-3.4986
-3.4982
-3.49755
-3.49767
-3.49771
-3.49807
-3.49892
-3.49883
-3.49985
-3.50036
-3.50141
-3.5026
-3.50422
-3.50424
-3.50412
-3.50345
-3.50225
-3.50136
-3.50007
-3.49991
-3.49939
-3.50024
-3.50047
-3.50082
-3.50088
-3.50054
-3.50056
-3.5003
-3.50062
-3.50057
-3.49942
-3.49855
-3.4983
-3.49724
-3.4967
-3.4972
-3.49815
-3.49929
-3.50098
-3.50105
-3.50122
-3.50112
-3.50127
-3.50003
-3.49986
-3.49792
-3.49743
-3.49654
-3.49633
-3.49588
-3.49595
-3.4963
-3.49668
-3.49741
-3.49615
-3.49601
-3.49669
-3.49654
-3.49666
-3.49737
-3.49764
-3.49835
-3.49787
-3.49794
-3.49863
-3.49799
-3.49859
-3.49818
-3.49782
-3.49799
-3.4972
-3.49753
-3.49784
-3.49762
-3.4976
-3.49716
-3.49637
-3.49633
-3.4962
-3.49552
-3.4958
-3.49599
-3.49756
-3.49839
-3.49859
-3.49781
-3.49605
-3.49664
-3.4951
-3.49438
-3.49589
-3.49662
-3.49641
-3.49712
-3.49833
-3.4983
-3.49829
-3.49848
-3.49752
-3.49817
-3.49905
-3.4986
-3.49943
-3.49963
-3.49972
-3.49947
-3.50045
-3.50153
-3.5011
-3.50098
-3.50112
-3.50143
-3.50074
-3.49989
-3.49918
-3.49981
-3.4988
-3.49891
-3.49792
-3.4968
-3.49654
-3.49613
-3.49624
-3.49597
-3.49665
-3.49775
-3.49845
-3.4988
-3.49841
-3.49858
-3.49916
-3.49942
-3.49885
-3.49769
-3.49723
-3.49722
-3.49706
-3.49821
-3.49933
-3.49879
-3.49812
-3.49712
-3.49619
-3.49495
-3.49416
-3.4938
-3.49484
-3.49627
-3.49741
-3.4989
-3.49981
-3.50005
-3.50016
-3.49984
-3.49938
-3.49951
-3.49977
-3.50018
-3.4999
-3.49835
-3.49676
-3.49575
-3.49442
-3.49387
-3.49323
-3.49245
-3.49206
-3.49289
-3.493
-3.49337
-3.49398
-3.49525
-3.49578
-3.49685
-3.49814
-3.49879
-3.49944
-3.50155
-3.50036
-3.50029
-3.4996
-3.49795
-3.4985
-3.49852
-3.49891
-3.5001
-3.50127
-3.50176
-3.50173
-3.50195
-3.50178
-3.50083
-3.49962
-3.49936
-3.50003
-3.50106
-3.50155
-3.50142
-3.50233
-3.50276
-3.50344
-3.50322
-3.50421
-3.50376
-3.50302
-3.50269
-3.50173
-3.50072
-3.49925
-3.49914
-3.49774
-3.49824
-3.49867
-3.49952
-3.50169
-3.50299
-3.50193
-3.50257
-3.50117
-3.50104
-3.50038
-3.50009
-3.49962
-3.49955
-3.49903
-3.49929
-3.49922
-3.49748
-3.49577
-3.49376
-3.49367
-3.49407
-3.49498
-3.49476
-3.49475
-3.49573
-3.49661
-3.49735
-3.49767
-3.49866
-3.50006
-3.50019
-3.50034
-3.49924
-3.49865
-3.49906
-3.49903
-3.50007
-3.49825
-3.49715
-3.49626
-3.49497
-3.49465
-3.49441
-3.49404
-3.4931
-3.494
-3.49398
-3.4937
-3.49377
-3.49311
-3.49278
-3.4935
-3.49467
-3.4967
-3.49767
-3.49708
-3.49745
-3.4981
-3.49833
-3.49746
-3.49721
-3.49696
-3.4964
-3.49614
-3.49548
-3.49529
-3.49556
-3.49669
-3.49688
-3.49621
-3.49686
-3.49682
-3.49665
-3.49652
-3.49658
-3.497
-3.49634
-3.49699
-3.49714
-3.49754
-3.49914
-3.50051
-3.50063
-3.49996
-3.49857
-3.49853
-3.4974
-3.49614
-3.49542
-3.49542
-3.49575
-3.49549
-3.49589
-3.49507
-3.49354
-3.49406
-3.49421
-3.49352
-3.49313
-3.49286
-3.49405
-3.49339
-3.49369
-3.49402
-3.49384
-3.4942
-3.49442
-3.4951
-3.49576
-3.49701
-3.49607
-3.49548
-3.4947
-3.49387
-3.49166
-3.49094
-3.49001
-3.48989
-3.49118
-3.49246
-3.49313
-3.49354
-3.4947
-3.49568
-3.49655
-3.49749
-3.49751
-3.49758
-3.49778
-3.49853
-3.4985
-3.49923
-3.49935
-3.49881
-3.4973
-3.4964
-3.49542
-3.49522
-3.49482
-3.49521
-3.49643
-3.49851
-3.50027
-3.501
-3.50133
-3.50073
-3.50087
-3.49892
-3.49761
-3.49621
-3.49551
-3.49551
-3.49464
-3.49372
-3.49442
-3.49636
-3.49752
-3.49867
-3.49898
-3.49829
-3.50009
-3.4998
-3.50019
-3.50049
-3.50111
-3.50072
-3.49919
-3.49855
-3.49811
-3.49721
-3.49651
-3.49568
-3.49672
-3.4974
-3.49902
-3.50008
-3.501
-3.50182
-3.50284
-3.50185
-3.50226
-3.50114
-3.50018
-3.50011
-3.49988
-3.49928
-3.49968
-3.50055
-3.50127
-3.50089
-3.50138
-3.50219
-3.5015
-3.50083
-3.49945
-3.49909
-3.498
-3.4976
-3.49663
-3.49563
-3.4954
-3.49445
-3.4943
-3.4947
-3.49552
-3.49541
-3.49671
-3.4974
-3.4985
-3.49793
-3.49858
-3.4991
-3.49994
-3.50077
-3.50087
-3.50014
-3.50138
-3.5002
-3.5003
-3.50001
-3.49887
-3.50028
-3.50053
-3.50107
-3.50161
-3.50176
-3.50117
-3.4997
-3.49861
-3.49755
-3.4966
-3.49613
-3.49669
-3.49754
-3.50001
-3.50232
-3.50341
-3.50288
-3.50247
-3.5025
-3.50132
-3.50062
-3.50049
-3.49944
-3.49846
-3.49789
-3.49826
-3.49772
-3.49721
-3.49584
-3.49425
-3.49389
-3.49381
-3.49388
-3.49335
-3.49382
-3.4958
-3.49572
-3.49688
-3.49785
-3.49796
-3.49703
-3.49733
-3.49707
-3.4971
-3.49732
-3.49743
-3.49747
-3.49729
-3.49685
-3.49743
-3.49751
-3.49825
-3.49869
-3.498
-3.49686
-3.49682
-3.49639
-3.49488
-3.49434
-3.49381
-3.49477
-3.49514
-3.49653
-3.49688
-3.49709
-3.49698
-3.49655
-3.49871
-3.49918
-3.49919
-3.49907
-3.49924
-3.49894
-3.4979
-3.49781
-3.49693
-3.49677
-3.49693
-3.49915
-3.50134
-3.50239
-3.50244
-3.50262
-3.50297
-3.50249
-3.50179
-3.50164
-3.50065
-3.50015
-3.49908
-3.4982
-3.49888
-3.49904
-3.49928
-3.50033
-3.50062
-3.50097
-3.50076
-3.50045
-3.49992
-3.49986
-3.50063
-3.50034
-3.5008
-3.50104
-3.50141
-3.50111
-3.50071
-3.50004
-3.50031
-3.50014
-3.49941
-3.49861
-3.49679
-3.49571
-3.49558
-3.49608
-3.49587
-3.49693
-3.49761
-3.49676
-3.4968
-3.49771
-3.50024
-3.5015
-3.50242
-3.50149
-3.50146
-3.50057
-3.5003
-3.5006
-3.50067
-3.49948
-3.49979
-3.49996
-3.49937
-3.49954
-3.49914
-3.49885
-3.49898
-3.49995
-3.50136
-3.50318
-3.50382
-3.50415
-3.50313
-3.50224
-3.50019
-3.49877
-3.49863
-3.4975
-3.49752
-3.49857
-3.49927
-3.50002
-3.50011
-3.50171
-3.50355
-3.50468
-3.50448
-3.50403
-3.50332
-3.5021
-3.50204
-3.50163
-3.50039
-3.50077
-3.50042
-3.49854
-3.49798
-3.4978
-3.4972
-3.49616
-3.4965
-3.49694
