              1       0.452495       0.452495              0
              2       0.439117       0.445806     0.00472991
              3       0.437545       0.443053     0.00387274
              4       0.444908       0.443517     0.00293221
              5       0.435098       0.441833     0.00278758
              6        0.43146       0.440104     0.00280833
              7       0.434437       0.439295     0.00252114
              8       0.446764       0.440228     0.00237261
              9       0.450915       0.441416     0.00238769
             10       0.438729       0.441147     0.00216398
             11       0.440978       0.441132     0.00196731
             12       0.437429       0.440823     0.00182741
             13       0.435195        0.44039     0.00173736
             14       0.435059       0.440009     0.00165447
             15        0.43432        0.43963     0.00158704
             16        0.43111       0.439098     0.00157466
             17       0.443186       0.439338     0.00150029
             18       0.440765       0.439417     0.00141904
             19        0.44912       0.439928      0.0014333
             20       0.442547       0.440059     0.00136761
              1       0.442315       0.442315              0
              2       0.439544       0.440929    0.000979795
              3       0.437041       0.439633     0.00124375
              4       0.444231       0.440783     0.00136428
              5       0.435856       0.439797     0.00140285
              6       0.431382       0.438395     0.00173373
              7       0.434068       0.437777     0.00159245
              8       0.446011       0.438806     0.00169366
              9       0.452187       0.440293     0.00205703
             10        0.43805       0.440068     0.00186351
             11       0.440358       0.440095     0.00169429
             12       0.436536       0.439798     0.00157884
             13       0.434962       0.439426     0.00150058
             14       0.435389       0.439138     0.00142083
             15       0.434495       0.438828      0.0013594
             16       0.430973       0.438337      0.0013602
             17       0.443341       0.438632     0.00131165
             18       0.441405       0.438786     0.00124779
             19       0.450201       0.439387     0.00131885
             20       0.442393       0.439537     0.00126144
