              1       0.193084       0.193084              0
              2       0.235524       0.214304      0.0150048
              3       0.271264       0.233291      0.0184497
              4       0.299944       0.249954       0.019993
              5       0.188608       0.237685      0.0193971
              6       0.279292       0.244619      0.0173596
              7       0.298148       0.252266      0.0164781
              8       0.184872       0.243842      0.0164312
              9       0.289664       0.248933      0.0153741
             10       0.277044       0.251744      0.0140913
             11        0.26236       0.252709      0.0128433
             12       0.255188       0.252916      0.0117747
             13       0.208212       0.249477        0.01136
             14       0.295428       0.252759      0.0110125
             15        0.25616       0.252986      0.0102807
             16       0.247084       0.252617     0.00964477
             17       0.248556       0.252378     0.00908039
             18       0.287028       0.254303     0.00877759
             19       0.285508       0.255946     0.00846787
             20       0.255804       0.255939     0.00804448
              1       0.185124       0.185124              0
              2       0.235344       0.210234      0.0177555
              3       0.271136       0.230535      0.0203681
              4        0.29978       0.247846      0.0214037
              5       0.189444       0.236166      0.0200585
              6       0.279324       0.243359      0.0179589
              7       0.298772       0.251275       0.017049
              8       0.184496       0.242927      0.0168378
              9       0.290012       0.248159      0.0157587
             10       0.276624       0.251006      0.0144376
             11       0.263092       0.252104      0.0131669
             12       0.254752       0.252325      0.0120715
             13       0.208208       0.248931      0.0116101
             14       0.295292       0.252243      0.0112432
             15       0.255912       0.252487      0.0104963
             16       0.246868       0.252136     0.00984615
             17       0.248712       0.251935     0.00926902
             18        0.28752       0.253912     0.00896243
             19       0.285448       0.255572     0.00864305
             20       0.256548        0.25562     0.00821103
