              1      -0.829624      -0.829624              0
              2       -0.83516      -0.832392     0.00195727
              3      -0.835808      -0.833531     0.00160219
              4      -0.832768       -0.83334     0.00121293
              5      -0.836816      -0.834035     0.00115248
              6      -0.838312      -0.834748     0.00116007
              7      -0.837088      -0.835082      0.0010414
              8         -0.832      -0.834697    0.000979909
              9       -0.83028      -0.834206    0.000986303
             10       -0.83532      -0.834318    0.000893939
             11      -0.834392      -0.834324    0.000812697
             12      -0.835856      -0.834452    0.000754929
             13      -0.836776      -0.834631    0.000717712
             14      -0.836832      -0.834788    0.000683452
             15      -0.837136      -0.834945    0.000655569
             16      -0.838456      -0.835164    0.000650295
             17       -0.83348      -0.835065    0.000619541
             18       -0.83448      -0.835032    0.000585974
             19      -0.831024      -0.834821    0.000591895
             20      -0.833744      -0.834768    0.000564746
              1       -0.83384       -0.83384              0
              2      -0.834984      -0.834412    0.000404465
              3      -0.836016      -0.834947    0.000513115
              4      -0.833048      -0.834472    0.000563099
              5      -0.836504      -0.834878    0.000578844
              6      -0.838344      -0.835456    0.000714632
              7       -0.83724      -0.835711    0.000656415
              8      -0.832312      -0.835286    0.000698451
              9      -0.829752      -0.834671    0.000849428
             10        -0.8356      -0.834764    0.000769547
             11      -0.834648      -0.834753     0.00069966
             12      -0.836224      -0.834876    0.000651999
             13      -0.836872       -0.83503     0.00061966
             14      -0.836696      -0.835149     0.00058672
             15      -0.837064      -0.835276    0.000561329
             16      -0.838512      -0.835478    0.000561495
             17      -0.833416      -0.835357    0.000541415
             18      -0.834216      -0.835294    0.000515035
             19      -0.830576      -0.835045    0.000544503
             20      -0.833808      -0.834984    0.000520781
