              1         11.455         11.455              0
              2        14.7168        13.0859        1.15322
              3        13.1855        13.1191       0.769289
              4        12.3613        12.9297        0.59984
              5        13.6112         13.066       0.495116
              6        14.5402        13.3117       0.469624
              7        15.1697        13.5771       0.471618
              8        13.4613        13.5626       0.412888
              9        11.9658        13.3852       0.403336
             10        13.6328          13.41       0.363761
             11         14.284        13.4894       0.339259
             12        13.7096        13.5078       0.311483
             13        14.1843        13.5598       0.291839
             14        12.2685        13.4676       0.285197
             15        14.3437         13.526         0.2721
             16        14.8884        13.6111       0.268087
             17        13.0208        13.5764       0.254556
             18        12.3688        13.5093       0.249098
             19         12.415        13.4517       0.242555
             20        12.6833        13.4133        0.23345
              1        12.9536        12.9536              0
              2        14.7164         13.835       0.623225
              3        13.2218        13.6306        0.44775
              4        12.3967        13.3221       0.429111
              5        13.6264         13.383       0.347578
              6        14.5644        13.5799       0.340891
              7        15.1986        13.8111        0.36223
              8        13.4672        13.7681       0.319492
              9        11.9779        13.5692        0.34033
             10        13.6306        13.5754       0.306352
             11        14.3239        13.6434        0.28596
             12        13.7059        13.6486       0.262178
             13        14.2069        13.6916       0.245503
             14        12.2934        13.5917       0.247448
             15        14.4047        13.6459       0.236814
             16        14.8905        13.7237       0.234441
             17        13.0458        13.6838       0.224016
             18        12.3837        13.6116        0.22291
             19        12.4441        13.5501       0.219484
             20        12.7132        13.5083       0.212462
