              1        0.18134        0.18134              0
              2       0.130956       0.156148      0.0178134
              3       0.136776       0.149691      0.0129934
              4       0.174112       0.155796       0.011087
              5       0.186424       0.161922      0.0104254
              6       0.131784       0.156899      0.0098236
              7       0.119704       0.151585     0.00975195
              8       0.108608       0.146213     0.00990271
              9       0.148412       0.146457     0.00880542
             10       0.091784        0.14099     0.00947134
             11       0.149548       0.141768     0.00864221
             12         0.1551       0.142879     0.00799311
             13       0.155736       0.143868     0.00743919
             14       0.112468       0.141625     0.00723803
             15       0.193924       0.145112     0.00754868
             16       0.178388       0.147192     0.00735782
             17       0.144792        0.14705     0.00692636
             18       0.141512       0.146743     0.00654839
             19       0.130004       0.145862     0.00626272
             20       0.144056       0.145771     0.00595023
              1       0.180844       0.180844              0
              2       0.131428       0.156136      0.0174712
              3       0.136304       0.149525      0.0128373
              4        0.17404       0.155654       0.010994
              5        0.18554       0.161631      0.0102926
              6       0.131624        0.15663     0.00971654
              7       0.120348       0.151447     0.00961199
              8        0.10912       0.146156     0.00975861
              9       0.149012       0.146473     0.00867948
             10       0.091496       0.140976     0.00939269
             11       0.149472       0.141748     0.00857051
             12       0.154832       0.142838     0.00792535
             13       0.156092       0.143858     0.00738099
             14        0.11142       0.141541     0.00720827
             15       0.193776       0.145023       0.007522
             16       0.178548       0.147119     0.00733791
             17         0.1442       0.146947     0.00690827
             18       0.142528       0.146701     0.00652884
             19       0.129224       0.145781     0.00624968
             20        0.14314       0.145649     0.00593859
