              1        7.76749        7.76749              0
              2         6.9721         7.3698       0.281213
              3        6.93646        7.22535       0.221488
              4        6.98963        7.16642       0.173779
              5        7.34823        7.20278       0.142776
              6        7.32692        7.22347        0.12047
              7        6.82067        7.16593       0.116193
              8        6.87309        7.12932        0.10728
              9        7.13041        7.12945      0.0953602
             10        7.05362        7.12186      0.0861251
             11        7.33202        7.14097      0.0803868
             12        7.19155        7.14518      0.0737983
             13        7.21361        7.15045       0.068309
             14        7.08501        7.14577      0.0635894
             15        6.99538        7.13575      0.0601353
             16        7.34069        7.14856      0.0577249
             17        6.89855        7.13385      0.0561714
             18        7.41182        7.14929      0.0551327
             19        7.52336        7.16898      0.0556352
             20        5.92112        7.10659      0.0805714
              1         7.7617         7.7617              0
              2        6.98048        7.37109       0.276206
              3        6.93916        7.22711       0.218463
              4        6.98338        7.16618       0.172135
              5        7.37045        7.20703       0.142473
              6        7.29591        7.22185       0.119495
              7        6.81668        7.16397       0.115596
              8        6.81852        7.12079       0.108913
              9        7.12634         7.1214      0.0968136
             10        7.06196        7.11546      0.0873145
             11        7.38575        7.14003      0.0827622
             12        7.19163        7.14433      0.0759769
             13        7.21046        7.14942      0.0703026
             14        7.06745        7.14356      0.0655244
             15        7.02459        7.13563      0.0616342
             16        7.31986        7.14714      0.0588478
             17        6.94967        7.13553       0.056521
             18        7.40619        7.15057      0.0553449
             19        7.53644        7.17087      0.0560346
             20        5.90953        7.10781      0.0813163
