              1       0.419891       0.419891              0
              2       0.409766       0.414828     0.00357991
              3       0.418847       0.416168     0.00262529
              4       0.423904       0.418102     0.00258501
              5       0.419595       0.418401     0.00208517
              6       0.415721       0.417954     0.00178483
              7        0.41447       0.417456     0.00159773
              8       0.413612       0.416976     0.00146849
              9       0.415316       0.416791     0.00131685
             10        0.41817       0.416929     0.00119237
             11       0.416661       0.416905     0.00108422
             12       0.421562       0.417293     0.00106106
             13       0.414578       0.417084    0.000999784
             14       0.414685       0.416913    0.000942944
             15       0.424731       0.417434     0.00101395
             16       0.420887        0.41765    0.000973277
             17       0.419452       0.417756    0.000921783
             18       0.421941       0.417988    0.000899419
             19        0.41578       0.417872    0.000859555
             20       0.420259       0.417991    0.000824819
              1       0.421455       0.421455              0
              2       0.410459       0.415957     0.00388768
              3        0.41874       0.416885     0.00270018
              4       0.424873       0.418882     0.00266307
              5       0.419962       0.419098      0.0021392
              6       0.416423       0.418652     0.00182854
              7       0.414816       0.418104      0.0016474
              8       0.414852       0.417698      0.0014908
              9        0.41534       0.417436     0.00134797
             10       0.418408       0.417533     0.00121668
             11       0.414792       0.417284     0.00113129
             12       0.421799        0.41766     0.00109781
             13       0.414399       0.417409     0.00104163
             14       0.415447       0.417269    0.000976608
             15       0.423833       0.417707     0.00100478
             16       0.421467       0.417942    0.000969081
             17        0.41893          0.418    0.000913819
             18        0.42187       0.418215    0.000887985
             19       0.416471       0.418123    0.000845981
             20       0.419891       0.418211    0.000808288
