              1      -0.756088      -0.756088              0
              2      -0.762888      -0.759488     0.00240416
              3      -0.756792      -0.758589     0.00176275
              4      -0.753376      -0.757286     0.00173835
              5      -0.756288      -0.757086     0.00140209
              6      -0.758896      -0.757388     0.00120041
              7      -0.759736      -0.757723     0.00107477
              8      -0.760312      -0.758047    0.000987928
              9      -0.759168      -0.758172    0.000885975
             10      -0.757248      -0.758079    0.000802177
             11      -0.758264      -0.758096    0.000729427
             12       -0.75496      -0.757835    0.000713923
             13      -0.759664      -0.757975    0.000672731
             14      -0.759592      -0.758091    0.000634511
             15      -0.752816      -0.757739    0.000682739
             16      -0.755416      -0.757594    0.000655326
             17      -0.756384      -0.757523     0.00062063
             18      -0.754704      -0.757366    0.000605586
             19      -0.758856      -0.757445    0.000578767
             20       -0.75584      -0.757364    0.000555362
              1      -0.755032      -0.755032              0
              2      -0.762424      -0.758728     0.00261347
              3      -0.756864      -0.758107     0.00181467
              4       -0.75272       -0.75676     0.00179233
              5       -0.75604      -0.756616     0.00143964
              6      -0.758424      -0.756917     0.00123083
              7      -0.759504      -0.757287     0.00110908
              8       -0.75948      -0.757561     0.00100376
              9      -0.759152      -0.757738    0.000907661
             10      -0.757088      -0.757673    0.000819218
             11       -0.75952      -0.757841     0.00076176
             12        -0.7548      -0.757587    0.000739224
             13      -0.759784      -0.757756    0.000701408
             14       -0.75908      -0.757851    0.000657649
             15      -0.753424      -0.757556    0.000676793
             16      -0.755024      -0.757398    0.000652729
             17      -0.756736      -0.757359    0.000615492
             18      -0.754752      -0.757214     0.00059809
             19      -0.758392      -0.757276    0.000569818
             20      -0.756088      -0.757216    0.000544413
