              1        1.53108        1.53108              0
              2        1.51774        1.52441     0.00471505
              3        1.52574        1.52485     0.00316407
              4        1.47982        1.51359      0.0100339
              5        1.57797        1.52647       0.014037
              6        1.47447         1.5178      0.0141217
              7        1.55109        1.52256      0.0128802
              8        1.50691         1.5206      0.0114177
              9          1.516        1.52009      0.0101605
             10        1.54338        1.52242     0.00940768
             11         1.5191        1.52212     0.00855728
             12        1.53191        1.52293     0.00788302
             13         1.5432        1.52449     0.00742925
             14        1.54124        1.52569     0.00699421
             15        1.51287        1.52483     0.00657995
             16        1.52752          1.525     0.00617085
             17         1.5271        1.52513     0.00580909
             18        1.54736        1.52636     0.00561618
             19         1.5867        1.52954     0.00615336
             20        1.52279         1.5292     0.00585494
              1        1.54037        1.54037              0
              2        1.49153        1.51595      0.0172669
              3        1.59485        1.54225      0.0243647
              4        1.51822        1.53624      0.0189999
              5        1.56313        1.54162      0.0159429
              6         1.6182        1.55438      0.0176713
              7        1.56914        1.55649      0.0152722
              8        1.51139        1.55085      0.0143663
              9        1.54184        1.54985      0.0128049
             10        1.57852        1.55272      0.0118409
             11        1.55132        1.55259      0.0107651
             12         1.5644        1.55358     0.00991293
             13        1.53482        1.55213     0.00925484
             14        1.49329        1.54793     0.00950041
             15        1.59791        1.55126     0.00943337
             16        1.47743        1.54665     0.00990849
             17        1.56268        1.54759     0.00937041
             18        1.53402        1.54684     0.00888011
             19        1.57781        1.54847     0.00856108
             20        1.46833        1.54446     0.00902207
