              1       0.034892       0.034892              0
              2       0.022144       0.028518      0.0045071
              3       0.031304      0.0294467     0.00309893
              4       0.027004       0.028836     0.00238361
              5       0.024816       0.028032     0.00203798
              6        0.02474      0.0274833     0.00177063
              7       0.016704      0.0259434     0.00208228
              8       0.035364       0.027121     0.00212909
              9       0.031932      0.0276556     0.00195848
             10       0.028168      0.0277068      0.0017633
             11        0.04576       0.029348     0.00224015
             12       0.030372      0.0294333      0.0020551
             13       0.030036      0.0294797     0.00189754
             14       0.031632      0.0296334     0.00176822
             15       0.022772       0.029176     0.00170848
             16       0.024284      0.0288703     0.00162883
             17       0.031028      0.0289972     0.00153795
             18        0.03288      0.0292129     0.00146756
             19       0.030024      0.0292556     0.00139094
             20       0.021924       0.028889     0.00136885
              1       0.036912       0.036912              0
              2       0.035228        0.03607    0.000595384
              3       0.033064       0.035068    0.000909331
              4       0.021596         0.0317     0.00299544
              5       0.034024      0.0321648     0.00243215
              6       0.021648       0.030412     0.00258227
              7       0.027596      0.0300097     0.00224449
              8       0.029012       0.029885     0.00196739
              9       0.036916      0.0306662     0.00189757
             10       0.029464       0.030546     0.00171162
             11       0.039808       0.031388     0.00175092
             12       0.040772        0.03217     0.00177105
             13       0.013804      0.0307572     0.00212485
             14       0.025712      0.0303969      0.0020034
             15        0.02694      0.0301664     0.00188305
             16        0.03744       0.030621     0.00181941
             17       0.035072      0.0308828     0.00173112
             18       0.032948      0.0309976     0.00163874
             19        0.03458      0.0311861      0.0015633
             20        0.02428      0.0308408      0.0015228
