              1       -0.48596       -0.48596              0
              2      -0.485936      -0.485948    8.48528e-06
              3      -0.486472      -0.486123    0.000142727
              4       -0.48544      -0.485952    0.000182494
              5      -0.486456      -0.486053     0.00017159
              6      -0.485232      -0.485916    0.000189847
              7      -0.487608      -0.486158    0.000276693
              8       -0.48604      -0.486143    0.000242497
              9        -0.4882      -0.486372    0.000304789
             10       -0.48812      -0.486546    0.000320562
             11      -0.487448      -0.486628    0.000301716
             12      -0.484968       -0.48649    0.000306662
             13      -0.486928      -0.486524    0.000284918
             14         -0.489      -0.486701    0.000314717
             15      -0.486336      -0.486676    0.000294673
             16       -0.48564      -0.486611    0.000283284
             17       -0.48792      -0.486688     0.00027688
             18       -0.48788      -0.486755    0.000269294
             19       -0.49064      -0.486959    0.000323578
             20       -0.48816      -0.487019     0.00031292
              1      -0.486272      -0.486272              0
              2       -0.48512      -0.485696    0.000407294
              3      -0.486096      -0.485829     0.00029254
              4      -0.485392       -0.48572    0.000238964
              5       -0.48872       -0.48632     0.00056969
              6      -0.488576      -0.486696    0.000585827
              7      -0.488112      -0.486898    0.000535925
              8      -0.487112      -0.486925      0.0004696
              9      -0.490024      -0.487269    0.000528803
             10      -0.483672       -0.48691    0.000585636
             11      -0.486424      -0.486865    0.000534058
             12       -0.48588      -0.486783    0.000495827
             13       -0.48632      -0.486748    0.000458965
             14         -0.486      -0.486694    0.000429278
             15      -0.490624      -0.486956    0.000473906
             16      -0.484456        -0.4868    0.000469344
             17      -0.488104      -0.486877    0.000447959
             18      -0.485912      -0.486823    0.000426267
             19       -0.48852      -0.486912    0.000413082
             20      -0.486624      -0.486898    0.000392679
