              1       0.216117       0.216117              0
              2       0.216123        0.21612     2.3333e-06
              3       0.215976       0.216072    3.92684e-05
              4        0.21626       0.216119    5.01835e-05
              5        0.21598       0.216091    4.71881e-05
              6       0.216317       0.216129    5.21969e-05
              7       0.215663       0.216062    7.61586e-05
              8       0.216095       0.216066    6.67472e-05
              9       0.215499       0.216003     8.3948e-05
             10       0.215521       0.215955    8.83051e-05
             11       0.215707       0.215933    8.31094e-05
             12       0.216389       0.215971    8.44497e-05
             13        0.21585       0.215961     7.8459e-05
             14       0.215278       0.215913    8.67125e-05
             15       0.216013       0.215919    8.11914e-05
             16       0.216205       0.215937    7.80524e-05
             17       0.215577       0.215916    7.62863e-05
             18       0.215588       0.215898    7.41949e-05
             19       0.214824       0.215841    8.92644e-05
             20        0.21551       0.215825    8.63194e-05
              1       0.216031       0.216031              0
              2       0.216347       0.216189     0.00011194
              3       0.216079       0.216153    8.03967e-05
              4       0.216273       0.216183    6.56778e-05
              5       0.215356       0.216017    0.000156999
              6       0.215395       0.215914    0.000161454
              7       0.215524       0.215858    0.000147688
              8         0.2158       0.215851    0.000129406
              9       0.214994       0.215755    0.000145857
             10       0.216744       0.215854    0.000161351
             11       0.215989       0.215867    0.000147147
             12       0.216139       0.215889    0.000136621
             13       0.216018       0.215899    0.000126468
             14       0.216106       0.215914    0.000118292
             15       0.214828       0.215842    0.000130694
             16        0.21653       0.215885    0.000129409
             17       0.215526       0.215863    0.000123505
             18        0.21613       0.215878    0.000117527
             19       0.215411       0.215854    0.000113886
             20       0.215934       0.215858    0.000108263
