              1       0.268386       0.268386              0
              2       0.267657       0.268022    0.000258031
              3       0.268512       0.268185    0.000217806
              4        0.26948       0.268509    0.000324524
              5        0.26929       0.268665    0.000294867
              6       0.267133        0.26841    0.000338666
              7       0.267195       0.268236    0.000331789
              8       0.268117       0.268221     0.00029065
              9       0.268145       0.268213    0.000258481
             10       0.266691       0.268061    0.000273776
             11       0.268863       0.268134     0.00025841
             12       0.269029       0.268208    0.000247415
             13        0.26765       0.268165    0.000232083
             14       0.268281       0.268174    0.000215652
             15       0.268567         0.2682    0.000202863
             16       0.268332       0.268208    0.000190352
             17       0.269005       0.268255    0.000184842
             18       0.268305       0.268258    0.000174594
             19       0.268053       0.268247    0.000165738
             20       0.269602       0.268315    0.000170745
              1       0.268798       0.268798              0
              2       0.267861        0.26833    0.000331148
              3       0.268716       0.268459    0.000244572
              4       0.269104        0.26862    0.000230554
              5        0.26946       0.268788    0.000237906
              6       0.267003       0.268491    0.000336201
              7       0.267687       0.268376    0.000307128
              8       0.268577       0.268401    0.000269766
              9       0.267561       0.268308    0.000255427
             10       0.266781       0.268155    0.000271723
             11       0.268012       0.268142    0.000247333
             12       0.268754       0.268193    0.000231921
             13       0.267527       0.268142    0.000219668
             14       0.267988       0.268131    0.000204252
             15       0.268563        0.26816    0.000192663
             16       0.268093       0.268155    0.000180665
             17       0.268703       0.268188    0.000172885
             18       0.268604       0.268211    0.000164823
             19       0.267909       0.268195     0.00015691
             20       0.269653       0.268268    0.000165138
