              1       0.056484       0.056484              0
              2       0.039712       0.048098      0.0059298
              3        0.03668       0.044292     0.00502841
              4       0.056024       0.047225     0.00454693
              5       0.063788      0.0505376     0.00469152
              6        0.03584       0.048088     0.00450394
              7       0.032008      0.0457909     0.00440756
              8       0.049936       0.046309     0.00388696
              9       0.044076      0.0460609     0.00346298
             10       0.044148      0.0458696     0.00312196
             11       0.034756      0.0448593     0.00299717
             12       0.038736       0.044349     0.00279051
             13       0.044576      0.0443665     0.00257591
             14       0.036068      0.0437737     0.00245917
             15       0.065392      0.0452149     0.00268453
             16         0.0419      0.0450078     0.00252473
             17       0.046908      0.0451195     0.00237869
             18       0.052032      0.0455036     0.00227733
             19        0.03574      0.0449897     0.00221468
             20        0.04426      0.0449532     0.00210425
              1       0.056448       0.056448              0
              2       0.040896       0.048672     0.00549846
              3       0.035464      0.0442693     0.00513413
              4       0.056244       0.047263     0.00464205
              5       0.062208       0.050252     0.00457585
              6       0.035524      0.0477973     0.00442286
              7       0.032868      0.0456646     0.00427443
              8       0.049696      0.0461685     0.00376971
              9       0.044636      0.0459982      0.0033547
             10        0.04392      0.0457904     0.00302566
             11       0.034904      0.0448007     0.00290796
             12       0.040228      0.0444197     0.00269048
             13        0.04584      0.0445289     0.00248574
             14       0.035096      0.0438551     0.00239776
             15       0.065588       0.045304      0.0026396
             16         0.0413      0.0450538     0.00248646
             17       0.046492      0.0451384     0.00234164
             18       0.053128      0.0455822     0.00225322
             19       0.035116      0.0450314     0.00220094
             20       0.043164       0.044938     0.00209287
