              1          2.102          2.102              0
              2        2.16936        2.13568      0.0238132
              3        2.16419        2.14518      0.0176708
              4        2.12791        2.14087      0.0137707
              5        2.13765        2.14022      0.0110316
              6        2.08405        2.13086      0.0125515
              7         2.1882        2.13905      0.0131625
              8         2.1054        2.13485       0.012171
              9         2.1104        2.13213      0.0111176
             10        2.26053        2.14497      0.0157639
             11        2.13211         2.1438      0.0143741
             12          2.142        2.14365       0.013177
             13        2.20099        2.14806      0.0128806
             14        2.20612        2.15221      0.0126105
             15        2.14138        2.15149      0.0117904
             16        2.08813        2.14753      0.0116996
             17         2.1326        2.14665      0.0110443
             18        2.22035        2.15074       0.011164
             19        2.18298        2.15244      0.0107045
             20        2.14016        2.15183      0.0101869
              1        2.08824        2.08824              0
              2         2.1818        2.13502      0.0330785
              3         2.1532        2.14108      0.0226009
              4        2.13381        2.13926      0.0170235
              5         2.1489        2.14119      0.0137276
              6        2.08562        2.13193       0.014225
              7        2.18274        2.13919      0.0139224
              8        2.10964         2.1355      0.0126626
              9        2.11923        2.13369      0.0113838
             10        2.26734        2.14705      0.0163016
             11        2.15837        2.14808      0.0148521
             12        2.12447        2.14612      0.0137441
             13        2.19373        2.14978      0.0131659
             14        2.21039        2.15411      0.0129176
             15         2.1571        2.15431      0.0120579
             16        2.08518        2.14999      0.0120535
             17        2.14387        2.14963      0.0113499
             18        2.22465        2.15379       0.011459
             19        2.18189        2.15527       0.010951
             20         2.1311        2.15406      0.0104699
