              1      -0.551648      -0.551648              0
              2       -0.55336      -0.552504    0.000605283
              3      -0.551352       -0.55212    0.000511013
              4      -0.549072      -0.551358    0.000763132
              5       -0.54952       -0.55099    0.000693413
              6      -0.554584      -0.551589    0.000795511
              7       -0.55444      -0.551997    0.000779162
              8       -0.55228      -0.552032    0.000682572
              9      -0.552216      -0.552052    0.000607036
             10      -0.555616      -0.552409    0.000642472
             11      -0.550528      -0.552238     0.00060639
             12      -0.550136      -0.552063    0.000580603
             13      -0.553376      -0.552164    0.000544659
             14      -0.551896      -0.552145    0.000506091
             15      -0.551224      -0.552083    0.000476058
             16      -0.551776      -0.552064    0.000446691
             17      -0.550192      -0.551954    0.000433776
             18       -0.55184      -0.551948    0.000409723
             19      -0.552432      -0.551973    0.000388952
             20      -0.548784      -0.551814    0.000400858
              1       -0.55068       -0.55068              0
              2       -0.55288       -0.55178    0.000777817
              3      -0.550872      -0.551477    0.000574422
              4       -0.54996      -0.551098    0.000541778
              5       -0.54912      -0.550702    0.000559512
              6      -0.554888        -0.5514    0.000789264
              7      -0.553288       -0.55167    0.000721125
              8        -0.5512      -0.551611     0.00063337
              9      -0.553584       -0.55183    0.000599736
             10      -0.555408      -0.552188    0.000637611
             11      -0.552528      -0.552219    0.000580395
             12      -0.550784      -0.552099    0.000544207
             13      -0.553664       -0.55222    0.000515483
             14      -0.552584      -0.552246    0.000479319
             15      -0.551232      -0.552178    0.000452103
             16      -0.552336      -0.552188    0.000423955
             17      -0.550904      -0.552112    0.000405688
             18      -0.551136      -0.552058     0.00038676
             19      -0.552768      -0.552096    0.000368204
             20      -0.548664      -0.551924    0.000387715
