              1       0.275823       0.275823              0
              2        0.27578       0.275802    1.51762e-05
              3       0.274111       0.275238    0.000460203
              4       0.275515       0.275307     0.00035033
              5       0.276316       0.275509    0.000333334
              6       0.274658       0.275367    0.000306487
              7       0.273852       0.275151    0.000330445
              8       0.275028       0.275135    0.000289497
              9       0.274334       0.275046    0.000270669
             10        0.27459       0.275001    0.000247426
             11       0.275426       0.275039    0.000227929
             12       0.275576       0.275084     0.00021328
             13       0.277367        0.27526    0.000259279
             14       0.275848       0.275302    0.000244142
             15       0.274629       0.275257    0.000231946
             16       0.275361       0.275263    0.000217541
             17        0.27583       0.275297    0.000207284
             18       0.275912       0.275331    0.000198571
             19       0.274089       0.275266    0.000198579
             20       0.275164        0.27526    0.000188715
              1        0.27642        0.27642              0
              2       0.275444       0.275932    0.000345078
              3       0.275049       0.275637    0.000332559
              4       0.277427       0.276085     0.00046085
              5       0.275937       0.276055    0.000369623
              6       0.275687       0.275994    0.000313077
              7        0.27627       0.276033    0.000270817
              8       0.275658       0.275987    0.000240988
              9       0.274201       0.275788    0.000284377
             10       0.274863       0.275696    0.000270583
             11        0.27558       0.275685     0.00024619
             12       0.274334       0.275573    0.000250089
             13       0.274776       0.275511    0.000238231
             14       0.274758       0.275457    0.000227202
             15       0.273632       0.275336    0.000242479
             16       0.276359         0.2754    0.000235606
             17       0.274475       0.275345    0.000227946
             18       0.274924       0.275322    0.000216482
             19       0.275107       0.275311    0.000205385
             20        0.27592       0.275341     0.00019736
