              1        2.20528        2.20528              0
              2         2.2242        2.21474     0.00668977
              3        2.28364        2.23771      0.0192736
              4        2.26283        2.24399      0.0154448
              5        2.23001        2.24119      0.0126063
              6        2.37704        2.26383      0.0231856
              7        2.28375        2.26668      0.0200472
              8        2.26689        2.26671      0.0175413
              9         2.2922        2.26954      0.0158193
             10        2.27037        2.26962      0.0142376
             11        2.30569         2.2729      0.0133155
             12        2.29224        2.27451      0.0123031
             13        2.10293        2.26131      0.0170228
             14        2.17129        2.25488      0.0169781
             15        2.21969        2.25254      0.0160075
             16        2.18531        2.24833      0.0155488
             17        2.19568        2.24524      0.0149395
             18        2.25627        2.24585      0.0141221
             19        2.26215        2.24671      0.0134049
             20        2.27581        2.24816      0.0128133
              1        2.30744        2.30744              0
              2        2.25089        2.27916      0.0199959
              3        2.26387        2.27407      0.0139655
              4        2.26173        2.27098      0.0108095
              5        2.27332        2.27145     0.00865768
              6        2.19725        2.25908      0.0133974
              7        2.26486        2.25991      0.0115088
              8        2.24574        2.25814      0.0102056
              9        2.27551        2.26007      0.0092524
             10        2.19732        2.25379      0.0102359
             11        2.19143        2.24812      0.0107613
             12         2.2446        2.24783     0.00986851
             13        2.25141         2.2481     0.00911323
             14        2.22269        2.24629     0.00864121
             15        2.35925        2.25382      0.0108616
             16         2.1799         2.2492      0.0111219
             17        2.18752        2.24557      0.0110436
             18        2.20322        2.24322      0.0106778
             19        2.26818        2.24453      0.0101963
             20         2.1812        2.24137      0.0101664
