              1      -0.558064      -0.558064              0
              2       -0.55816      -0.558112    3.39411e-05
              3       -0.56188      -0.559368     0.00102577
              4      -0.558752      -0.559214    0.000780802
              5       -0.55696      -0.558763    0.000743474
              6      -0.560664       -0.55908    0.000683734
              7      -0.562456      -0.559562    0.000736773
              8       -0.55984      -0.559597    0.000645494
              9      -0.561384      -0.559796    0.000603538
             10      -0.560816      -0.559898    0.000551743
             11      -0.558952      -0.559812    0.000508238
             12      -0.558616      -0.559712    0.000475551
             13        -0.5546      -0.559319    0.000579163
             14      -0.558008      -0.559225     0.00054531
             15      -0.560728      -0.559325    0.000518078
             16      -0.559096      -0.559311    0.000485897
             17      -0.558048      -0.559237    0.000462959
             18      -0.557864       -0.55916    0.000443476
             19      -0.561928      -0.559306    0.000443412
             20      -0.559536      -0.559318     0.00042139
              1      -0.556728      -0.556728              0
              2      -0.558912       -0.55782    0.000772161
              3      -0.559792      -0.558477    0.000743673
              4      -0.554464      -0.557474     0.00103252
              5      -0.557808      -0.557541    0.000828175
              6      -0.558368      -0.557679    0.000701527
              7      -0.557064      -0.557591     0.00060678
              8      -0.558432      -0.557696    0.000539965
              9       -0.56168      -0.558139    0.000636043
             10      -0.560208      -0.558346    0.000605166
             11      -0.558608      -0.558369    0.000550621
             12      -0.561384      -0.558621    0.000559112
             13        -0.5604      -0.558758    0.000532594
             14       -0.56044      -0.558878    0.000507929
             15      -0.562944      -0.559149    0.000541597
             16      -0.556864      -0.559006    0.000526236
             17      -0.561072      -0.559128    0.000509121
             18      -0.560072       -0.55918    0.000483533
             19      -0.559664      -0.559205    0.000458754
             20      -0.557848      -0.559138    0.000440809
