              1        0.03894        0.03894              0
              2         0.0462        0.04257      0.0025668
              3       0.055472      0.0468707     0.00390624
              4        0.04914       0.047438     0.00297059
              5        0.03836      0.0456224     0.00287832
              6       0.056892      0.0475007     0.00294842
              7        0.05128      0.0480406     0.00257618
              8       0.040732       0.047127     0.00241071
              9        0.04906      0.0473418      0.0021524
             10       0.031104       0.045718     0.00247499
             11        0.03926      0.0451309     0.00231858
             12       0.051232      0.0456393     0.00218039
             13       0.057004      0.0465135     0.00218089
             14       0.056772      0.0472463     0.00214468
             15       0.043404      0.0469901     0.00201694
             16        0.04094       0.046612       0.001926
             17       0.050428      0.0468365     0.00182574
             18       0.038056      0.0463487     0.00178829
             19       0.029664      0.0454705     0.00189757
             20       0.044444      0.0454192     0.00180338
              1       0.057076       0.057076              0
              2       0.031768       0.044422     0.00894773
              3       0.054964       0.047936      0.0066193
              4       0.042032        0.04646      0.0051264
              5       0.042376      0.0456432     0.00416568
              6       0.027716      0.0426553     0.00441476
              7        0.04262      0.0426503     0.00378408
              8        0.04752       0.043259     0.00335967
              9       0.038372       0.042716     0.00302994
             10       0.049284      0.0433728     0.00279723
             11       0.059452      0.0448345     0.00289982
             12       0.046112       0.044941     0.00266012
             13       0.034344      0.0441258     0.00257737
             14         0.0498      0.0445311     0.00242493
             15       0.044488      0.0445283     0.00226327
             16        0.04818      0.0447565     0.00213329
             17       0.032464      0.0440334     0.00212682
             18       0.048756      0.0442958     0.00202478
             19       0.040988      0.0441217     0.00192569
             20       0.044288        0.04413     0.00182942
