              1        4.42031        4.42031              0
              2        4.35387        4.38709      0.0234902
              3        4.86547        4.54655       0.131138
              4        4.59016        4.55745      0.0988055
              5        4.56179        4.55832      0.0790482
              6        4.70674        4.58306      0.0696363
              7        4.51269          4.573      0.0604095
              8         4.6349        4.58074      0.0533516
              9        4.27494        4.54676      0.0572292
             10        4.69136        4.56122      0.0533018
             11        4.51894        4.55738      0.0485945
             12        4.57189        4.55859        0.04456
             13         4.5754        4.55988      0.0411511
             14        4.38543        4.54742      0.0400539
             15        4.30825        4.53148       0.040433
             16        4.61859        4.53692      0.0382708
             17        4.29712        4.52282      0.0385317
             18         4.6126         4.5278      0.0367124
             19        4.61455        4.53237      0.0350629
             20        4.03169        4.50733      0.0412905
              1        4.42377        4.42377              0
              2        4.35983         4.3918       0.022606
              3        4.86877        4.55079       0.130685
              4        4.60176        4.56353      0.0986332
              5        4.55231        4.56129      0.0789321
              6         4.6996        4.58434      0.0690611
              7        4.51884        4.57498      0.0598258
              8        4.60315         4.5785      0.0524511
              9        4.29974        4.54753      0.0550137
             10        4.68655        4.56143      0.0512387
             11        4.54447        4.55989      0.0466039
             12         4.5527        4.55929      0.0427241
             13        4.56891        4.56003       0.039444
             14        4.40151        4.54871      0.0382171
             15        4.32222        4.53361      0.0385369
             16        4.63394        4.53988      0.0366349
             17         4.3232        4.52713      0.0366301
             18        4.63553        4.53315      0.0350866
             19        4.63053        4.53828      0.0336121
             20        4.02298        4.51251      0.0406235
