              1       0.372628       0.372628              0
              2       0.371564       0.372096    0.000376414
              3        0.37387       0.372687     0.00054404
              4       0.374304       0.373091    0.000537534
              5       0.375774       0.373628    0.000644316
              6       0.371198       0.373223    0.000651878
              7       0.369523       0.372694    0.000742741
              8       0.371408       0.372534     0.00066707
              9       0.372162       0.372492    0.000594225
             10       0.373071        0.37255    0.000537612
             11       0.372504       0.372546    0.000488754
             12       0.373645       0.372638    0.000456523
             13       0.371416       0.372544    0.000430968
             14       0.372722       0.372556    0.000400372
             15        0.37818       0.372931     0.00052043
             16       0.373063        0.37294    0.000487968
             17       0.372155       0.372893    0.000461443
             18       0.375263       0.373025    0.000454204
             19       0.374412       0.373098    0.000436125
             20         0.3749       0.373188    0.000423521
              1       0.373583       0.373583              0
              2       0.371999       0.372791    0.000559917
              3       0.373792       0.373125    0.000462151
              4       0.374342       0.373429    0.000435467
              5        0.37575       0.373893    0.000542026
              6       0.371782       0.373541    0.000554314
              7       0.369858       0.373015    0.000680464
              8       0.372318       0.372928    0.000600966
              9       0.371914       0.372815    0.000544659
             10       0.373792       0.372913    0.000498875
             11       0.370941       0.372734    0.000484657
             12       0.373583       0.372805    0.000449404
             13       0.370762       0.372647    0.000441441
             14       0.373467       0.372706    0.000413769
             15       0.377857       0.373049    0.000509118
             16       0.372807       0.373034    0.000477523
             17       0.371898       0.372967    0.000454086
             18       0.375124       0.373087    0.000444385
             19       0.374187       0.373145    0.000424753
             20       0.374249         0.3732    0.000407088
