              1      -0.687256      -0.687256              0
              2      -0.688352      -0.687804    0.000387495
              3      -0.685976      -0.687195    0.000560588
              4      -0.685528      -0.686778    0.000554057
              5      -0.684008      -0.686224     0.00066483
              6      -0.688728      -0.686641    0.000672371
              7      -0.690448      -0.687185    0.000765261
              8      -0.688512      -0.687351    0.000687342
              9      -0.687736      -0.687394      0.0006123
             10        -0.6868      -0.687334    0.000553942
             11      -0.687384      -0.687339    0.000503602
             12      -0.686208      -0.687245    0.000470371
             13      -0.688504      -0.687342    0.000444051
             14       -0.68716      -0.687329    0.000412523
             15      -0.681512      -0.686941      0.0005372
             16      -0.686808      -0.686932    0.000503689
             17      -0.687744       -0.68698    0.000476317
             18      -0.684536      -0.686844    0.000468811
             19      -0.685416      -0.686769    0.000450125
             20      -0.684912      -0.686676    0.000437093
              1      -0.686272      -0.686272              0
              2      -0.687904      -0.687088    0.000576999
              3      -0.686056      -0.686744    0.000476297
              4      -0.685488       -0.68643    0.000448949
              5      -0.684032       -0.68595    0.000559471
              6      -0.688128      -0.686313    0.000571956
              7      -0.690104      -0.686855    0.000701212
              8      -0.687576      -0.686945    0.000619328
              9      -0.687992      -0.687061    0.000561333
             10      -0.686056      -0.686961    0.000514124
             11      -0.688992      -0.687145    0.000499446
             12      -0.686272      -0.687073    0.000463099
             13      -0.689176      -0.687234    0.000454862
             14      -0.686392      -0.687174    0.000426334
             15      -0.681848      -0.686819     0.00052537
             16      -0.687072      -0.686835    0.000492772
             17      -0.688008      -0.686904    0.000468592
             18       -0.68468       -0.68678    0.000458559
             19      -0.685648      -0.686721     0.00043828
             20      -0.685584      -0.686664    0.000420036
