              1       0.121492       0.121492              0
              2       0.101732       0.111612     0.00698621
              3       0.091896        0.10504     0.00710536
              4       0.121724       0.109211     0.00643789
              5         0.1277       0.112909     0.00612084
              6        0.07298       0.106254     0.00793237
              7       0.057552      0.0992966     0.00936587
              8        0.08848      0.0979445     0.00829215
              9       0.083564      0.0963467     0.00752317
             10       0.076732      0.0943852      0.0070219
             11       0.089516      0.0939425     0.00639748
             12       0.073144      0.0922093     0.00609462
             13         0.0774      0.0910702     0.00573128
             14       0.097368        0.09152     0.00533953
             15        0.12014       0.093428     0.00531353
             16       0.110388       0.094488     0.00508607
             17       0.090852      0.0942741     0.00479138
             18       0.087132      0.0938773     0.00454159
             19       0.084344      0.0933756     0.00433019
             20       0.093228      0.0933682     0.00411369
              1       0.121112       0.121112              0
              2       0.101868        0.11149     0.00680378
              3       0.091536       0.104839     0.00707584
              4       0.121168       0.108921     0.00637668
              5       0.127248       0.112586     0.00606398
              6       0.073036       0.105995     0.00785781
              7       0.058408      0.0991966     0.00921823
              8        0.08926      0.0979545      0.0081492
              9       0.084044      0.0964089     0.00738886
             10       0.076208      0.0943888     0.00692061
             11        0.08952      0.0939462      0.0063056
             12       0.073764      0.0922643     0.00600024
             13       0.078516      0.0912068     0.00563111
             14       0.095764      0.0915323     0.00523829
             15        0.11998      0.0934288     0.00522111
             16       0.110612      0.0945027     0.00500402
             17       0.090576      0.0942718       0.004715
             18       0.089276      0.0939942     0.00446121
             19       0.084136      0.0934754     0.00425648
             20        0.09278      0.0934406     0.00404379
