              1        1.82314        1.82314              0
              2        1.87766         1.8504      0.0192758
              3        1.83235        1.84439      0.0137583
              4        1.84282        1.84399      0.0103243
              5        1.84037        1.84327      0.0082849
              6        1.82444        1.84013     0.00747457
              7        1.81504        1.83655     0.00721534
              8        1.88363        1.84243     0.00837664
              9        1.81373        1.83924     0.00803007
             10        1.85304        1.84062     0.00734457
             11        1.94935        1.85051      0.0115496
             12         1.7427        1.84152      0.0136407
             13        1.85643        1.84267      0.0126396
             14        1.82324        1.84128      0.0118127
             15        1.85876        1.84245      0.0110825
             16         1.8794        1.84476      0.0106277
             17        1.85041        1.84509      0.0100078
             18        1.76353        1.84056      0.0104271
             19        1.90157        1.84377       0.010361
             20        1.83984        1.84357     0.00984484
              1         1.8504         1.8504              0
              2         1.8591        1.85475     0.00307694
              3        1.81274        1.84075      0.0116166
              4        1.84401        1.84156     0.00874114
              5        1.82211        1.83767     0.00781073
              6        1.86194        1.84172     0.00748327
              7        1.80841        1.83696     0.00778127
              8        1.76248        1.82765      0.0110541
              9        1.82924        1.82783     0.00982728
             10        1.82398        1.82744     0.00885209
             11        1.79543        1.82453      0.0085124
             12        1.87909        1.82908     0.00893504
             13         1.8467        1.83043     0.00834992
             14        1.79696        1.82804     0.00808864
             15        1.85379        1.82976     0.00772944
             16        1.75493        1.82508     0.00854484
             17        1.85515        1.82685     0.00822326
             18        1.75908        1.82309     0.00858509
             19        1.92338        1.82837     0.00962025
             20        1.78224        1.82606     0.00941159
