              1       0.244587       0.244587              0
              2       0.243621       0.244104     0.00034141
              3       0.243496       0.243901    0.000281414
              4       0.244518       0.244055    0.000249704
              5       0.243064       0.243857    0.000267143
              6       0.243529       0.243802    0.000228136
              7       0.242432       0.243607    0.000266628
              8       0.243114       0.243545    0.000240304
              9       0.244071       0.243604    0.000220603
             10       0.243075       0.243551    0.000204777
             11       0.242955       0.243497     0.00019319
             12        0.24279       0.243438    0.000185843
             13       0.243178       0.243418    0.000172616
             14       0.243577       0.243429    0.000160659
             15       0.242653       0.243377    0.000158057
             16       0.243371       0.243377    0.000148179
             17       0.243184       0.243366    0.000139898
             18       0.244138       0.243409     0.00013855
             19       0.243131       0.243394    0.000132026
             20       0.243719        0.24341    0.000126419
              1       0.243969       0.243969              0
              2       0.243702       0.243835    9.43229e-05
              3       0.243343       0.243671     0.00014806
              4       0.243546        0.24364    0.000114297
              5       0.243323       0.243577    0.000107555
              6       0.243905       0.243631    0.000102604
              7       0.242118       0.243415    0.000218594
              8       0.243267       0.243397    0.000192047
              9       0.243958       0.243459    0.000180538
             10       0.244733       0.243586    0.000202536
             11       0.242871       0.243521    0.000194279
             12       0.242961       0.243475    0.000183624
             13       0.243415        0.24347    0.000169556
             14       0.243766       0.243491    0.000158755
             15       0.242569        0.24343    0.000159627
             16       0.244002       0.243465    0.000153605
             17        0.24298       0.243437    0.000147199
             18       0.243732       0.243453    0.000139934
             19       0.243153       0.243438    0.000133458
             20       0.244182       0.243475    0.000131878
