              1      -0.517664      -0.517664              0
              2      -0.520448      -0.519056    0.000984293
              3      -0.520808       -0.51964    0.000811149
              4      -0.517864      -0.519196    0.000719692
              5      -0.522048      -0.519766     0.00076927
              6      -0.520712      -0.519924    0.000657004
              7      -0.523856      -0.520486    0.000766539
              8      -0.521904      -0.520663    0.000690919
              9      -0.519152      -0.520495     0.00063422
             10      -0.522016      -0.520647    0.000588752
             11       -0.52236      -0.520803    0.000555438
             12      -0.522832      -0.520972     0.00053427
             13       -0.52172       -0.52103    0.000496261
             14      -0.520576      -0.520997     0.00046187
             15      -0.523224      -0.521146    0.000454311
             16      -0.521168      -0.521147    0.000425919
             17      -0.521704       -0.52118    0.000402123
             18       -0.51896      -0.521056    0.000398244
             19      -0.521856      -0.521099      0.0003795
             20      -0.520168      -0.521052    0.000363366
              1      -0.519448      -0.519448              0
              2      -0.520216      -0.519832    0.000271529
              3      -0.521248      -0.520304    0.000425782
              4      -0.520664      -0.520394    0.000328711
              5      -0.521304      -0.520576    0.000309276
              6      -0.519632      -0.520419    0.000295048
              7      -0.524752      -0.521038    0.000626444
              8      -0.521464      -0.521091      0.0005504
              9       -0.51948      -0.520912    0.000517533
             10       -0.51724      -0.520545    0.000581638
             11        -0.5226      -0.520732    0.000557964
             12      -0.522344      -0.520866    0.000527397
             13       -0.52104      -0.520879    0.000486998
             14      -0.520032      -0.520819    0.000455958
             15      -0.523464      -0.520995    0.000458395
             16      -0.519352      -0.520892      0.0004411
             17      -0.522288      -0.520975    0.000422722
             18      -0.520128      -0.520928    0.000401845
             19      -0.521792      -0.520973    0.000383263
             20      -0.518832      -0.520866    0.000378755
