              1       0.040228       0.040228              0
              2       0.027592        0.03391      0.0044675
              3       0.037124      0.0349813     0.00310413
              4       0.034188       0.034783     0.00233443
              5       0.041296      0.0360856     0.00220116
              6         0.0485      0.0381547     0.00263291
              7       0.053952      0.0404114     0.00307546
              8       0.035128       0.039751     0.00276103
              9       0.032628      0.0389596     0.00256517
             10       0.038116      0.0388752     0.00231004
             11       0.030864      0.0381469     0.00221187
             12       0.045168       0.038732     0.00210351
             13       0.033328      0.0383163     0.00198235
             14        0.03396      0.0380051     0.00186501
             15       0.030132      0.0374803     0.00181303
             16       0.025928      0.0367582     0.00183787
             17       0.045356       0.037264       0.001798
             18       0.029556      0.0368358     0.00174836
             19       0.039004      0.0369499     0.00166006
             20       0.041288      0.0371668     0.00159117
              1       0.025564       0.025564              0
              2       0.038948       0.032256     0.00473196
              3       0.040112      0.0348747     0.00381095
              4       0.040932       0.036389     0.00314472
              5       0.037156      0.0365424     0.00251952
              6        0.03084       0.035592     0.00227179
              7       0.040448      0.0362857     0.00205043
              8        0.03816        0.03652     0.00180746
              9       0.046644      0.0376449     0.00192511
             10        0.03152      0.0370324     0.00182744
             11         0.0413      0.0374204     0.00170199
             12       0.039504       0.037594     0.00156899
             13        0.03694      0.0375437     0.00144911
             14       0.035632      0.0374071     0.00135202
             15       0.043652      0.0378235     0.00132443
             16       0.036928      0.0377675     0.00124284
             17       0.039068       0.037844     0.00117208
             18       0.033684      0.0376129     0.00112952
             19       0.038028      0.0376347     0.00107028
             20       0.032132      0.0373596     0.00105154
