              1      -0.822064      -0.822064              0
              2      -0.821928      -0.821996    4.80833e-05
              3      -0.822144      -0.822045    5.14789e-05
              4      -0.825952      -0.823022    0.000846699
              5       -0.82476       -0.82337    0.000745303
              6      -0.823488      -0.823389    0.000621347
              7      -0.820128      -0.822923    0.000685348
              8      -0.822976       -0.82293    0.000599711
              9      -0.820856        -0.8227    0.000575652
             10      -0.824272      -0.822857    0.000539135
             11      -0.820064      -0.822603    0.000546645
             12       -0.82432      -0.822746    0.000519482
             13      -0.822848      -0.822754    0.000479581
             14      -0.824184      -0.822856    0.000456075
             15      -0.821552      -0.822769    0.000433876
             16      -0.818992      -0.822533    0.000466581
             17       -0.82576      -0.822723    0.000476186
             18      -0.816664      -0.822386    0.000556115
             19      -0.824208      -0.822482    0.000535048
             20      -0.824856      -0.822601    0.000521295
              1      -0.823632      -0.823632              0
              2      -0.822072      -0.822852    0.000551543
              3        -0.8218      -0.822501    0.000466024
              4        -0.8262      -0.823426    0.000873739
              5      -0.825064      -0.823754    0.000757922
              6      -0.823008      -0.823629    0.000641708
              7      -0.820512      -0.823184    0.000687407
              8      -0.822992       -0.82316      0.0006019
              9      -0.820552       -0.82287    0.000600741
             10       -0.82364      -0.822947    0.000545577
             11      -0.820592      -0.822733    0.000536349
             12         -0.824      -0.822839    0.000501937
             13      -0.822728       -0.82283    0.000463398
             14      -0.824136      -0.822923    0.000439585
             15      -0.821664      -0.822839    0.000418221
             16       -0.81912      -0.822607    0.000452097
             17       -0.82568      -0.822788    0.000460225
             18      -0.817088      -0.822471    0.000532565
             19       -0.82328      -0.822514    0.000506234
             20      -0.824576      -0.822617    0.000491312
