              1       0.203388       0.203388              0
              2       0.199544       0.201466     0.00135906
              3       0.203296       0.202076     0.00103391
              4       0.290588       0.224204      0.0191791
              5       0.253696       0.230102      0.0162249
              6       0.194632       0.224191       0.014558
              7       0.242032       0.226739      0.0126994
              8       0.223788        0.22637      0.0111174
              9       0.229908       0.226764     0.00988906
             10       0.243236       0.228411      0.0090363
             11       0.289752       0.233987     0.00978536
             12        0.16552       0.228282      0.0105024
             13       0.235728       0.228854     0.00971013
             14       0.202564       0.226977     0.00919635
             15       0.255044       0.228848     0.00877155
             16        0.23814       0.229428     0.00824253
             17       0.239784       0.230038     0.00778016
             18       0.256296       0.231496     0.00748344
             19       0.251816       0.232566     0.00716558
             20       0.249924       0.233434     0.00685966
              1       0.204652       0.204652              0
              2        0.19994       0.202296     0.00166594
              3         0.2027       0.202431     0.00111606
              4       0.290072       0.224341      0.0189934
              5       0.252352       0.229943      0.0159996
              6       0.196276       0.224332      0.0142831
              7       0.242704       0.226957      0.0124814
              8       0.223964       0.226582      0.0109269
              9       0.230508       0.227019     0.00972147
             10       0.243404       0.228657     0.00888634
             11       0.288964        0.23414     0.00962219
             12       0.166628       0.228514       0.010335
             13       0.236156       0.229102     0.00955671
             14       0.202696       0.227215      0.0090583
             15        0.25358       0.228973     0.00862325
             16       0.239372       0.229623     0.00810875
             17       0.238088       0.230121     0.00764704
             18         0.2569       0.231609      0.0073655
             19         0.2518       0.232671     0.00705409
             20       0.250072       0.233541     0.00675483
