              1        12.3746        12.3746              0
              2         11.996        12.1853       0.133877
              3         11.675        12.0152       0.165086
              4          13.41        12.3639       0.326372
              5        12.0902        12.3092       0.265648
              6        12.1605        12.2844       0.222527
              7        12.1012        12.2582       0.192269
              8        12.2111        12.2523       0.168325
              9        11.8835        12.2114        0.15453
             10         12.511        12.2413       0.141953
             11        11.7517        12.1968       0.135849
             12        11.5352        12.1417       0.135254
             13        11.9123         12.124       0.125996
             14         10.578        12.0136       0.158151
             15        11.6186        11.9873       0.149784
             16        11.6263        11.9647       0.142111
             17        11.6234        11.9446       0.135162
             18        11.0737        11.8962       0.136037
             19        12.3212        11.9186       0.130703
             20        10.8054         11.863       0.135502
              1        13.0169        13.0169              0
              2        11.9826        12.4997       0.365656
              3        11.6749        12.2248       0.331389
              4        13.4644        12.5347        0.36578
              5        12.0701        12.4418       0.304196
              6        12.1783        12.3979       0.256647
              7        12.0973        12.3549       0.223545
              8        12.1591        12.3305       0.196938
              9         11.864        12.2786       0.181747
             10        12.4748        12.2982       0.164628
             11        11.7892         12.252        0.15603
             12        11.5337        12.1921       0.154081
             13        11.9295        12.1719       0.143547
             14        10.5469        12.0558       0.174007
             15        11.6227         12.027       0.164785
             16         11.639        12.0027        0.15626
             17        11.6593        11.9825       0.148368
             18         11.075        11.9321       0.148445
             19        12.2846        11.9506       0.141787
             20        10.8076        11.8935       0.145762
