              1        0.43836        0.43836              0
              2       0.438662       0.438511     0.00010688
              3       0.438182       0.438401    0.000114433
              4       0.429696       0.436225     0.00188663
              5       0.432357       0.435451     0.00166037
              6       0.435191       0.435408     0.00138421
              7       0.442658       0.436444     0.00152553
              8       0.436331        0.43643      0.0013349
              9       0.441043       0.436942     0.00128123
             10       0.433445       0.436592     0.00119989
             11         0.4428       0.437157     0.00121631
             12       0.433338       0.436839     0.00115584
             13       0.436616       0.436821     0.00106705
             14       0.433641       0.436594     0.00101473
             15       0.439497       0.436788    0.000965365
             16       0.445176       0.437312     0.00103766
             17       0.430125       0.436889     0.00105925
             18       0.450324       0.437636      0.0012357
             19       0.433587       0.437423      0.0011889
             20       0.432142       0.437159     0.00115839
              1       0.434871       0.434871              0
              2       0.438342       0.436606     0.00122725
              3       0.438946       0.437386     0.00103685
              4       0.429142       0.435325     0.00194695
              5       0.431678       0.434596     0.00168865
              6        0.43626       0.434873      0.0014298
              7       0.441806       0.435864     0.00153063
              8       0.436296       0.435918     0.00134025
              9       0.441718       0.436562     0.00133733
             10       0.434853       0.436391     0.00121447
             11       0.441629       0.436867     0.00119376
             12       0.434051       0.436633     0.00111712
             13       0.436883       0.436652     0.00103135
             14       0.433748       0.436444    0.000978324
             15       0.439249       0.436631    0.000930792
             16       0.444892       0.437148     0.00100567
             17       0.430304       0.436745     0.00102393
             18       0.449388       0.437447     0.00118368
             19       0.435654       0.437353     0.00112514
             20       0.432767       0.437124       0.001092
