              1        44.3454        44.3454              0
              2        51.8234        48.0844        2.64386
              3        52.5122        49.5603        2.13517
              4        40.0887        47.1924        2.60185
              5        48.3511        47.4242        2.09178
              6        42.6262        46.6245        1.88983
              7        39.9709         45.674        1.84346
              8        47.1213        45.8549        1.62188
              9        47.6005        46.0488        1.45322
             10        35.2188        44.9658        1.66319
             11        39.7034        44.4874         1.5793
             12         55.289        45.3876        1.68479
             13        55.1415        46.1379        1.71414
             14        43.5438        45.9526        1.60168
             15        42.2765        45.7075        1.51354
             16         42.495        45.5067         1.4322
             17        49.5577         45.745        1.36763
             18        51.2782        46.0524        1.32575
             19        46.8157        46.0926        1.25658
             20        48.5223        46.2141        1.19961
              1        44.9658        44.9658              0
              2        51.8295        48.3976         2.4267
              3        52.5204        49.7719        1.96883
              4        40.0824        47.3495        2.56542
              5        48.3415        47.5479        2.05999
              6        42.6211        46.7268        1.87318
              7        40.0175        45.7683        1.83448
              8        47.1133        45.9364        1.61286
              9        47.5816        46.1192        1.44397
             10        35.2399        45.0313        1.65955
             11        39.6884        44.5456        1.57817
             12        55.2999        45.4418        1.68197
             13        55.1561         46.189        1.71055
             14        43.5227        45.9986        1.59893
             15         42.302        45.7521        1.51121
             16        42.4972        45.5487        1.43039
             17        49.5738        45.7855         1.3657
             18        51.3086        46.0923        1.32385
             19        46.8037        46.1297         1.2547
             20        48.5137        46.2489        1.19762
