              1      -0.933032      -0.933032              0
              2      -0.944424      -0.938728     0.00402768
              3      -0.944512      -0.940656     0.00311255
              4      -0.931328      -0.938324     0.00308677
              5        -0.9408      -0.938819     0.00250883
              6      -0.935352      -0.938241     0.00215621
              7      -0.932384      -0.937405     0.00200398
              8      -0.939848       -0.93771      0.0017766
              9      -0.936768      -0.937605     0.00158228
             10      -0.925032      -0.936348     0.00185761
             11      -0.930464      -0.935813     0.00176407
             12      -0.950104      -0.937004     0.00197863
             13       -0.95068      -0.938056     0.00208744
             14      -0.936088      -0.937915     0.00194307
             15      -0.931448      -0.937484     0.00186075
             16       -0.93452      -0.937299     0.00175365
             17      -0.938944      -0.937396     0.00165316
             18      -0.945648      -0.937854     0.00162365
             19      -0.941432      -0.938043     0.00154907
             20      -0.941648      -0.938223     0.00148207
              1      -0.934392      -0.934392              0
              2      -0.944264      -0.939328     0.00349028
              3      -0.944424      -0.941027     0.00270885
              4      -0.930856      -0.938484     0.00299607
              5      -0.940944      -0.938976     0.00243692
              6      -0.935264      -0.938357     0.00210783
              7      -0.932672      -0.937545     0.00195694
              8      -0.939824       -0.93783     0.00173293
              9      -0.936784      -0.937714     0.00154428
             10      -0.925024      -0.936445     0.00183874
             11      -0.930592      -0.935913     0.00174687
             12      -0.950272      -0.937109     0.00196893
             13      -0.950624      -0.938149     0.00207384
             14      -0.935808      -0.937982     0.00193244
             15      -0.931552      -0.937553     0.00185054
             16      -0.934464       -0.93736     0.00174493
             17      -0.939296      -0.937474     0.00164599
             18      -0.945432      -0.937916     0.00161283
             19      -0.941552      -0.938107     0.00153926
             20      -0.941584      -0.938281     0.00147208
