              1        0.37188        0.37188              0
              2       0.310438       0.341159       0.021723
              3        0.30996       0.330759      0.0167878
              4       0.381006       0.343321      0.0166396
              5       0.330064       0.340669      0.0135213
              6       0.359427       0.343796      0.0116235
              7       0.375352       0.348304      0.0108019
              8       0.335208       0.346667     0.00957491
              9       0.351812       0.347238     0.00852808
             10       0.414581       0.353973     0.00998626
             11       0.385627        0.35685     0.00948398
             12       0.279524       0.350407      0.0106603
             13       0.276379       0.344712      0.0112589
             14        0.35547       0.345481      0.0104809
             15       0.380364       0.347806      0.0100369
             16       0.363896       0.348812     0.00945981
             17       0.340087       0.348299     0.00891726
             18       0.303792       0.345826     0.00875796
             19       0.326647       0.344817     0.00835498
             20       0.325478        0.34385     0.00799299
              1       0.364584       0.364584              0
              2       0.311306       0.337945      0.0188366
              3       0.310438       0.328776        0.01462
              4       0.383531       0.342464      0.0161484
              5       0.329286       0.339829       0.013132
              6         0.3599       0.343174      0.0113614
              7       0.373809        0.34755      0.0105477
              8       0.335337       0.346024     0.00933904
              9       0.351726       0.346657     0.00832283
             10       0.414624       0.353454     0.00988349
             11       0.384943       0.356317      0.0093904
             12       0.278607       0.349841      0.0106083
             13       0.276685       0.344213      0.0111857
             14       0.356976       0.345125      0.0104238
             15       0.379807       0.347437     0.00998205
             16       0.364197       0.348485     0.00941297
             17       0.338187       0.347879     0.00887874
             18       0.304965       0.345495     0.00869967
             19       0.325998       0.344469      0.0083021
             20       0.325825       0.343536     0.00793916
