              1       0.781904       0.781904              0
              2        0.82834       0.805122      0.0164176
              3       0.784684       0.798309      0.0122775
              4       0.762936       0.789466      0.0119767
              5       0.874384        0.80645      0.0179599
              6       0.616708       0.774826      0.0325173
              7       0.780928       0.775698      0.0278837
              8       0.778104       0.775999      0.0243998
              9        0.69908       0.767452      0.0231372
             10       0.743008       0.765008      0.0209522
             11       0.774972       0.765913       0.019067
             12       0.660384       0.757119      0.0194004
             13       0.829632       0.762697      0.0186927
             14       0.682184       0.756946      0.0182207
             15       0.728988       0.755082      0.0171011
             16       0.724012        0.75314      0.0161421
             17       0.715068       0.750901      0.0153472
             18       0.687768       0.747394      0.0148899
             19       0.583884       0.738788      0.0164057
             20       0.571176       0.730407      0.0175963
              1       0.797436       0.797436              0
              2       0.828344        0.81289      0.0109276
              3       0.784444       0.803408      0.0106307
              4       0.762696        0.79323      0.0118854
              5         0.8744       0.809464      0.0173563
              6       0.616536       0.777309      0.0327231
              7       0.780988       0.777835      0.0280526
              8       0.778408       0.777906      0.0245461
              9         0.6989       0.769128      0.0233357
             10       0.742992       0.766514       0.021148
             11       0.775132       0.767298        0.01924
             12       0.660936       0.758434      0.0195721
             13       0.829604       0.763909      0.0188166
             14        0.68184       0.758047       0.018363
             15       0.729208       0.756124      0.0172392
             16       0.724404       0.754142      0.0162753
             17       0.715144       0.751848      0.0154788
             18       0.688028       0.748302      0.0150194
             19       0.583972       0.739653      0.0165327
             20       0.570604       0.731201      0.0177356
