-0.419669	 -0.209662	 -0.254251
-0.225535	 -0.213801	 0.490716
0.193362	 -0.445774	 -0.440864
-0.337865	 -0.383545	 -0.411451
-0.110175	 -0.393655	 -0.389632
0.0695338	 -0.283181	 -0.401806
-0.178772	 -0.487852	 -0.176207
-0.0362316	 -0.320559	 -0.217671
-0.0136416	 -0.415092	 0.438981
0.354796	 -0.341089	 -0.469432
0.218042	 -0.394325	 -0.253165
0.0521088	 0.491417	 -0.28775
-0.258232	 -0.311667	 -0.145363
-0.160195	 -0.0752102	 0.335085
-0.494175	 -0.181101	 0.496617
-0.466153	 -0.0243413	 -0.187995
-0.186495	 -0.190974	 -0.320758
0.105991	 -0.0614274	 0.360357
-0.0313376	 -0.0933761	 -0.257406
-0.131262	 -0.0193151	 -0.453892
0.427469	 0.264005	 0.453857
0.195049	 0.161092	 0.369363
0.123476	 -0.0686109	 -0.425413
0.386644	 -0.280862	 -0.283087
-0.373957	 0.256346	 0.430284
-0.305976	 0.167311	 -0.292089
0.498301	 -0.452727	 -0.285606
-0.352188	 -0.070647	 -0.401063
-0.20839	 0.123772	 0.333735
0.0375458	 0.352779	 0.443325
-0.201562	 0.431632	 -0.36168
-0.19663	 0.208126	 -0.49125
-0.0763271	 0.137868	 -0.327852
0.230969	 0.356454	 -0.415307
0.202819	 0.43893	 0.34358
-0.402427	 0.0437425	 0.430405
0.45214	 0.312641	 -0.362577
-0.373459	 -0.493039	 -0.130446
0.436492	 -0.259905	 -0.0774587
0.278779	 -0.465911	 -0.0461642
-0.253688	 0.363514	 -0.0116135
0.0107868	 -0.204519	 0.0145266
0.460377	 -0.470511	 0.0457205
0.0312648	 -0.383085	 0.115987
0.118046	 -0.353861	 -0.0701693
0.213757	 0.401865	 -0.211741
0.310427	 -0.390037	 0.321919
0.265537	 0.129157	 -0.105604
0.21987	 -0.214939	 -0.142262
-0.232873	 -0.226224	 0.115007
-0.1491	 -0.14595	 -0.0758162
-0.398612	 -0.13464	 -0.0190426
-0.38499	 -0.345498	 0.0274811
0.134443	 0.0326968	 -0.233994
-0.156353	 -0.433128	 0.0273056
-0.0524742	 0.0285386	 -0.108852
0.259884	 -0.296229	 0.0915071
0.273099	 -0.10553	 -0.301944
0.0795902	 0.200645	 -0.0203082
0.349687	 -0.0601054	 -0.0114657
0.492064	 0.0684538	 -0.391139
-0.382264	 0.36439	 -0.261139
0.403528	 0.416985	 -0.137347
-0.160026	 0.274327	 -0.175645
-0.234055	 -0.0181426	 -0.218196
0.0109517	 0.466702	 -0.0885439
-0.0446513	 0.380953	 0.0876424
-0.138744	 0.189662	 0.0145814
0.277257	 0.109929	 -0.342251
0.0392255	 0.284867	 -0.26234
0.274028	 0.332181	 0.0178822
-0.492146	 0.204507	 -0.195938
0.376091	 0.428358	 0.257948
-0.303625	 -0.399092	 0.209592
0.485503	 -0.266707	 0.174063
-0.480831	 -0.331935	 0.379868
-0.253515	 -0.415981	 0.412206
-0.115349	 -0.328996	 0.288354
0.106787	 -0.305777	 0.277325
-0.0372174	 -0.190384	 0.444559
0.214893	 0.0886208	 0.135058
0.406341	 0.469275	 0.463531
0.202073	 -0.250033	 0.456949
0.267683	 0.264415	 0.190791
0.457683	 -0.0807077	 0.146945
-0.390169	 -0.174791	 0.325767
0.368114	 -0.190492	 0.316047
-0.0124993	 0.124188	 0.364587
-0.0244154	 -0.147028	 0.213621
-0.0110359	 0.0429498	 0.120062
-0.200633	 -0.0423592	 0.119245
0.301827	 -0.0502667	 0.473438
0.117046	 -0.0522725	 -0.0430033
-0.49337	 0.102966	 0.0203451
0.164902	 -0.123228	 0.164044
0.390901	 0.136829	 0.289079
-0.349117	 0.0375047	 0.198995
-0.295339	 0.0552343	 -0.0539102
-0.405824	 0.413355	 -0.468321
-0.391533	 0.385806	 0.241159
-0.191699	 0.326768	 0.226988
0.00694918	 0.468984	 0.29074
-0.199666	 0.403677	 0.437506
0.0537969	 0.221685	 0.186112
0.469844	 0.311154	 0.102061
0.164238	 0.440702	 0.134513
0.0753261	 0.135674	 -0.441405
-0.340867	 0.216465	 0.0922669
