              1       0.236884       0.236884              0
              2       0.199096        0.21799      0.0133601
              3       0.226324       0.220768       0.009191
              4       0.215824       0.219532     0.00697586
              5        0.29652        0.23493      0.0148598
              6        0.19274       0.227898      0.0139479
              7       0.186216       0.221943      0.0131652
              8       0.151656       0.213157      0.0141508
              9       0.218596       0.213762      0.0125913
             10       0.129472       0.205333      0.0138695
             11       0.220688       0.206729      0.0126786
             12       0.187436       0.205121      0.0117236
             13        0.20764       0.205315      0.0108234
             14       0.171444       0.202895      0.0103171
             15         0.2933       0.208922      0.0112528
             16       0.213688        0.20922      0.0105535
             17       0.196388       0.208465     0.00995965
             18        0.17686        0.20671     0.00955986
             19        0.18784       0.205716     0.00910815
             20       0.248308       0.207846     0.00889822
              1       0.236444       0.236444              0
              2       0.199616        0.21803      0.0130207
              3       0.225912       0.220657     0.00894159
              4       0.215368       0.219335     0.00680327
              5       0.296192       0.234706      0.0147867
              6        0.19294       0.227745      0.0138643
              7       0.186716       0.221884       0.013064
              8       0.151828       0.213127       0.014063
              9       0.219072       0.213788      0.0125159
             10       0.129588       0.205368      0.0138091
             11       0.220812       0.206772      0.0126249
             12       0.187284       0.205148      0.0116768
             13        0.20826       0.205387      0.0107811
             14       0.170344       0.202884      0.0102975
             15       0.293204       0.208905      0.0112343
             16       0.213956       0.209221      0.0105366
             17       0.196032       0.208445     0.00994533
             18         0.1782       0.206765      0.0095337
             19         0.1869       0.205719     0.00908907
             20       0.247448       0.207806     0.00887086
