              1        10.7541        10.7541              0
              2        10.9481        10.8511      0.0686005
              3        9.76838        10.4902       0.298205
              4        9.97655        10.3618       0.249776
              5        11.7701        10.6434       0.321553
              6        9.02388        10.3735       0.364033
              7        10.2258        10.3524       0.312639
              8        10.5646        10.3789       0.274682
              9        11.5082        10.5044       0.271309
             10        10.8315        10.5371       0.246142
             11        11.4858        10.6234       0.238396
             12        10.1111        10.5807       0.222318
             13        9.53864        10.5005       0.219191
             14        9.74661        10.4467       0.210046
             15        10.9064        10.4773       0.198266
             16        10.9756        10.5085       0.188304
             17        10.6633        10.5176       0.177448
             18        11.8612        10.5922       0.182616
             19        10.6716        10.5964       0.173052
             20        9.79387        10.5563       0.168988
              1        10.6231        10.6231              0
              2        10.9602        10.7916       0.119194
              3          9.765        10.4494       0.290494
              4        9.95546        10.3259       0.242703
              5        11.7693        10.6146       0.323057
              6        8.98716        10.3434       0.365767
              7        10.1903        10.3215       0.314167
              8        10.5126        10.3454       0.275803
              9        11.4806        10.4715       0.272477
             10        10.8123        10.5056       0.247352
             11        11.5105         10.597       0.241147
             12        10.1084        10.5562       0.224463
             13        9.53987        10.4781       0.220392
             14        9.75732        10.4266       0.210577
             15        10.9583         10.462         0.1995
             16        10.9787        10.4943       0.189626
             17        10.6824        10.5054       0.178794
             18        11.8148        10.5781       0.183062
             19        10.6764        10.5833         0.1735
             20        9.78232        10.5433       0.169384
