              1      -0.804304      -0.804304              0
              2      -0.814216       -0.80926     0.00350442
              3      -0.803448      -0.807323     0.00282141
              4      -0.810688      -0.808164     0.00223799
              5      -0.807912      -0.808114     0.00179096
              6      -0.804808      -0.807563     0.00157493
              7      -0.812008      -0.808198     0.00147241
              8      -0.809288      -0.808334     0.00129465
              9      -0.813144      -0.808868     0.00125628
             10       -0.80908       -0.80889     0.00113083
             11      -0.812776      -0.809243     0.00108181
             12        -0.8068      -0.809039     0.00101064
             13      -0.805568      -0.808772    0.000967528
             14      -0.807624       -0.80869    0.000901889
             15      -0.805088       -0.80845    0.000873151
             16      -0.805616      -0.808273    0.000836354
             17       -0.80688      -0.808191     0.00079116
             18      -0.809696      -0.808275    0.000751612
             19      -0.809632      -0.808346     0.00071544
             20       -0.80988      -0.808423    0.000683767
              1       -0.80368       -0.80368              0
              2      -0.814016      -0.808848     0.00365433
              3       -0.80352      -0.807072     0.00283513
              4      -0.809904       -0.80778     0.00221298
              5      -0.807952      -0.807814     0.00177065
              6      -0.804888      -0.807327     0.00154126
              7       -0.81116      -0.807874     0.00141502
              8      -0.808552      -0.807959     0.00124068
              9      -0.813088      -0.808529     0.00122675
             10      -0.809176      -0.808594     0.00110578
             11       -0.81296      -0.808991     0.00107414
             12      -0.806944       -0.80882    0.000998075
             13      -0.806152      -0.808615    0.000942164
             14      -0.807584      -0.808541    0.000877739
             15      -0.805352      -0.808329     0.00084458
             16      -0.805136      -0.808129    0.000815023
             17      -0.807296       -0.80808    0.000768552
             18       -0.80976      -0.808173      0.0007315
             19      -0.809328      -0.808234     0.00069552
             20      -0.810088      -0.808327    0.000666892
