              1       0.445771       0.445771              0
              2       0.425517       0.435644     0.00716068
              3       0.447508       0.439599      0.0057633
              4       0.432755       0.437888     0.00456941
              5       0.438427       0.437996      0.0036568
              6       0.444747       0.439121      0.0032158
              7       0.430051       0.437825     0.00300614
              8       0.435618       0.437549     0.00264301
              9        0.42772       0.436457     0.00256509
             10       0.436043       0.436416     0.00230891
             11       0.428475       0.435694     0.00220897
             12       0.440694        0.43611     0.00206382
             13       0.443202       0.436656     0.00197584
             14       0.439015       0.436824     0.00184188
             15       0.444178       0.437315     0.00178313
             16       0.443104       0.437677     0.00170801
             17       0.440531       0.437844     0.00161577
             18       0.434784       0.437674     0.00153492
             19       0.434915       0.437529     0.00146099
             20       0.434408       0.437373     0.00139625
              1       0.447038       0.447038              0
              2       0.425928       0.436483     0.00746319
              3       0.447362       0.440109     0.00578985
              4       0.434359       0.438672     0.00451736
              5       0.438346       0.438607     0.00361436
              6       0.444584       0.439603     0.00314629
              7       0.431788       0.438486     0.00288809
              8       0.437121       0.438316     0.00253212
              9       0.427835       0.437151     0.00250429
             10       0.435847       0.437021     0.00225726
             11       0.428098        0.43621     0.00219298
             12       0.440401       0.436559     0.00203785
             13       0.442014       0.436978     0.00192381
             14       0.439096        0.43713     0.00179233
             15       0.443641       0.437564     0.00172461
             16        0.44408       0.437971     0.00166422
             17       0.439683       0.438072     0.00156937
             18       0.434653       0.437882     0.00149363
             19       0.435536       0.437758     0.00142011
             20       0.433982        0.43757      0.0013616
