              1       0.225764       0.225764              0
              2       0.227075       0.226419    0.000463666
              3       0.226175       0.226338    0.000316159
              4       0.227159       0.226543    0.000296368
              5        0.22648       0.226531    0.000237366
              6       0.226407        0.22651    0.000198691
              7       0.226243       0.226472    0.000173928
              8       0.227073       0.226547    0.000167612
              9        0.22632       0.226522    0.000150867
             10       0.226226       0.226492    0.000138648
             11       0.226601       0.226502    0.000126392
             12       0.226984       0.226542    0.000122062
             13       0.226415       0.226532    0.000113067
             14        0.22588       0.226486    0.000114192
             15        0.22681       0.226507    0.000108609
             16       0.226627       0.226515    0.000102078
             17        0.22618       0.226495    9.79536e-05
             18       0.226637       0.226503    9.28265e-05
             19       0.226025       0.226478    9.12835e-05
             20       0.226108       0.226459    8.85774e-05
              1       0.227224       0.227224              0
              2       0.225314       0.226269    0.000675243
              3       0.226076       0.226205    0.000453214
              4       0.226328       0.226236    0.000340951
              5       0.225967       0.226182    0.000276952
              6       0.225766       0.226113    0.000239309
              7       0.225822       0.226071    0.000208695
              8       0.227274       0.226221    0.000230537
              9       0.226163       0.226215    0.000205012
             10       0.226817       0.226275    0.000193162
             11       0.227217       0.226361    0.000193642
             12        0.22595       0.226327    0.000180503
             13       0.226528       0.226342    0.000167283
             14       0.226345       0.226342    0.000155334
             15       0.225756       0.226303     0.00014981
             16       0.226173       0.226295    0.000140668
             17       0.226166       0.226287      0.0001326
             18       0.225594       0.226249    0.000130715
             19       0.226183       0.226245    0.000123882
             20       0.226514       0.226259    0.000118411
