              1      -0.502176      -0.502176              0
              2      -0.497832      -0.500004     0.00153584
              3      -0.500816      -0.500275     0.00104747
              4      -0.497552      -0.499594    0.000982166
              5      -0.499808      -0.499637    0.000786665
              6      -0.500048      -0.499705    0.000658533
              7      -0.500592      -0.499832     0.00057651
              8       -0.49784      -0.499583    0.000555623
              9      -0.500336      -0.499667    0.000500147
             10      -0.500648      -0.499765    0.000459659
             11      -0.499408      -0.499732    0.000419014
             12      -0.498136      -0.499599    0.000404663
             13      -0.500024      -0.499632    0.000374852
             14      -0.501792      -0.499786    0.000378498
             15      -0.498712      -0.499715    0.000359977
             16       -0.49932       -0.49969    0.000338323
             17        -0.5008      -0.499755    0.000324661
             18      -0.499288      -0.499729     0.00030766
             19      -0.501312      -0.499813    0.000302534
             20       -0.50104      -0.499874    0.000293566
              1      -0.497336      -0.497336              0
              2      -0.503656      -0.500496     0.00223446
              3      -0.501144      -0.500712     0.00150004
              4      -0.500312      -0.500612     0.00112836
              5      -0.501504       -0.50079    0.000916682
              6      -0.502168       -0.50102    0.000792134
              7      -0.501984      -0.501158    0.000690839
              8      -0.497168      -0.500659    0.000763563
              9      -0.500856      -0.500681    0.000679036
             10      -0.498688      -0.500482    0.000639709
             11       -0.49736      -0.500198    0.000641417
             12       -0.50156      -0.500311    0.000597926
             13      -0.499648       -0.50026    0.000554104
             14      -0.500256       -0.50026    0.000514525
             15        -0.5022      -0.500389    0.000496213
             16      -0.500824      -0.500417    0.000465942
             17      -0.500848      -0.500442    0.000439225
             18      -0.502736      -0.500569     0.00043292
             19      -0.500792      -0.500581    0.000410293
             20      -0.499696      -0.500537    0.000392158
