              1       0.035192       0.035192              0
              2       0.033192       0.034192    0.000707107
              3        0.03886       0.035748     0.00135511
              4       0.034596        0.03546     0.00104649
              5       0.027472      0.0338624     0.00165612
              6        0.02974      0.0331753     0.00151594
              7       0.022776      0.0316897     0.00189213
              8       0.029868       0.031462     0.00166926
              9        0.04428      0.0328862     0.00200116
             10        0.03388      0.0329856     0.00180351
             11       0.030956      0.0328011     0.00164897
             12        0.03844       0.033271     0.00157709
             13       0.038492      0.0336726     0.00150604
             14        0.03748      0.0339446     0.00142281
             15        0.02436      0.0333056     0.00146442
             16       0.024088      0.0327295     0.00148189
             17       0.044044      0.0333951     0.00153693
             18       0.039832      0.0337527     0.00149257
             19       0.035424      0.0338406      0.0014166
             20       0.036992      0.0339982     0.00135451
              1       0.042308       0.042308              0
              2       0.030504       0.036406     0.00417334
              3       0.032568      0.0351267     0.00297186
              4        0.03472       0.035025     0.00223063
              5       0.038436      0.0357072     0.00188594
              6       0.034904      0.0355733     0.00157636
              7       0.023412       0.033836     0.00210066
              8       0.031456      0.0335385     0.00185903
              9       0.035532        0.03376     0.00166561
             10       0.043256      0.0347096     0.00174892
             11       0.035836       0.034812     0.00159292
             12       0.032332      0.0346053     0.00147352
             13       0.026548      0.0339855     0.00148481
             14        0.03124      0.0337894     0.00139165
             15       0.025764      0.0332544     0.00139794
             16       0.032616      0.0332145     0.00131114
             17       0.033428      0.0332271     0.00123407
             18       0.037164      0.0334458     0.00118474
             19       0.034356      0.0334937     0.00112335
             20       0.035944      0.0336162     0.00107384
