              1        1.67755        1.67755              0
              2        1.65596        1.66676     0.00763209
              3         1.6837         1.6724     0.00686594
              4        1.59778        1.65375      0.0169583
              5        1.62535        1.64807      0.0144868
              6        1.62287        1.64387      0.0126662
              7        1.59255        1.63654      0.0128041
              8        1.66653        1.64029      0.0117396
              9        1.65945        1.64241      0.0106266
             10        1.67917        1.64609      0.0101797
             11         1.6772        1.64892     0.00963905
             12        1.59237        1.64421     0.00992105
             13         1.6868        1.64748     0.00968373
             14        1.61862        1.64542     0.00920893
             15        1.62176        1.64384     0.00872901
             16        1.60711        1.64155     0.00848001
             17        1.67075        1.64326     0.00815335
             18        1.65233        1.64377     0.00771594
             19        1.62394        1.64272     0.00738008
             20         1.6563         1.6434     0.00704224
              1        1.58764        1.58764              0
              2        1.69395        1.64079      0.0375854
              3        1.68065        1.65408      0.0273043
              4        1.67691        1.65979      0.0210661
              5         1.6699        1.66181      0.0169498
              6         1.7183        1.67122      0.0165345
              7        1.67493        1.67175      0.0141809
              8        1.63943        1.66771      0.0129712
              9        1.60767        1.66104      0.0131338
             10        1.63819        1.65876      0.0120176
             11        1.63372        1.65648      0.0111385
             12        1.72297        1.66202       0.011506
             13        1.63732        1.66012      0.0107767
             14        1.64792        1.65925      0.0100421
             15        1.64977        1.65862     0.00939248
             16        1.71857        1.66237     0.00952359
             17        1.71291        1.66534     0.00941605
             18        1.63003        1.66338     0.00909501
             19        1.66133        1.66327     0.00861697
             20        1.70427        1.66532     0.00842643
