              1        0.44615        0.44615              0
              2       0.431829        0.43899     0.00506304
              3       0.440589       0.439523     0.00340332
              4       0.430735       0.437326     0.00318356
              5       0.424883       0.434837     0.00338238
              6       0.448186       0.437062     0.00347408
              7       0.425094       0.435352     0.00337238
              8       0.433249       0.435089     0.00296107
              9       0.442815       0.435948     0.00275367
             10       0.438687       0.436222     0.00249189
             11       0.443695       0.436901     0.00235616
             12       0.441401       0.437276     0.00218945
             13       0.437177       0.437268     0.00202104
             14       0.447099       0.437971     0.00199493
             15         0.4302       0.437453     0.00192803
             16       0.422969       0.436547     0.00200883
             17       0.431131       0.436229     0.00191576
             18       0.406001       0.434549     0.00243663
             19       0.441818       0.434932     0.00233823
             20       0.440334       0.435202     0.00223686
              1       0.444576       0.444576              0
              2       0.432435       0.438505     0.00429253
              3       0.440566       0.439192     0.00291614
              4       0.430968       0.437136     0.00282025
              5       0.423529       0.434415     0.00331889
              6       0.447422       0.436583     0.00340088
              7       0.425304       0.434971     0.00327458
              8       0.431084       0.434485     0.00290108
              9        0.44307       0.435439     0.00273104
             10       0.438756       0.435771     0.00247799
             11       0.444529       0.436567      0.0023772
             12       0.441749       0.436999     0.00221797
             13       0.438408       0.437107        0.00205
             14       0.448417       0.437915     0.00205658
             15       0.430921       0.437449     0.00197162
             16       0.422572       0.436519       0.002056
             17       0.430293       0.436153     0.00196741
             18       0.406165       0.434487     0.00246452
             19       0.441169       0.434839     0.00235977
             20       0.439568       0.435075      0.0022536
