              1        -0.8576        -0.8576              0
              2      -0.862536      -0.860068     0.00174514
              3       -0.85952      -0.859885     0.00117295
              4      -0.862912      -0.860642     0.00109695
              5       -0.86492      -0.861498     0.00116437
              6      -0.856896      -0.860731     0.00119652
              7      -0.864848      -0.861319     0.00116119
              8      -0.862048       -0.86141     0.00101961
              9      -0.858752      -0.861115    0.000948132
             10      -0.860176      -0.861021    0.000857952
             11      -0.858448      -0.860787    0.000811212
             12       -0.85924      -0.860658    0.000753783
             13      -0.860696      -0.860661    0.000695806
             14      -0.857272      -0.860419    0.000686923
             15      -0.863096      -0.860597    0.000663909
             16      -0.865576      -0.860909    0.000691501
             17      -0.862776      -0.861018    0.000659492
             18      -0.871368      -0.861593    0.000836769
             19      -0.859096      -0.861462    0.000802985
             20      -0.859608      -0.861369    0.000768168
              1      -0.858144      -0.858144              0
              2      -0.862328      -0.860236     0.00147927
              3      -0.859528          -0.86     0.00100483
              4      -0.862832      -0.860708    0.000971541
              5      -0.865384      -0.861643     0.00114183
              6       -0.85716      -0.860896     0.00117075
              7      -0.864776       -0.86145      0.0011271
              8      -0.862792      -0.861618    0.000998612
              9      -0.858664       -0.86129    0.000940048
             10      -0.860152      -0.861176    0.000852901
             11       -0.85816      -0.860902    0.000818249
             12       -0.85912      -0.860753    0.000763416
             13      -0.860272      -0.860716    0.000705589
             14      -0.856816      -0.860438    0.000708056
             15      -0.862848      -0.860598    0.000678841
             16      -0.865712      -0.860918    0.000707659
             17      -0.863064      -0.861044    0.000677198
             18      -0.871312      -0.861615    0.000846388
             19       -0.85932      -0.861494    0.000810412
             20      -0.859872      -0.861413    0.000773938
