              1        15.7348        15.7348              0
              2        17.5281        16.6314       0.634019
              3        17.0728        16.7785       0.439419
              4        19.0032        17.3347       0.583604
              5        18.9238        17.6525       0.546618
              6         17.313        17.5959       0.458435
              7         18.689        17.7521       0.418694
              8        16.9936        17.6573       0.376939
              9        16.4504        17.5232       0.358117
             10         16.168        17.3877          0.347
             11        17.0806        17.3597       0.316575
             12        16.0304         17.249        0.30897
             13        16.6589        17.2036       0.288518
             14        16.7817        17.1734       0.269479
             15        18.3791        17.2538       0.263229
             16        18.9611        17.3605       0.267531
             17        17.1525        17.3483       0.252074
             18         20.802        17.5402       0.302402
             19        17.4041         17.533       0.286571
             20        17.4021        17.5265       0.272317
              1        16.7411        16.7411              0
              2        17.5845        17.1628       0.298201
              3        17.0555         17.127       0.200933
              4        18.9935        17.5937       0.431293
              5        18.9161        17.8581       0.418344
              6        17.3497        17.7734       0.357098
              7        18.6863        17.9038       0.329039
              8        17.0156        17.7928       0.306068
              9        16.4634        17.6451       0.305634
             10        16.1735        17.4979        0.30847
             11        17.0477         17.457        0.28313
             12         16.032        17.3383       0.283347
             13        16.6441        17.2849       0.266535
             14        16.7867        17.2493        0.24986
             15         18.323        17.3209       0.243241
             16        18.9452        17.4224       0.248322
             17        17.1478        17.4062        0.23424
             18         20.817        17.5957       0.287842
             19        17.3913         17.585       0.272893
             20        17.3698        17.5742       0.259461
