              1        0.38194        0.38194              0
              2         0.3102        0.34607      0.0253639
              3       0.381404       0.357848      0.0194526
              4       0.318836       0.348095       0.016858
              5       0.287492       0.335974      0.0173035
              6       0.306768       0.331107      0.0150887
              7       0.362196       0.335548      0.0135711
              8       0.289904       0.329842      0.0130189
              9       0.415284       0.339336      0.0146299
             10       0.288024       0.334205      0.0140379
             11       0.327716       0.333615      0.0127741
             12        0.30394       0.331142      0.0119466
             13        0.32064       0.330334      0.0110549
             14       0.331892       0.330445      0.0102658
             15       0.376444       0.333512       0.010029
             16       0.357844       0.335033     0.00951678
             17       0.271204       0.331278      0.0096693
             18        0.37346       0.333622     0.00941181
             19       0.427968       0.338587      0.0101421
             20       0.355016       0.339409     0.00966822
              1       0.391092       0.391092              0
              2       0.310044       0.350568      0.0286548
              3       0.382008       0.361048      0.0209321
              4       0.319564       0.350677      0.0180867
              5       0.287696       0.338081      0.0183383
              6       0.306588       0.332832      0.0160155
              7       0.362072       0.337009      0.0142619
              8       0.289476       0.331067      0.0136609
              9       0.414512       0.340339      0.0149621
             10         0.2888       0.335185      0.0143261
             11       0.328564       0.334583      0.0130363
             12       0.304104       0.332043      0.0121949
             13       0.320372       0.331146      0.0112898
             14       0.332168       0.331219      0.0104837
             15       0.375548       0.334174      0.0101928
             16       0.358692       0.335706     0.00967023
             17       0.271248       0.331915     0.00981664
             18       0.373232        0.33421     0.00953586
             19       0.427852       0.339139      0.0102286
             20        0.35614       0.339989     0.00975245
