              1        0.34253        0.34253              0
              2        0.33875        0.34064     0.00133637
              3       0.342398       0.341226     0.00101129
              4       0.341877       0.341389    0.000771453
              5       0.341883       0.341488    0.000623462
              6       0.339142       0.341097     0.00063031
              7       0.339943       0.340932    0.000561397
              8       0.341595       0.341015    0.000497308
              9       0.339787       0.340878    0.000460395
             10       0.340731       0.340864    0.000414592
             11       0.341793       0.340948    0.000385417
             12       0.342691       0.341093    0.000379695
             13       0.339642       0.340982    0.000366532
             14       0.340647       0.340958    0.000341132
             15       0.342739       0.341077    0.000338434
             16       0.340797       0.341059    0.000317733
             17       0.342548       0.341147    0.000310878
             18         0.3449       0.341355     0.00035676
             19       0.341955       0.341387    0.000339377
             20        0.34397       0.341516     0.00034612
              1       0.342446       0.342446              0
              2       0.339148       0.340797     0.00116603
              3       0.342506       0.341367    0.000905865
              4       0.342015       0.341529     0.00069374
              5        0.34241       0.341705    0.000576955
              6       0.339317       0.341307    0.000602653
              7       0.340544       0.341198    0.000526312
              8       0.341955       0.341293    0.000468949
              9       0.339395       0.341082    0.000461813
             10       0.341229       0.341097    0.000415867
             11       0.340274       0.341022    0.000384726
             12       0.342907       0.341179    0.000383397
             13       0.339684       0.341064    0.000370743
             14       0.341115       0.341068     0.00034428
             15       0.342697       0.341176    0.000338041
             16       0.340971       0.341163    0.000317156
             17        0.34259       0.341247    0.000309399
             18       0.345204       0.341467    0.000361971
             19       0.341475       0.341467     0.00034292
             20        0.34397       0.341593    0.000347858
