              1        3.39157        3.39157              0
              2        3.57399        3.48278      0.0644946
              3        3.68409        3.54988      0.0696462
              4        3.58517        3.55871      0.0527904
              5        3.47307        3.54158      0.0449246
              6        3.59493        3.55047      0.0383068
              7        3.53146        3.54775      0.0329306
              8        3.40237        3.52958      0.0334551
              9          3.553        3.53218      0.0298389
             10        3.56859        3.53582      0.0270761
             11        3.51295        3.53374      0.0246944
             12        3.56101        3.53602      0.0227408
             13        3.52191        3.53493      0.0210174
             14        3.68297        3.54551      0.0220162
             15        3.50875        3.54305      0.0206844
             16        3.68562        3.55196      0.0212242
             17        3.34749        3.53994      0.0231341
             18        3.48511        3.53689      0.0220485
             19        3.65045        3.54287       0.021683
             20        3.24754         3.5281      0.0251288
              1        3.39127        3.39127              0
              2        3.58448        3.48788      0.0683098
              3        3.66576        3.54717      0.0664658
              4        3.60035        3.56047      0.0511616
              5        3.46391        3.54115      0.0444247
              6        3.58894        3.54912      0.0377277
              7        3.52537        3.54573      0.0324903
              8        3.38621        3.52579      0.0340013
              9        3.56125        3.52973      0.0304509
             10        3.57046         3.5338      0.0276769
             11        3.54856        3.53514      0.0251933
             12        3.55105        3.53647      0.0231287
             13        3.49794         3.5335      0.0215386
             14        3.69365        3.54494      0.0228366
             15        3.51965        3.54326      0.0213763
             16        3.67842         3.5517      0.0216454
             17         3.3761        3.54137      0.0227034
             18         3.4986          3.539      0.0215661
             19        3.68181        3.54651      0.0217014
             20        3.24256        3.53132       0.025386
