              1       0.090328       0.090328              0
              2       0.072416       0.081372     0.00633285
              3       0.069424      0.0773893     0.00532906
              4       0.087628       0.079949     0.00457037
              5       0.101508      0.0842608      0.0053143
              6       0.046388      0.0779487     0.00726738
              7       0.051824      0.0742166     0.00712331
              8       0.088616      0.0760165     0.00645629
              9         0.0717      0.0755369     0.00575672
             10         0.0708      0.0750632      0.0052005
             11       0.065424      0.0741869     0.00480098
             12       0.062136      0.0731827     0.00450471
             13       0.068724      0.0728397     0.00417123
             14       0.076088      0.0730717     0.00387973
             15       0.096964      0.0746645     0.00393449
             16       0.065856       0.074114      0.0037269
             17       0.073776      0.0740941     0.00350772
             18         0.0668      0.0736889     0.00333617
             19       0.066952      0.0733343     0.00317937
             20       0.069084      0.0731218      0.0030275
              1       0.090144       0.090144              0
              2        0.07316       0.081652     0.00600475
              3       0.068508      0.0772707     0.00536868
              4       0.087176       0.079747     0.00456201
              5       0.100448      0.0838872     0.00519929
              6        0.04596       0.077566       0.007216
              7       0.052712      0.0740154      0.0070044
              8       0.089308       0.075927     0.00638437
              9       0.071936      0.0754836     0.00569037
             10       0.069272      0.0748624     0.00515513
             11       0.065712      0.0740305     0.00475312
             12        0.06258      0.0730763     0.00445178
             13        0.07002      0.0728412     0.00411554
             14        0.07454      0.0729626     0.00382336
             15       0.097088      0.0745709     0.00389209
             16       0.066124       0.074043     0.00368446
             17       0.073828      0.0740304     0.00346775
             18       0.067908      0.0736902     0.00329174
             19       0.066352       0.073304     0.00314106
             20       0.067836      0.0730306     0.00299588
