              1      -0.642016      -0.642016              0
              2      -0.647048      -0.644532     0.00177908
              3      -0.642192      -0.643752     0.00134623
              4      -0.642888      -0.643536     0.00102685
              5       -0.64288      -0.643405    0.000829821
              6      -0.646528      -0.643925    0.000839042
              7      -0.645464      -0.644145    0.000747417
              8      -0.643264      -0.644035    0.000662056
              9      -0.645672      -0.644217    0.000612971
             10      -0.644416      -0.644237    0.000551997
             11         -0.643      -0.644124    0.000513139
             12        -0.6418      -0.643931    0.000505615
             13      -0.645864      -0.644079    0.000488103
             14      -0.644528      -0.644111    0.000454289
             15      -0.641736      -0.643953    0.000450761
             16      -0.644328      -0.643976    0.000423197
             17      -0.641992       -0.64386     0.00041409
             18       -0.63884      -0.643581    0.000475814
             19      -0.642784      -0.643539    0.000452616
             20      -0.640088      -0.643366    0.000461705
              1      -0.642128      -0.642128              0
              2       -0.64652      -0.644324     0.00155281
              3      -0.642048      -0.643565     0.00120638
              4      -0.642704       -0.64335    0.000923807
              5      -0.642176      -0.643115    0.000768305
              6      -0.646296      -0.643645    0.000802575
              7      -0.644664      -0.643791    0.000700991
              8      -0.642784      -0.643665    0.000624563
              9      -0.646192      -0.643946     0.00061505
             10      -0.643752      -0.643926    0.000553851
             11      -0.645024      -0.644026     0.00051241
             12      -0.641512      -0.643817     0.00051075
             13      -0.645808       -0.64397    0.000493898
             14      -0.643904      -0.643965    0.000458642
             15      -0.641792       -0.64382    0.000450366
             16      -0.644096      -0.643838    0.000422548
             17      -0.641936      -0.643726    0.000412231
             18      -0.638432      -0.643432    0.000482972
             19      -0.643424      -0.643431    0.000457553
             20      -0.640088      -0.643264    0.000464206
