              1          1.794          1.794              0
              2        1.78631        1.79015     0.00271593
              3        1.84444        1.80825      0.0148842
              4        1.79515        1.80498      0.0115175
              5        1.75003        1.79399      0.0134721
              6        1.75916        1.78818      0.0124141
              7        1.82703        1.79373       0.011816
              8        1.87159        1.80346      0.0137759
              9        1.75192        1.79774      0.0133829
             10        1.75995        1.79396      0.0125667
             11        1.69057        1.78456      0.0145198
             12        1.76623        1.78303        0.01339
             13        1.79123        1.78366      0.0123748
             14        1.74315        1.78077      0.0118243
             15        1.66653        1.77315      0.0132638
             16        1.81615        1.77584      0.0127041
             17        1.85775        1.78066      0.0128379
             18         1.7728        1.78022      0.0121321
             19        1.76407        1.77937      0.0115233
             20        1.75886        1.77835      0.0109927
              1        1.78007        1.78007              0
              2        1.80628        1.79318     0.00926471
              3        1.80015         1.7955     0.00646162
              4        1.79177        1.79457     0.00491311
              5        1.74917        1.78549     0.00902233
              6         1.7983        1.78762     0.00776704
              7        1.73666        1.78034     0.00947387
              8        1.74067        1.77538     0.00949933
              9        1.88276        1.78731       0.014065
             10        1.72475        1.78106      0.0139807
             11        1.80743        1.78345      0.0129136
             12        1.76677        1.78206      0.0119121
             13        1.80931        1.78416      0.0111787
             14        1.83234         1.7876      0.0108971
             15         1.7843        1.78738      0.0101729
             16        1.77104        1.78636     0.00958819
             17        1.68941        1.78066      0.0105852
             18        1.74535         1.7787      0.0101773
             19        1.85603        1.78277      0.0104238
             20        1.70548         1.7789      0.0105947
