              1        0.03652        0.03652              0
              2        0.03244        0.03448      0.0014425
              3       0.040788      0.0365827     0.00196781
              4        0.03724       0.036747      0.0014827
              5       0.045064      0.0384104     0.00190276
              6       0.027104       0.036526     0.00233952
              7       0.034588      0.0362491     0.00202162
              8        0.04304       0.037098     0.00193896
              9       0.040156      0.0374378     0.00175304
             10       0.042288      0.0379228     0.00164346
             11       0.036916      0.0378313      0.0014966
             12       0.036856        0.03775     0.00137409
             13       0.034196      0.0374766      0.0012953
             14       0.037108      0.0374503     0.00120305
             15       0.047256       0.038104     0.00128827
             16       0.042008       0.038348     0.00123064
             17       0.029596      0.0378332     0.00126135
             18       0.040804      0.0379982     0.00120202
             19       0.029448      0.0375482     0.00122009
             20       0.033268      0.0373342     0.00117771
              1        0.02886        0.02886              0
              2       0.039852       0.034356     0.00388626
              3       0.024944      0.0312187      0.0036434
              4        0.03026       0.030979     0.00274042
              5         0.0364      0.0320632     0.00239723
              6       0.037608      0.0329873     0.00216852
              7       0.030208      0.0325903     0.00189473
              8       0.039876       0.033501     0.00186395
              9       0.032912      0.0334356       0.001658
             10       0.032936      0.0333856     0.00149295
             11       0.033244      0.0333727     0.00135728
             12       0.034332      0.0334527     0.00124653
             13        0.03216      0.0333532      0.0011546
             14       0.028948      0.0330386     0.00111418
             15       0.038672      0.0334141     0.00110138
             16       0.038296      0.0337193     0.00107398
             17       0.032212      0.0336306     0.00101445
             18       0.037116      0.0338242      0.0009764
             19       0.039476      0.0341217    0.000969263
             20        0.03802      0.0343166    0.000940195
