              1      -0.512648      -0.512648              0
              2      -0.512464      -0.512556    6.50538e-05
              3        -0.5168      -0.513971     0.00115588
              4      -0.512112      -0.513506    0.000955759
              5      -0.513104      -0.513426    0.000767981
              6      -0.514752      -0.513647    0.000671048
              7      -0.516064      -0.513992    0.000658069
              8      -0.519064      -0.514626    0.000826601
              9      -0.512344      -0.514372    0.000772667
             10      -0.516016      -0.514537    0.000712666
             11      -0.512848      -0.514383    0.000664209
             12       -0.51628      -0.514541    0.000627384
             13      -0.514944      -0.514572    0.000579887
             14       -0.51004      -0.514249    0.000622307
             15      -0.512632      -0.514141    0.000590078
             16      -0.512216       -0.51402    0.000565328
             17      -0.515744      -0.514122    0.000541087
             18       -0.51356      -0.514091    0.000511927
             19      -0.513152      -0.514041    0.000487361
             20      -0.513432      -0.514011    0.000463944
              1      -0.512504      -0.512504              0
              2      -0.516144      -0.514324     0.00128693
              3      -0.513528      -0.514059    0.000884886
              4       -0.51192      -0.513524    0.000809229
              5      -0.512288      -0.513277    0.000684099
              6        -0.5134      -0.513297    0.000570391
              7       -0.51736      -0.513878    0.000726465
              8      -0.514432      -0.513947    0.000638952
              9      -0.514208      -0.513976    0.000568615
             10      -0.514984      -0.514077    0.000520612
             11      -0.514616      -0.514126    0.000475585
             12      -0.511656       -0.51392    0.000478421
             13      -0.516072      -0.514086    0.000469385
             14      -0.514272      -0.514099    0.000436047
             15      -0.514904      -0.514153    0.000410267
             16       -0.51444      -0.514171    0.000385019
             17       -0.51156      -0.514017    0.000391798
             18      -0.513864      -0.514008    0.000370123
             19      -0.515264      -0.514075    0.000356494
             20      -0.513064      -0.514024    0.000342231
