              1       0.237988       0.237988              0
              2       0.238049       0.238019    2.15287e-05
              3       0.236608       0.237548    0.000384106
              4       0.238165       0.237703    0.000317543
              5       0.237837        0.23773     0.00025517
              6        0.23729       0.237656    0.000222899
              7       0.236854       0.237542    0.000218572
              8       0.235851        0.23733    0.000275045
              9       0.238089       0.237415    0.000257067
             10        0.23687        0.23736    0.000237067
             11       0.237922       0.237411    0.000220948
             12       0.236782       0.237359    0.000208671
             13       0.237226       0.237349    0.000192867
             14       0.238849       0.237456     0.00020674
             15       0.237993       0.237492     0.00019604
             16       0.238131       0.237532    0.000187817
             17        0.23696       0.237498    0.000179751
             18       0.237686       0.237508    0.000170068
             19       0.237821       0.237525    0.000161912
             20       0.237728       0.237535    0.000154136
              1       0.238036       0.238036              0
              2       0.236827       0.237431    0.000427364
              3       0.237697        0.23752     0.00029391
              4       0.238229       0.237697    0.000268629
              5       0.238107       0.237779    0.000227084
              6       0.237739       0.237772    0.000189335
              7       0.236421       0.237579    0.000241394
              8       0.237397       0.237557    0.000212298
              9       0.237471       0.237547    0.000188923
             10       0.237213       0.237514    0.000172956
             11       0.237335       0.237497    0.000157989
             12       0.238316       0.237566    0.000158873
             13       0.236851       0.237511    0.000155873
             14        0.23745       0.237506      0.0001448
             15        0.23724       0.237489    0.000136234
             16       0.237394       0.237483    0.000127847
             17       0.238348       0.237534    0.000130063
             18       0.237585       0.237536    0.000122869
             19        0.23712       0.237515    0.000118341
             20        0.23785       0.237531    0.000113609
