              1        0.05252        0.05252              0
              2        0.03666        0.04459     0.00560736
              3       0.035004      0.0413947     0.00455864
              4       0.054444       0.044657     0.00443526
              5       0.058368      0.0473992     0.00431341
              6       0.032908       0.044984     0.00421681
              7       0.025232      0.0421623     0.00445966
              8       0.051112       0.043281     0.00404008
              9       0.039208      0.0428284     0.00361644
             10       0.041852      0.0427308     0.00325612
             11       0.032704      0.0418193     0.00308506
             12       0.032552       0.041047     0.00292303
             13       0.038068      0.0408178     0.00270715
             14       0.028932      0.0399689     0.00264356
             15        0.06324      0.0415203     0.00288688
             16       0.034088      0.0410557     0.00274357
             17       0.044028      0.0412306     0.00258775
             18       0.047168      0.0415604     0.00246492
             19        0.03658      0.0412983     0.00234908
             20       0.044972       0.041482      0.0022388
              1       0.052176       0.052176              0
              2       0.037392       0.044784     0.00522693
              3       0.033932      0.0411667     0.00456793
              4       0.054688       0.044547     0.00450634
              5       0.057084      0.0470544     0.00424573
              6       0.032704      0.0446627     0.00415755
              7       0.026116      0.0420131     0.00432625
              8       0.051356       0.043181     0.00393995
              9       0.039608       0.042784     0.00352212
             10       0.041296      0.0426352     0.00317305
             11       0.032584      0.0417215     0.00301329
             12       0.034292      0.0411023     0.00282507
             13       0.038796      0.0409249     0.00261332
             14       0.027956      0.0399986     0.00258563
             15       0.063056      0.0415357     0.00283357
             16        0.03342      0.0410285     0.00270149
             17       0.043808       0.041192     0.00254752
             18        0.04838      0.0415913     0.00243709
             19        0.03598       0.041296     0.00232665
             20       0.043792      0.0414208     0.00221366
