              1        1.91571        1.91571              0
              2        2.00471        1.96021      0.0314667
              3        1.99927        1.97323      0.0235169
              4        2.01943        1.98478      0.0202759
              5        2.02823        1.99347      0.0179872
              6        1.89605        1.97723      0.0210804
              7        2.01764        1.98301      0.0188426
              8        1.91823        1.97491      0.0181439
              9        1.94348        1.97142      0.0164606
             10        2.04573        1.97885      0.0164066
             11        1.95344        1.97654      0.0150768
             12        1.95161        1.97446      0.0139628
             13        2.04945        1.98023      0.0140297
             14        2.02477        1.98341      0.0133835
             15        1.98401        1.98345      0.0124913
             16        1.96259        1.98215      0.0117785
             17        2.01901        1.98432      0.0112835
             18        2.03749        1.98727      0.0110366
             19        2.05561        1.99087      0.0110263
             20        1.94114        1.98838      0.0107517
              1        1.90036        1.90036              0
              2        2.01665        1.95851      0.0411155
              3        1.99466        1.97056      0.0291234
              4        2.02267        1.98359      0.0245847
              5        2.04175        1.99522      0.0222506
              6        1.90221        1.97972      0.0233253
              7        2.00913        1.98392      0.0203679
              8        1.91907        1.97581      0.0193679
              9        1.95327        1.97331      0.0173771
             10        2.05235        1.98121      0.0173441
             11        1.97277        1.98045      0.0157843
             12        1.93588        1.97673      0.0148995
             13        2.04363        1.98188       0.014615
             14        2.02967        1.98529      0.0139641
             15        1.99966        1.98625       0.013066
             16        1.96011        1.98462      0.0123511
             17        2.02629        1.98707      0.0118654
             18        2.03664        1.98982      0.0115214
             19        2.04947        1.99296      0.0113347
             20         1.9272        1.98967      0.0112348
