              1      -0.535856      -0.535856              0
              2      -0.538304       -0.53708    0.000865499
              3      -0.536888      -0.537016    0.000579361
              4      -0.534328      -0.536344    0.000726289
              5      -0.534424       -0.53596    0.000674954
              6      -0.538168      -0.536328    0.000655146
              7      -0.538608      -0.536654    0.000637398
              8      -0.534848      -0.536428    0.000596351
              9      -0.537152      -0.536508    0.000535488
             10       -0.53884      -0.536742    0.000530274
             11      -0.535568      -0.536635    0.000492683
             12      -0.534744      -0.536477    0.000476159
             13      -0.538144      -0.536606    0.000456465
             14      -0.536272      -0.536582    0.000424481
             15      -0.536352      -0.536566    0.000396459
             16      -0.535792      -0.536518    0.000374623
             17        -0.5346      -0.536405    0.000369185
             18      -0.535656      -0.536364    0.000351013
             19      -0.536928      -0.536393    0.000333793
             20        -0.5326      -0.536204    0.000367053
              1      -0.534848      -0.534848              0
              2      -0.537384      -0.536116    0.000896611
              3        -0.5358      -0.536011    0.000603896
              4      -0.535344      -0.535844    0.000475365
              5       -0.53392      -0.535459    0.000512912
              6      -0.538328      -0.535937    0.000610904
              7      -0.537424       -0.53615    0.000559332
              8      -0.533968      -0.535877    0.000551909
              9      -0.538656      -0.536186     0.00057046
             10      -0.538416      -0.536409    0.000555301
             11      -0.537272      -0.536487    0.000510334
             12      -0.535008      -0.536364    0.000482465
             13      -0.538608      -0.536537    0.000475229
             14      -0.536416      -0.536528    0.000441362
             15      -0.535904      -0.536486    0.000413894
             16      -0.536512      -0.536488    0.000388028
             17      -0.535096      -0.536406    0.000373743
             18      -0.534512      -0.536301    0.000367495
             19      -0.536688      -0.536321    0.000348717
             20      -0.532464      -0.536128    0.000380899
