              1       0.255606       0.255606              0
              2       0.254663       0.255134    0.000333352
              3       0.255209       0.255159    0.000223157
              4       0.256192       0.255417    0.000279332
              5       0.256155       0.255565    0.000259541
              6       0.254715       0.255423    0.000251966
              7       0.254545       0.255298    0.000245202
              8       0.255993       0.255385    0.000229417
              9       0.255107       0.255354    0.000205991
             10       0.254456       0.255264    0.000204032
             11       0.255716       0.255305     0.00018958
             12       0.256032       0.255366    0.000183216
             13       0.254724       0.255316    0.000175637
             14       0.255446       0.255326    0.000163334
             15       0.255415       0.255332    0.000152553
             16        0.25563        0.25535    0.000144156
             17       0.256088       0.255394    0.000142053
             18       0.255682        0.25541    0.000135064
             19       0.255193       0.255398    0.000128435
             20       0.256853       0.255471    0.000141114
              1       0.255993       0.255993              0
              2       0.255018       0.255505    0.000344715
              3       0.255627       0.255546    0.000232198
              4       0.255802        0.25561    0.000182788
              5       0.256348       0.255758    0.000197047
              6       0.254653       0.255574    0.000234906
              7       0.255002       0.255492    0.000215062
              8        0.25633       0.255597    0.000212157
              9       0.254527       0.255478    0.000219373
             10       0.254619       0.255392    0.000213567
             11       0.255061       0.255362    0.000196263
             12       0.255931       0.255409    0.000185554
             13       0.254545       0.255343    0.000182794
             14        0.25539       0.255346    0.000169769
             15       0.255587       0.255362    0.000159209
             16       0.255353       0.255362     0.00014926
             17       0.255897       0.255393    0.000143768
             18       0.256121       0.255434    0.000141358
             19       0.255286       0.255426    0.000134133
             20       0.256905         0.2555      0.0001464
