              1      -0.905744      -0.905744              0
              2      -0.914896       -0.91032     0.00323572
              3      -0.920416      -0.913685     0.00349336
              4        -0.9114      -0.913114     0.00266633
              5      -0.912424      -0.912976     0.00213664
              6      -0.916424      -0.913551      0.0018562
              7       -0.91156      -0.913266     0.00161267
              8      -0.913976      -0.913355     0.00141352
              9      -0.902664      -0.912167     0.00168315
             10      -0.910592       -0.91201     0.00152219
             11      -0.913336       -0.91213     0.00138857
             12      -0.922224      -0.912971     0.00150624
             13       -0.91476      -0.913109     0.00139664
             14       -0.90776      -0.912727     0.00134813
             15       -0.90744      -0.912374     0.00130351
             16      -0.912552      -0.912385     0.00122209
             17          -0.91      -0.912245     0.00115823
             18      -0.923752      -0.912884     0.00125799
             19      -0.912904      -0.912885     0.00119178
             20      -0.923736      -0.913428     0.00124959
              1      -0.906776      -0.906776              0
              2        -0.9148      -0.910788     0.00283691
              3       -0.92032      -0.913965     0.00321049
              4      -0.911112      -0.913252     0.00248585
              5       -0.91252      -0.913106     0.00199299
              6      -0.916296      -0.913637      0.0017303
              7      -0.911944      -0.913395     0.00149993
              8       -0.91404      -0.913476      0.0013146
              9       -0.90248      -0.912254     0.00164084
             10      -0.910648      -0.912094      0.0014846
             11      -0.913464      -0.912218     0.00135485
             12       -0.92196       -0.91303     0.00146511
             13      -0.914848       -0.91317     0.00135907
             14      -0.907464      -0.912762     0.00132169
             15      -0.907688      -0.912424     0.00127614
             16      -0.912384      -0.912421     0.00119638
             17        -0.9104      -0.912303      0.0011319
             18       -0.92344      -0.912921     0.00122653
             19      -0.912976      -0.912924     0.00116198
             20       -0.92352      -0.913454     0.00121868
