              1        30.2626        30.2626              0
              2        31.9752        31.1189       0.605492
              3        38.4383        33.5587        2.03257
              4        30.8139        32.8725        1.63616
              5         32.353        32.7686        1.31223
              6        33.8478        32.9485        1.10578
              7        31.2836        32.7106       0.973055
              8        32.8328        32.7259       0.851543
              9        27.6429        32.1611       0.925457
             10        32.7239        32.2174       0.834621
             11        33.7332        32.3552       0.770038
             12        38.0643        32.8309        0.84008
             13        32.4056        32.7982       0.776096
             14        26.5893        32.3547       0.837848
             15          29.26        32.1484       0.806995
             16        33.1385        32.2103       0.758926
             17        33.9184        32.3108       0.720904
             18        40.1369        32.7456        0.80131
             19        29.7577        32.5883       0.774413
             20        36.9149        32.8046       0.765311
              1        30.7732        30.7732              0
              2        31.9716        31.3724       0.423707
              3        38.4348        33.7265        1.94278
              4        30.8008        32.9951        1.58882
              5        32.3503        32.8661        1.27628
              6        33.8102        33.0235        1.07322
              7        31.3052         32.778       0.947558
              8        32.7899        32.7795       0.829114
              9        27.6306        32.2074       0.913285
             10        32.7302        32.2597       0.823452
             11        33.7499        32.3952       0.759655
             12         38.069         32.868       0.830561
             13        32.4119        32.8329       0.767412
             14        26.5518        32.3842       0.833488
             15        29.3152        32.1796       0.802643
             16        33.1088        32.2377       0.754575
             17        33.9214        32.3368       0.716659
             18        40.1126        32.7687       0.796472
             19        29.7427        32.6095       0.770312
             20        36.9001         32.824       0.761084
