              1       0.607656       0.607656              0
              2        0.55318       0.580418      0.0192602
              3       0.656308       0.605715      0.0243204
              4       0.641216        0.61459      0.0197936
              5       0.639592        0.61959      0.0164544
              6       0.499684       0.599606      0.0228218
              7        0.63046       0.604014      0.0199826
              8       0.399948       0.578506      0.0295813
              9       0.520008       0.572006      0.0269991
             10       0.599432       0.574748      0.0244381
             11       0.574308       0.574708      0.0222165
             12       0.584744       0.575545      0.0203809
             13        0.51338       0.570763       0.019366
             14       0.558568       0.569892      0.0180023
             15       0.631448       0.573995      0.0172635
             16       0.621344       0.576955      0.0164362
             17       0.590984        0.57778      0.0154901
             18       0.434188       0.569803      0.0165567
             19       0.493192       0.565771      0.0161689
             20        0.56748       0.565856      0.0153606
              1        0.61914        0.61914              0
              2       0.553368       0.586254      0.0232539
              3       0.656512       0.609673      0.0246165
              4       0.640812       0.617458      0.0196548
              5        0.63986       0.621938      0.0162265
              6       0.499336       0.601505       0.023039
              7       0.631036       0.605723      0.0201302
              8       0.399848       0.579989      0.0298283
              9        0.51974       0.573295      0.0272549
             10       0.599304       0.575896      0.0246532
             11       0.574748       0.575791      0.0224122
             12       0.585116       0.576568       0.020558
             13       0.513468       0.571714      0.0195413
             14       0.558376       0.570762      0.0181687
             15       0.631584       0.574817       0.017404
             16       0.621716       0.577748      0.0165613
             17       0.591132       0.578535      0.0156058
             18       0.434464       0.570531      0.0166654
             19       0.493148       0.566458      0.0162783
             20       0.566424       0.566457      0.0154644
