              1       0.425155       0.425155              0
              2       0.385717       0.405436      0.0139434
              3       0.361738        0.39087      0.0150947
              4       0.400828       0.393359      0.0115245
              5       0.396408       0.393969     0.00923573
              6       0.379094        0.39149     0.00802231
              7       0.400138       0.392725     0.00697075
              8       0.389699       0.392347     0.00610966
              9       0.438338       0.397457     0.00725983
             10       0.404313       0.398143     0.00656614
             11       0.392467       0.397627     0.00598945
             12       0.353853       0.393979     0.00650703
             13       0.386306       0.393389      0.0060332
             14       0.416501        0.39504     0.00582375
             15       0.417876       0.396562     0.00563098
             16       0.395855       0.396518     0.00527922
             17       0.406864       0.397126     0.00500363
             18       0.347177       0.394351       0.005441
             19       0.394334       0.394351     0.00515463
             20       0.347247       0.391995     0.00540825
              1       0.420727       0.420727              0
              2       0.386132        0.40343      0.0122311
              3       0.362156       0.389672      0.0138807
              4       0.402071       0.392772      0.0107511
              5       0.395993       0.393416     0.00862013
              6       0.379649       0.391122      0.0074826
              7       0.398481       0.392173     0.00648709
              8       0.389422       0.391829     0.00568531
              9       0.439124       0.397084     0.00707711
             10       0.404072       0.397783      0.0064038
             11       0.391914       0.397249     0.00584382
             12       0.355005       0.393729     0.00632896
             13       0.385925       0.393129     0.00587052
             14       0.417773       0.394889     0.00570902
             15       0.416811        0.39635      0.0055123
             16       0.396581       0.396365      0.0051678
             17        0.40514       0.396881     0.00488953
             18       0.348541       0.394195     0.00530438
             19       0.394023       0.394186     0.00502521
             20       0.348191       0.391887     0.00527399
