              1      -0.767808      -0.767808              0
              2      -0.773184      -0.770496      0.0019007
              3      -0.771624      -0.770872      0.0013038
              4       -0.77088      -0.770874    0.000977848
              5      -0.766168      -0.769933     0.00114919
              6      -0.771424      -0.770181    0.000984169
              7      -0.771752      -0.770406    0.000868775
              8      -0.767024      -0.769983    0.000856868
              9      -0.771664       -0.77017    0.000781752
             10      -0.774104      -0.770563    0.000796444
             11      -0.771552      -0.770653    0.000729095
             12      -0.771184      -0.770697    0.000669678
             13      -0.771064      -0.770726    0.000618758
             14      -0.771192      -0.770759    0.000575458
             15      -0.769136      -0.770651     0.00054717
             16       -0.76916      -0.770557    0.000520843
             17      -0.769816      -0.770514    0.000492028
             18      -0.766656        -0.7703    0.000509238
             19      -0.770616      -0.770316    0.000482709
             20      -0.765696      -0.770085    0.000510869
              1       -0.77228       -0.77228              0
              2      -0.769496      -0.770888    0.000984293
              3       -0.77264      -0.771472    0.000811149
              4      -0.770824       -0.77131    0.000624329
              5      -0.766328      -0.770314     0.00102162
              6      -0.771792       -0.77056    0.000880565
              7      -0.771408      -0.770681    0.000763058
              8      -0.767048      -0.770227    0.000791363
              9      -0.771744      -0.770396    0.000721161
             10      -0.774008      -0.770757    0.000733967
             11      -0.771784       -0.77085    0.000673157
             12      -0.771336      -0.770891    0.000618277
             13      -0.770968      -0.770897    0.000570746
             14      -0.771128      -0.770913    0.000530217
             15      -0.769136      -0.770795    0.000507934
             16      -0.769256      -0.770698    0.000485206
             17      -0.769864      -0.770649    0.000459141
             18      -0.766448      -0.770416    0.000489379
             19      -0.770544      -0.770423    0.000463669
             20      -0.765688      -0.770186    0.000497262
