              1       0.427396       0.427396              0
              2        0.41877       0.423083     0.00304974
              3       0.421279       0.422482     0.00209158
              4       0.422474        0.42248     0.00156869
              5       0.430015       0.423987     0.00184174
              6         0.4216       0.423589     0.00157714
              7       0.421073        0.42323     0.00139218
              8       0.428649       0.423907      0.0013731
              9       0.421215       0.423608     0.00125269
             10       0.417288       0.422976     0.00127695
             11       0.421395       0.422832     0.00116892
             12       0.421986       0.422762     0.00107364
             13       0.422179       0.422717    0.000991988
             14       0.421973       0.422664    0.000922553
             15       0.425271       0.422837    0.000877266
             16       0.425232       0.422987    0.000835107
             17       0.424181       0.423057     0.00078893
             18       0.429236       0.423401    0.000816375
             19       0.422898       0.423374    0.000773837
             20       0.430768       0.423744    0.000818706
              1       0.420224       0.420224              0
              2       0.424694       0.422459     0.00158013
              3       0.419645       0.421521     0.00130236
              4       0.422564       0.421782     0.00100252
              5        0.42976       0.423377     0.00163707
              6       0.421009       0.422983     0.00141101
              7       0.421626       0.422789     0.00122267
              8        0.42861       0.423517     0.00126802
              9       0.421086       0.423247     0.00115553
             10       0.417442       0.422666     0.00117675
             11       0.421022       0.422517     0.00107923
             12       0.421742       0.422452    0.000991222
             13       0.422333       0.422443    0.000915017
             14       0.422076       0.422417    0.000850034
             15       0.425271       0.422607    0.000814379
             16       0.425078       0.422761     0.00077799
             17       0.424104        0.42284    0.000736223
             18       0.429568       0.423214    0.000784487
             19       0.423013       0.423204     0.00074327
             20       0.430781       0.423582    0.000796834
