              1         0.1557         0.1557              0
              2       0.185732       0.170716      0.0106179
              3        0.19866       0.180031      0.0103898
              4       0.148416       0.172127      0.0103717
              5       0.153052       0.168312      0.0089716
              6       0.122536       0.160683      0.0102177
              7       0.144004         0.1583     0.00903155
              8       0.119572       0.153459     0.00910808
              9       0.134904       0.151397     0.00832614
             10        0.15624       0.151882     0.00750759
             11       0.145752       0.151324     0.00684573
             12       0.195092       0.154972     0.00718144
             13       0.197496       0.158243     0.00733628
             14       0.145572       0.157338     0.00686786
             15       0.171988       0.158314     0.00647908
             16       0.132568       0.156705     0.00627077
             17       0.192368       0.158803     0.00624295
             18         0.1596       0.158847     0.00589628
             19       0.172728       0.159578     0.00563102
             20       0.134276       0.158313     0.00548974
              1        0.16534        0.16534              0
              2       0.186776       0.176058     0.00757877
              3       0.199352       0.183823     0.00810686
              4       0.148492        0.17499      0.0097714
              5       0.152768       0.170546     0.00876981
              6        0.12132       0.162341      0.0104643
              7       0.143788       0.159691     0.00929899
              8       0.120032       0.154733     0.00936525
              9        0.13412       0.152443     0.00860018
             10       0.156388       0.152838     0.00774921
             11       0.144172        0.15205     0.00708466
             12        0.19438       0.155577     0.00731997
             13       0.198044       0.158844     0.00745023
             14       0.144204       0.157798     0.00699107
             15       0.171672       0.158723      0.0065859
             16       0.132584       0.157089     0.00637369
             17       0.191388       0.159107     0.00631002
             18       0.159236       0.159114     0.00595946
             19       0.173052       0.159848     0.00569078
             20       0.134228       0.158567     0.00554854
