              1        7.29389        7.29389              0
              2        7.99113        7.64251       0.246512
              3         7.1495        7.47817        0.21216
              4        7.57829         7.5032        0.16059
              5        8.17402        7.63736       0.175798
              6         8.5602        7.79117       0.202916
              7        8.06764        7.83067        0.17773
              8        7.13248        7.74339       0.175639
              9        8.20389        7.79456       0.163407
             10        7.76822        7.79192       0.147087
             11        7.95553         7.8068       0.134465
             12        7.65085         7.7938       0.123886
             13        7.56138        7.77592        0.11564
             14        8.09324        7.79859       0.109578
             15        8.06025        7.81603       0.103652
             16        7.80364        7.81526       0.097177
             17        8.10255        7.83216      0.0929185
             18        7.79534        7.83011      0.0877788
             19        8.50124        7.86544      0.0899856
             20        7.84651        7.86449      0.0854913
              1        7.93735        7.93735              0
              2        7.63751        7.78743       0.106008
              3        8.03024        7.86836      0.0967557
              4         7.5772        7.79557      0.0961241
              5        8.18116        7.87269       0.103301
              6        8.57553        7.98983       0.137279
              7        8.06754        8.00093       0.118116
              8        7.13061        7.89214       0.145043
              9         8.1961        7.92592         0.1328
             10        7.75196        7.90852       0.120654
             11        7.96922        7.91404       0.109812
             12        7.65875        7.89276       0.102701
             13        7.57653        7.86844      0.0976392
             14        8.08738        7.88408      0.0919089
             15         8.0643        7.89609      0.0865634
             16        7.81455          7.891      0.0813031
             17        8.10855        7.90379      0.0775211
             18         7.7924         7.8976       0.073461
             19        8.51384        7.93004      0.0764199
             20        7.85857        7.92646      0.0726824
