-5.18448
-5.18461
-5.18476
-5.18477
-5.18527
-5.18594
-5.18559
-5.18557
-5.18572
-5.1862
-5.18609
-5.18659
-5.18725
-5.18809
-5.18865
-5.18848
-5.19016
-5.19003
-5.1902
-5.19049
-5.19059
-5.19123
-5.19167
-5.19131
-5.1912
-5.19061
-5.19075
-5.19027
-5.1901
-5.19008
-5.18933
-5.18844
-5.18789
-5.1883
-5.18696
-5.18705
-5.1878
-5.1886
-5.1888
-5.18899
-5.18914
-5.18879
-5.18886
-5.18875
-5.18891
-5.18876
-5.18845
-5.18889
-5.18918
-5.18856
-5.18887
-5.18887
-5.18904
-5.1892
-5.18919
-5.18916
-5.18896
-5.18933
-5.18877
-5.18879
-5.18867
-5.18825
-5.18847
-5.18812
-5.18764
-5.1878
-5.18799
-5.18836
-5.1889
-5.18811
-5.18853
-5.18834
-5.18902
-5.18844
-5.1887
-5.18817
-5.1876
-5.18764
-5.18846
-5.18841
-5.1878
-5.18768
-5.18713
-5.18706
-5.18729
-5.18767
-5.18714
-5.18766
-5.18817
-5.18851
-5.18883
-5.18837
-5.18864
-5.18904
-5.1882
-5.1887
-5.18905
-5.18893
-5.18823
-5.18815
-5.18705
-5.18645
-5.18742
-5.1872
-5.18762
-5.18804
-5.18844
-5.18853
-5.18875
-5.18882
-5.18889
-5.18926
-5.18962
-5.19071
-5.19116
-5.19142
-5.19118
-5.19061
-5.19092
-5.19093
-5.1908
-5.19054
-5.19001
-5.18966
-5.18919
-5.18935
-5.18968
-5.18913
-5.18918
-5.18849
-5.18869
-5.18784
-5.18834
-5.18793
-5.18782
-5.18801
-5.18773
-5.18759
-5.18745
-5.18851
-5.18852
-5.18958
-5.19035
-5.19082
-5.19099
-5.19025
-5.19056
-5.191
-5.19037
-5.18987
-5.18907
-5.18903
-5.18915
-5.18912
-5.1894
-5.18908
-5.18936
-5.18933
-5.18961
-5.18959
-5.18898
-5.18869
-5.18872
-5.18906
-5.18864
-5.18912
-5.18898
-5.18896
-5.19014
-5.18964
-5.18898
-5.18876
-5.18991
-5.18986
-5.18968
-5.18997
-5.19075
-5.1914
-5.19118
-5.19097
-5.19017
-5.18997
-5.1893
-5.18982
-5.18911
-5.18927
-5.19002
-5.19001
-5.19044
-5.18997
-5.19011
-5.18981
-5.18982
-5.18893
-5.18894
-5.18773
-5.18769
-5.18732
-5.18736
-5.18753
-5.18633
-5.18679
-5.18635
-5.1873
-5.18662
-5.18688
-5.18734
-5.18754
-5.18807
-5.18728
-5.18711
-5.1868
-5.18741
-5.18697
-5.18698
-5.18682
-5.18695
-5.1872
-5.18697
-5.18624
-5.18655
-5.18622
-5.18663
-5.18656
-5.18648
-5.18654
-5.18689
-5.18647
-5.18634
-5.18605
-5.18666
-5.1859
-5.18637
-5.18581
-5.18499
-5.18499
-5.18473
-5.18558
-5.18587
-5.18647
-5.18662
-5.18643
-5.18681
-5.1876
-5.18668
-5.18631
-5.18651
-5.18624
-5.18613
-5.18576
-5.1865
-5.18669
-5.18721
-5.18669
-5.18737
-5.18833
-5.18854
-5.18814
-5.18865
-5.18795
-5.18725
-5.18729
-5.18762
-5.18853
-5.18851
-5.18817
-5.18737
-5.18762
-5.1877
-5.18763
-5.18755
-5.18642
-5.18665
-5.18674
-5.18714
-5.18651
-5.18635
-5.18667
-5.18686
-5.18691
-5.18666
-5.18685
-5.18718
-5.18748
-5.18761
-5.18744
-5.1879
-5.18703
-5.18667
-5.18712
-5.18669
-5.18689
-5.18693
-5.18679
-5.1863
-5.18636
-5.18515
-5.18495
-5.18529
-5.18468
-5.18464
-5.18412
-5.18389
-5.18396
-5.1842
-5.18341
-5.18341
-5.18255
-5.18233
-5.18262
-5.18264
-5.18256
-5.18312
-5.18372
-5.1845
-5.18515
-5.18475
-5.18512
-5.18458
-5.18477
-5.18478
-5.18415
-5.18496
-5.18494
-5.1847
-5.18499
-5.18491
-5.18433
-5.18388
-5.18435
-5.18378
-5.18371
-5.18326
-5.18304
-5.18349
-5.18341
-5.18368
-5.18475
-5.18478
-5.18513
-5.1844
-5.18411
-5.18485
-5.18525
-5.18547
-5.1846
-5.18492
-5.18491
-5.18505
-5.18458
-5.18394
-5.18421
-5.18418
-5.18459
-5.18469
-5.18433
-5.18367
-5.18468
-5.18509
-5.18491
-5.18505
-5.18581
-5.18674
-5.18708
-5.18698
-5.18673
-5.18662
-5.18727
-5.1876
-5.18837
-5.18944
-5.19066
-5.18931
-5.18962
-5.18977
-5.1896
-5.18957
-5.19012
-5.19036
-5.19061
-5.19118
-5.19148
-5.19181
-5.19171
-5.19163
-5.19064
-5.19145
-5.19147
-5.19161
-5.1914
-5.19177
-5.19121
-5.19095
-5.1904
-5.18988
-5.18956
-5.18992
-5.18973
-5.19035
-5.19024
-5.19013
-5.18999
-5.1895
-5.19001
-5.19031
-5.19011
-5.19047
-5.18974
-5.18931
-5.18917
-5.18873
-5.18829
-5.18771
-5.18729
-5.18718
-5.18738
-5.18729
-5.18631
-5.18581
-5.18611
-5.18615
-5.18639
-5.18591
-5.18592
-5.18639
-5.18641
-5.18656
-5.1873
-5.18771
-5.18794
-5.18767
-5.1866
-5.18624
-5.18674
-5.18722
-5.18722
-5.18813
-5.18799
-5.18743
-5.18826
-5.18852
-5.18761
-5.18734
-5.18727
-5.18813
-5.18736
-5.18706
-5.18647
-5.18634
-5.18649
-5.18631
-5.18656
-5.18661
-5.18708
-5.18842
-5.18838
-5.18848
-5.18888
-5.18852
-5.18921
-5.18928
-5.18933
-5.18921
-5.18922
-5.18845
-5.18827
-5.18733
-5.18683
-5.18711
-5.1877
-5.18741
-5.18731
-5.18787
-5.18819
-5.18857
-5.18842
-5.18833
-5.18859
-5.18918
-5.18904
-5.18966
-5.19009
-5.18955
-5.18997
-5.1886
-5.18847
-5.18855
-5.18783
-5.18725
-5.18683
-5.18614
-5.18656
-5.18627
-5.18678
-5.18628
-5.18627
-5.18631
-5.18607
-5.18617
-5.18615
-5.18646
-5.18725
-5.18655
-5.18708
-5.1873
-5.18704
-5.18704
-5.18712
-5.18683
-5.18647
-5.18668
-5.18671
-5.18689
-5.18693
-5.1864
-5.18589
-5.18616
-5.18691
-5.18676
-5.18661
-5.18615
-5.18704
-5.18671
-5.18651
-5.18644
-5.18545
-5.1846
-5.18451
-5.18488
-5.18482
-5.1851
-5.18511
-5.18515
-5.18445
-5.1845
-5.18424
-5.18396
-5.18394
-5.1836
-5.18385
-5.18379
-5.18343
-5.18325
-5.18371
-5.1845
-5.18517
-5.18495
-5.1855
-5.18559
-5.18508
-5.18485
-5.18447
-5.18497
-5.18516
-5.18549
-5.18564
-5.18592
-5.18528
-5.18492
-5.1847
-5.18493
-5.18608
-5.18603
-5.18616
-5.18617
-5.18651
-5.18687
-5.18665
-5.18689
-5.18787
-5.18778
-5.18782
-5.18737
-5.1872
-5.18686
-5.18635
-5.1863
-5.18686
-5.18759
-5.18818
-5.18879
-5.18896
-5.18914
-5.18976
-5.18978
-5.18918
-5.18916
-5.18883
-5.18817
-5.18871
-5.18848
-5.1884
-5.18802
-5.18628
-5.18623
-5.18558
-5.1845
-5.18374
-5.1833
-5.18497
-5.18483
-5.18423
-5.18438
-5.18437
-5.18436
-5.18497
-5.18557
-5.18573
-5.18531
-5.1852
-5.18557
-5.18461
-5.18428
-5.18471
-5.18528
-5.18523
-5.18575
-5.18593
-5.18591
-5.18601
-5.18548
-5.18539
-5.1844
-5.18387
-5.18397
-5.18347
-5.18404
-5.18415
-5.1841
-5.18344
-5.18338
-5.18391
-5.1837
-5.18275
-5.18275
-5.18264
-5.18288
-5.18242
-5.1826
-5.18265
-5.18391
-5.1838
-5.18456
-5.18378
-5.18386
-5.18374
-5.18387
-5.18336
-5.18432
-5.18404
-5.18389
-5.18359
-5.18269
-5.18195
-5.18319
-5.18338
-5.18267
-5.18303
-5.18309
-5.18332
-5.18326
-5.18306
-5.18288
-5.1824
-5.18209
-5.18179
-5.18089
-5.18059
-5.18031
-5.18048
-5.18052
-5.18029
-5.18129
-5.18066
-5.18051
-5.18098
-5.18041
-5.18058
-5.18026
-5.17975
-5.18009
-5.18098
-5.18105
-5.18018
-5.18004
-5.17958
-5.18019
-5.17902
-5.17938
-5.17917
-5.1793
-5.17962
-5.1798
-5.1782
-5.17856
-5.17801
-5.17836
-5.17913
-5.17988
-5.18031
-5.18012
-5.18023
-5.18079
-5.18167
-5.18196
-5.18256
-5.18285
-5.18283
-5.18234
-5.18245
-5.18243
-5.18184
-5.18204
-5.1829
-5.18197
-5.18197
-5.18211
-5.18253
-5.18276
-5.18327
-5.18314
-5.18268
-5.18191
-5.18174
-5.18142
-5.18185
-5.18319
-5.18316
-5.18208
-5.1819
-5.18125
-5.18106
-5.18146
-5.18065
-5.1806
-5.18009
-5.1805
-5.18092
-5.18075
-5.1809
-5.18124
-5.1819
-5.18227
-5.18265
-5.18303
-5.18353
-5.18401
-5.18597
-5.18473
-5.18421
-5.18473
-5.18418
-5.18347
-5.18277
-5.1842
-5.18384
-5.18394
-5.18392
-5.18346
-5.18377
-5.1841
-5.18506
-5.18559
-5.18598
-5.18548
-5.18574
-5.18661
-5.18716
-5.18693
-5.18667
-5.18638
-5.18619
-5.18552
-5.18604
-5.18609
-5.18629
-5.18529
-5.1852
-5.18543
-5.18568
-5.18578
-5.18531
-5.1853
-5.18485
-5.18443
-5.18509
-5.18486
-5.18435
-5.18506
-5.18425
-5.18478
-5.18528
-5.18575
-5.18633
-5.18628
-5.18545
-5.18565
-5.18508
-5.18511
-5.18575
-5.18549
-5.18435
-5.18445
-5.18458
-5.1834
-5.18302
-5.18375
-5.18406
-5.18515
-5.18563
-5.1858
-5.18638
-5.18676
-5.1868
-5.18697
-5.18682
-5.18667
-5.18697
-5.18712
-5.1865
-5.18557
-5.18552
-5.18514
-5.18534
-5.18598
-5.18645
-5.18663
-5.18741
-5.1873
-5.18662
-5.18611
-5.18608
-5.18563
-5.1846
-5.1842
-5.18456
-5.18492
-5.18467
-5.18515
-5.18575
-5.18632
-5.18628
-5.18622
-5.18602
-5.18584
-5.18599
-5.18528
-5.18595
-5.18591
-5.18678
-5.18735
-5.1879
-5.18782
-5.18817
-5.18757
-5.18786
-5.18856
-5.18848
-5.18898
-5.18855
-5.18873
-5.18893
-5.18766
-5.18706
-5.18713
-5.18666
-5.18729
-5.18794
-5.18781
-5.18825
-5.18802
-5.18788
-5.18739
-5.18792
-5.18813
-5.18817
-5.18837
-5.1872
-5.18725
-5.18746
-5.18754
-5.18719
-5.18761
-5.18746
-5.18749
-5.18769
-5.18821
-5.18814
-5.18852
-5.18769
-5.18745
-5.18781
-5.18863
-5.18899
-5.18859
-5.18834
-5.18839
-5.18798
-5.18861
-5.18756
-5.188
-5.18735
-5.18714
-5.18737
-5.18697
-5.18672
-5.18661
-5.18725
-5.1879
-5.18781
-5.18818
-5.18812
-5.18793
-5.18776
-5.18821
-5.18944
-5.18962
-5.18951
-5.18972
-5.18963
-5.19014
-5.19034
-5.18947
-5.18903
-5.18902
-5.18945
-5.18897
-5.18864
-5.18892
-5.18832
-5.18758
-5.18716
-5.18738
-5.18761
-5.1874
-5.18719
-5.18714
-5.18752
-5.18805
-5.18826
-5.18831
-5.1891
-5.18882
-5.18897
-5.1894
-5.18861
-5.18901
-5.19
-5.18931
-5.18847
-5.18854
-5.1889
-5.18912
-5.18889
-5.18807
-5.18787
-5.18753
-5.18797
-5.18917
-5.18963
-5.18964
-5.18981
-5.18893
-5.18852
-5.18782
-5.18773
-5.18796
-5.18864
-5.18869
-5.18782
-5.18827
-5.18885
-5.18896
-5.18904
-5.18912
-5.18874
-5.18881
-5.18827
-5.18926
-5.18889
-5.18883
-5.18864
-5.18861
-5.18906
-5.18939
-5.1896
-5.19014
-5.19055
-5.19038
-5.19082
-5.1914
-5.19165
-5.19171
-5.19157
-5.19185
-5.19194
-5.19262
-5.19209
-5.19096
-5.19
