0.907209
0.906563
0.906078
0.906067
0.905366
0.905077
0.904545
0.90462
0.904063
0.90524
0.906867
0.905803
0.906405
0.906075
0.906911
0.90614
0.906209
0.906033
0.906196
0.905872
0.906428
0.905744
0.905537
0.906015
0.905848
0.906064
0.90654
0.906669
0.906717
0.906218
0.906074
0.906781
0.907391
0.907344
0.907774
0.908378
0.908611
0.908616
0.907823
0.907256
0.906769
0.906412
0.90666
0.906118
0.905699
0.9059
0.906148
0.905374
0.905113
0.904482
0.9047
0.905394
0.90592
0.905861
0.904212
0.904291
0.9045
0.904137
0.904384
0.905572
0.906471
0.905659
0.905373
0.905136
0.904883
0.905553
0.905151
0.905286
0.904676
0.904337
0.904455
0.903522
0.904238
0.904189
0.903827
0.903654
0.904849
0.905242
0.904977
0.905279
0.905676
0.905891
0.906331
0.906057
0.906094
0.906166
0.906033
0.906446
0.905462
0.906124
0.905316
0.90457
0.904721
0.904504
0.904808
0.905564
0.905957
0.905769
0.905747
0.90616
0.906834
0.907493
0.906901
0.905977
0.905003
0.905008
0.905465
0.905768
0.905895
0.907136
0.906801
0.907133
0.906697
0.907426
0.907306
0.908376
0.909348
0.908873
0.910113
0.910205
0.910873
0.911633
0.911409
0.911335
0.911848
0.91073
0.910691
0.91144
0.911313
0.91002
0.909083
0.909864
0.909558
0.910759
0.910354
0.911267
0.909992
0.909955
0.909596
0.909816
0.910138
0.90957
0.910285
0.910126
0.909796
0.910064
0.909471
0.909481
0.910049
0.909134
0.908584
0.909375
0.909235
0.909208
0.909732
0.910044
0.909468
0.908673
0.908471
0.908754
0.908548
0.909345
0.909196
0.908761
0.908536
0.908617
0.908074
0.909182
0.909157
0.908719
0.908142
0.908086
0.907858
0.90844
0.908451
0.907702
0.906791
0.906558
0.907278
0.907442
0.9071
0.90752
0.908332
0.908657
0.90841
0.90839
0.907968
0.907828
0.908633
0.908645
0.909149
0.909981
0.909286
0.909635
0.909878
0.909257
0.909754
0.90918
0.909366
0.90804
0.908229
0.908416
0.908059
0.909123
0.90883
0.908633
0.908637
0.908801
0.908745
0.908576
0.90901
0.908359
0.908504
0.907328
0.907449
0.907502
0.906885
0.907093
0.907021
0.907729
0.907966
0.908323
0.908644
0.908642
0.908829
0.909283
0.909406
0.908721
0.908987
0.909628
0.910183
0.910366
0.910007
0.909811
0.910387
0.910273
0.910442
0.910734
0.910889
0.91089
0.911287
0.911448
0.911121
0.911241
0.91084
0.911413
0.91114
0.910728
0.910502
0.910546
0.91071
0.910106
0.910534
0.909871
0.910379
0.910158
0.911662
0.910754
0.909732
0.909495
0.909299
0.909097
0.910205
0.909263
0.909933
0.909353
0.909685
0.909355
0.909852
0.909302
0.908659
0.908624
0.909523
0.909166
0.909636
0.910873
0.909428
0.908411
0.909072
0.909486
0.909035
0.909179
0.909494
0.909728
0.910157
0.909881
0.911445
0.911381
0.910944
0.911337
0.911672
0.912089
0.91128
0.911914
0.9116
0.9121
0.911631
0.912154
0.912248
0.91158
0.911
0.911782
0.912381
0.912997
0.912422
0.913548
0.913673
0.913755
0.913928
0.913136
0.912891
0.912491
0.912493
0.912034
0.912064
0.912404
0.911462
0.910383
0.910996
0.910564
0.909994
0.908918
0.908831
0.908711
0.907344
0.907468
0.908118
0.907931
0.908295
0.908679
0.909241
0.91012
0.909788
0.909434
0.90892
0.909036
0.908723
0.90865
0.909
0.909352
0.909017
0.909932
0.909386
0.909264
0.909898
0.909672
0.910335
0.910182
0.908671
0.908774
0.908874
0.90858
0.909675
0.909737
0.909704
0.909453
0.909522
0.909554
0.909587
0.910225
0.910659
0.909915
0.909304
0.909553
0.909782
0.910217
0.910976
0.911337
0.910608
0.911622
0.910814
0.910969
0.910063
0.910529
0.908977
0.908412
0.908559
0.9079
0.908013
0.907531
0.908158
0.907843
0.907324
0.90821
0.909289
0.908255
0.907987
0.907053
0.906663
0.906577
0.906588
0.906494
0.906421
0.906223
0.906282
0.906777
0.906794
0.907735
0.907759
0.907973
0.908432
0.909505
0.910138
0.910137
0.911632
0.912227
0.910986
0.911576
0.910644
0.910125
0.910182
0.910519
0.909439
0.91009
0.909296
0.909635
0.909606
0.909658
0.90941
0.909343
0.908419
0.909179
0.909279
0.90932
0.910047
0.909695
0.910281
0.909572
0.910026
0.909534
0.90962
0.909833
0.910682
0.909521
0.909293
0.908855
0.907786
0.908311
0.909247
0.909908
0.909458
0.90949
0.909855
0.910556
0.911292
0.911383
0.91176
0.910496
0.910304
0.910129
0.910511
0.911606
0.911553
0.910775
0.910685
0.91125
0.911139
0.911325
0.911994
0.91277
0.912352
0.91225
0.912979
0.911883
0.912382
0.913092
0.913493
0.913756
0.914117
0.914403
0.914501
0.914169
0.913876
0.913302
0.913564
0.913605
0.913971
0.913019
0.913897
0.913817
0.913614
0.91508
0.913984
0.913572
0.913333
0.912925
0.913004
0.913044
0.913006
0.913333
0.913641
0.914605
0.914357
0.914321
0.914231
0.914317
0.914531
0.913993
0.91441
0.91482
0.91553
0.915628
0.915634
0.915649
0.915904
0.916169
0.915741
0.915683
0.915282
0.915486
0.914426
0.914561
0.914207
0.914514
0.914539
0.914724
0.914934
0.914733
0.914108
0.914175
0.914036
0.912456
0.912002
0.912498
0.912674
0.912496
0.911399
0.911567
0.911191
0.911772
0.91145
0.911822
0.911654
0.912745
0.913419
0.913114
0.91353
0.912123
0.912483
0.912396
0.912426
0.912282
0.912753
0.912863
0.913215
0.912813
0.912027
0.912195
0.912346
0.91269
0.911986
0.911203
0.911227
0.910609
0.910881
0.910659
0.911039
0.910105
0.91035
0.909944
0.910086
0.910663
0.910177
0.910563
0.909092
0.909053
0.908919
0.908195
0.908326
0.90866
0.908972
0.908453
0.908148
0.90747
0.908035
0.908389
0.908653
0.907896
0.906944
0.907383
0.906528
0.90655
0.906512
0.906059
0.906486
0.906194
0.905811
0.905685
0.905075
0.905388
0.904382
0.904669
0.904493
0.904835
0.905062
0.904758
0.905272
0.905316
0.905091
0.904498
0.90541
0.906063
0.905701
0.905585
0.90551
0.906412
0.90671
0.90721
0.906673
0.906871
0.906739
0.906392
0.905146
0.904635
0.903952
0.904407
0.904668
0.904114
0.904628
0.905664
0.905383
0.905713
0.905725
0.905396
0.904954
0.904182
0.903708
0.903625
0.903045
0.902912
0.903301
0.902888
0.90328
0.903649
0.903801
0.903918
0.904525
0.904265
0.903992
0.903068
0.902843
0.902891
0.903317
0.90327
0.903062
0.902801
0.903928
0.904935
0.905247
0.90629
0.906485
0.907378
0.907907
0.908209
0.90929
0.908962
0.90887
0.910041
0.909663
0.910132
0.909959
0.910406
0.91117
0.911631
0.912163
0.911229
0.91099
0.912108
0.912252
0.912679
0.912674
0.913675
0.9137
0.914021
0.913944
0.912841
0.912903
0.912913
0.912717
0.912633
0.912244
0.912029
0.91269
0.91283
0.913096
0.912912
0.913096
0.912718
0.913063
0.912867
0.912175
0.912071
0.91176
0.912215
0.912681
0.912199
0.912437
0.913009
0.912765
0.912682
0.913169
0.912988
0.912618
0.91192
0.911419
0.911736
0.911911
0.911819
0.912648
0.912567
0.912266
0.912004
0.912073
0.912872
0.912751
0.912436
0.912009
0.91116
0.911995
0.911748
0.912009
0.912481
0.91333
0.912687
0.912762
0.913332
0.913236
0.913594
0.911167
0.911387
0.911505
0.912146
0.91264
0.91273
0.911956
0.911603
0.912075
0.910835
0.911297
0.911663
0.912026
0.911169
0.910967
0.910533
0.911042
0.910792
0.911593
0.91175
0.912032
0.911987
0.91173
0.911717
0.91105
0.910968
0.910281
0.910997
0.910044
0.910267
0.91158
0.910834
0.91086
0.910605
0.910522
0.910714
0.909687
0.909898
0.909904
0.911027
0.910276
0.909068
0.910015
0.90942
0.910119
0.910647
0.910539
0.910169
0.910515
0.910117
0.910173
0.910332
0.910842
0.910533
0.90912
0.90942
0.910027
0.909375
0.909942
0.909379
0.908971
0.909376
0.909363
0.908222
0.909047
0.909709
0.909285
0.909266
0.908695
0.909178
0.910291
0.909362
0.90977
0.909735
0.910046
0.909886
0.910069
0.909913
0.910586
0.910145
0.910484
0.910733
0.910426
0.910151
0.911189
0.910097
0.910051
0.910327
0.910039
0.909895
0.91027
0.910682
0.910672
0.910331
0.911008
0.91187
0.911515
0.911124
0.910883
0.910064
0.909807
0.910596
0.911549
0.911
0.911534
0.911896
0.911137
0.911823
0.911411
0.910576
0.911308
0.911539
0.910911
0.91102
0.911218
0.911073
0.911521
0.912249
0.912412
0.912193
0.912592
0.912204
0.912398
0.912016
0.911794
0.910957
0.911167
0.910176
0.909776
0.910574
0.910755
0.90986
0.910409
0.91091
0.910566
0.910324
0.909771
0.909294
0.909009
0.909416
0.910826
0.910988
0.910287
0.910594
0.909706
0.909779
0.90954
0.910014
0.909703
0.909598
0.909396
0.909304
0.909035
0.909115
0.909497
0.909756
0.910586
0.910384
0.91017
0.910093
0.909924
0.908795
0.909273
0.909072
0.909329
0.908799
0.908678
0.908882
0.908762
0.907369
0.907674
0.907864
0.908194
0.90851
0.90854
0.908242
0.907932
0.908477
0.908731
0.908869
0.908561
0.908853
0.90961
0.908963
0.908951
0.908561
0.907448
0.907843
0.908055
0.907675
0.907473
0.906716
0.906721
0.906722
0.906838
0.907107
0.906176
0.905379
0.906176
0.905332
0.905078
0.905371
0.905778
0.905653
0.904957
0.904319
0.904814
0.90435
0.904509
0.904554
0.904659
0.904599
0.904394
0.904396
0.904687
0.905873
0.906283
0.905211
0.905348
0.905377
0.905543
0.905114
0.904843
0.904768
0.904622
0.905001
0.905373
0.905596
0.906605
0.906833
0.906244
0.906804
0.906708
0.90588
0.906222
0.906061
0.906615
0.906705
0.90672
0.907272
0.907163
0.906838
0.906287
0.906638
0.907517
0.90783
0.907504
0.907122
0.90711
0.90715
0.90721
0.906874
0.906779
0.906648
0.907351
0.906395
0.90621
0.906825
0.906648
0.906076
0.905747
0.90618
0.906543
0.907581
0.90748
0.907141
0.907516
0.907801
0.908466
0.908101
0.907569
0.90787
