0.440266
0.440687
0.440404
0.439586
0.438452
0.437243
0.436193
0.435454
0.435097
0.435109
0.435396
0.435834
0.436311
0.436744
0.437123
0.437524
0.4381
0.439099
0.440791
0.44342
0.447071
0.451579
0.456597
0.461708
0.466553
0.470881
0.474474
0.4771
0.478492
0.47842
0.476747
0.473458
0.468694
0.462687
0.455776
0.448343
0.440832
0.433689
0.427352
0.422188
0.418483
0.416399
0.416004
0.417277
0.420129
0.424397
0.429839
0.436162
0.443017
0.450015
0.456765
0.462888
0.468079
0.472121
0.474898
0.476379
0.476582
0.475634
0.473727
0.471143
0.468227
0.465345
0.462813
0.460818
0.459437
0.458614
0.458232
0.458153
0.45825
0.458455
0.458785
0.459332
0.460191
0.461419
0.462947
0.464592
0.466091
0.467171
0.467628
0.467318
0.466195
0.464231
0.461445
0.457895
0.453679
0.448992
0.444105
0.439385
0.435252
0.432109
0.43024
0.429734
0.430471
0.432178
0.434522
0.437195
0.439932
0.442544
0.444948
0.447133
0.4491
0.450866
0.452415
0.45369
0.454611
0.455123
0.455258
0.455181
0.455161
0.455544
0.456623
0.458515
0.461059
0.463847
0.466321
0.467959
0.468415
0.467552
0.465483
0.462509
0.459015
0.455378
0.451956
0.449067
0.447049
0.446244
0.446974
0.44942
0.453597
0.459305
0.466102
0.473358
0.480335
0.486288
0.490593
0.49281
0.492768
0.490537
0.48641
0.480844
0.474383
0.467616
0.461111
0.455425
0.451092
0.448533
0.447965
0.449299
0.452119
0.455809
0.459748
0.463487
0.466787
0.469563
0.471777
0.473387
0.474343
0.474656
0.474452
0.473993
0.473593
0.473577
0.474209
0.47566
0.477991
0.481182
0.485134
0.489678
0.494563
0.499458
0.504029
0.507982
0.511095
0.513229
0.514291
0.514244
0.513107
0.510925
0.507792
0.503843
0.499262
0.494315
0.489332
0.484676
0.48067
0.477495
0.475161
0.473592
0.472684
0.472365
0.472577
0.473201
0.474051
0.474867
0.475365
0.475309
0.474559
0.473078
0.470962
0.468399
0.465623
0.462827
0.460081
0.457302
0.45426
0.450705
0.446528
0.441849
0.437056
0.432764
0.429659
0.428337
0.429132
0.431986
0.436453
0.441806
0.447202
0.451872
0.455234
0.456949
0.456923
0.455245
0.452148
0.447956
0.443029
0.437708
0.432321
0.427162
0.42252
0.418654
0.4158
0.414111
0.413657
0.414403
0.416204
0.418825
0.421947
0.425234
0.428329
0.430922
0.432772
0.433765
0.433947
0.43352
0.432779
0.432034
0.431511
0.431302
0.431361
0.43157
0.4318
0.431962
0.432003
0.43191
0.43169
0.431411
0.431193
0.431236
0.431789
0.433097
0.435306
0.438413
0.442208
0.446293
0.450162
0.453296
0.455267
0.455788
0.454774
0.452334
0.448738
0.444394
0.43977
0.435376
0.431691
0.429105
0.427897
0.428174
0.429824
0.432556
0.435918
0.439376
0.442411
0.444581
0.445574
0.445249
0.443649
0.440954
0.43748
0.433613
0.429794
0.426478
0.424124
0.423132
0.42376
0.426062
0.429816
0.434549
0.439599
0.44422
0.447702
0.44947
0.449205
0.446878
0.442771
0.437427
0.431534
0.425815
0.420858
0.417052
0.414547
0.413275
0.413045
0.413603
0.414757
0.416413
0.418638
0.421621
0.425531
0.430353
0.435772
0.441221
0.446102
0.450004
0.452816
0.454741
0.456183
0.457657
0.459675
0.462584
0.46653
0.471374
0.476711
0.48195
0.48643
0.489545
0.490892
0.490354
0.48816
0.484825
0.481053
0.477541
0.474774
0.472954
0.472036
0.471846
0.472209
0.472994
0.474092
0.475388
0.476756
0.478035
0.479059
0.479658
0.479702
0.479144
0.478002
0.476364
0.474352
0.472104
0.469721
0.467247
0.464694
0.462064
0.459412
0.456879
0.454691
0.453156
0.452568
0.453146
0.454941
0.457847
0.461613
0.465898
0.470358
0.474685
0.478627
0.481986
0.484581
0.486258
0.486927
0.48663
0.485603
0.484303
0.483325
0.483134
0.483825
0.485039
0.486123
0.486385
0.485284
0.482513
0.478043
0.472075
0.46502
0.457412
0.449838
0.442814
0.436726
0.43183
0.428257
0.42602
0.425032
0.425137
0.426206
0.428194
0.431144
0.435091
0.439937
0.445391
0.451047
0.456524
0.461537
0.465944
0.469647
0.472533
0.474441
0.475208
0.47472
0.473005
0.470221
0.466688
0.462817
0.459025
0.455659
0.452963
0.451085
0.450025
0.449633
0.449646
0.449755
0.44972
0.449422
0.448898
0.44832
0.447875
0.447715
0.44789
0.448321
0.448773
0.448938
0.448472
0.447092
0.444647
0.441167
0.436882
0.432147
0.427355
0.422852
0.418932
0.415867
0.414009
0.413833
0.415849
0.420308
0.42691
0.434719
0.442432
0.448789
0.452884
0.454287
0.453006
0.449396
0.444055
0.437671
0.43088
0.424174
0.417848
0.412089
0.407074
0.403092
0.400535
0.399785
0.401081
0.404401
0.409436
0.415696
0.422639
0.429799
0.436864
0.443681
0.45023
0.456499
0.462453
0.467949
0.472719
0.47642
0.47872
0.47935
0.478214
0.475436
0.471369
0.466578
0.461731
0.457479
0.45434
0.452554
0.452063
0.452529
0.453435
0.454225
0.454474
0.453974
0.452842
0.451505
0.450564
0.450546
0.451664
0.453734
0.456296
0.45878
0.460738
0.461912
0.462234
0.461792
0.460781
0.459477
0.458166
0.457147
0.456611
0.456592
0.456986
0.457617
0.458312
0.458932
0.45937
0.459496
0.459124
0.458057
0.456142
0.45334
0.449784
0.44578
0.441747
0.438133
0.435343
0.43369
0.433365
0.434426
0.436787
0.440206
0.444313
0.448652
0.452698
0.455933
0.457917
0.458353
0.457085
0.454142
0.449714
0.444171
0.438007
0.43184
0.426338
0.422141
0.419718
0.419253
0.420588
0.423285
0.426776
0.430464
0.433854
0.436612
0.43857
0.439724
0.440246
0.440455
0.440752
0.441493
0.442872
0.44487
0.447298
0.449867
0.452295
0.45434
0.455833
0.456664
0.456751
0.456068
0.454628
0.452493
0.449793
0.44673
0.443566
0.440592
0.438073
0.436231
0.43525
0.43523
0.436187
0.438038
0.440576
0.443503
0.446471
0.449136
0.451245
0.452702
0.453562
0.454034
0.454429
0.455075
0.456241
0.458082
0.460617
0.46371
0.467082
0.470359
0.473156
0.47511
0.47593
0.47543
0.473542
0.470307
0.465861
0.460428
0.454264
0.447612
0.440637
0.433434
0.426038
0.418562
0.411379
0.405246
0.401171
0.399977
0.401817
0.406089
0.411774
0.417896
0.423782
0.42903
0.433357
0.436557
0.438463
0.438985
0.438141
0.436095
0.433153
0.429758
0.426429
0.423688
0.421956
0.421461
0.422214
0.424064
0.426832
0.430383
0.434655
0.43957
0.444933
0.450389
0.455443
0.459598
0.462483
0.463929
0.464006
0.462965
0.461186
0.459053
0.456886
0.454859
0.452996
0.451187
0.449265
0.447038
0.444358
0.441111
0.437208
0.432575
0.427173
0.421082
0.414557
0.408079
0.402363
0.398195
0.396287
0.397048
0.400475
0.406145
0.41335
0.421268
0.429086
0.436098
0.441737
0.445631
0.447644
0.447919
0.446883
0.445197
0.443718
0.443274
0.444547
0.447893
0.453289
0.460393
0.468687
0.477577
0.486499
0.494962
0.502548
0.508903
0.513762
0.516908
0.518189
0.517538
0.514996
0.510732
0.505069
0.498476
0.491552
0.484956
0.47936
0.475314
0.473184
0.473075
0.474797
0.477858
0.481604
0.48533
0.488444
0.490544
0.491452
0.491197
0.489969
0.488041
0.485741
0.483443
0.481533
0.480328
0.480044
0.480725
0.482186
0.484067
0.485845
0.486955
0.486853
0.485127
0.481548
0.476109
0.469042
0.460815
0.452056
0.443448
0.435606
0.429032
0.424093
0.421064
0.420138
0.421382
0.424658
0.429662
0.435985
0.443225
0.450998
0.458971
0.466807
0.474135
0.480532
0.485617
0.4891
0.490846
0.490889
0.489395
0.48659
0.482725
0.478085
0.472992
0.467795
0.46287
0.458515
0.454897
0.452014
0.449679
0.447644
0.445675
0.443651
0.441564
0.439463
0.437356
0.435167
0.432766
0.43004
0.427016
0.423986
0.421585
0.420698
0.422167
0.426448
0.433395
0.442288
0.452077
0.461652
0.470034
0.476498
0.48064
0.482391
0.481951
0.479725
0.476241
0.472047
0.467601
0.463245
0.459154
0.455351
0.451768
0.448268
0.444722
0.441087
0.437418
0.433912
0.430869
0.42865
0.427572
0.427807
0.429353
0.43199
0.435317
0.438865
0.442176
0.444923
0.446979
0.448439
0.449621
0.450972
0.452951
0.455875
0.459834
0.464642
0.46992
0.475202
0.48004
0.484063
0.486946
0.488422
0.488302
0.486528
0.483237
0.478762
0.473597
0.468293
0.463361
0.459169
0.455908
0.453569
0.451978
0.450833
0.449774
0.448519
0.446937
0.445123
0.443409
0.442294
0.442251
0.443569
0.446134
0.449502
0.453042
0.456183
0.458562
0.46008
0.460819
0.460927
0.460545
0.459728
0.458443
0.456588
0.454013
0.450576
0.446172
0.440827
0.434669
0.427964
0.421127
0.414653
0.40904
0.404693
0.40186
0.400604
0.40083
0.402351
0.404954
0.40848
0.412826
0.41792
0.42369
0.430021
0.436742
0.443634
0.45045
0.456962
0.462966
0.468308
0.472906
0.476704
0.479671
0.481809
0.483098
0.483506
0.482969
0.48143
0.478832
0.475195
0.470624
0.465373
0.459815
0.454403
0.449599
0.445728
0.442914
0.441075
0.439962
0.439265
0.438712
0.438131
0.437517
0.437006
0.436879
0.437496
0.439214
0.442307
0.446855
0.452707
0.459473
0.466572
0.473375
0.479317
0.483998
0.487217
0.488906
0.489094
0.487856
0.485299
0.481564
0.476865
0.471501
0.465853
0.46033
0.455337
0.451193
0.44811
0.446202
0.445513
0.446008
0.447614
0.450181
0.453493
0.457277
0.461274
0.465244
0.469047
0.472641
0.476042
0.479273
0.482266
0.484835
0.486678
0.487479
0.486966
0.485025
0.481705
0.477235
0.471997
0.466516
0.461409
0.457269
0.454598
0.45369
0.454547
0.456905
0.460318
0.464266
0.468242
0.471808
0.474623
0.476498
0.477399
0.47745
0.476876
0.475931
0.474799
0.473538
0.472077
0.470254
0.46791
0.464953
0.461421
0.457502
0.453524
0.44988
0.446966
0.445091
0.444391
0.444779
0.445936
0.447372
0.448538
0.44896
0.448333
0.446614
0.444006
