0.418909
0.418682
0.417363
0.415063
0.411928
0.408137
0.403894
0.399405
0.394865
0.390419
0.386177
0.382215
0.378609
0.375457
0.372903
0.371151
0.3704
0.370796
0.372356
0.374963
0.378371
0.382252
0.386246
0.389996
0.393187
0.39557
0.396956
0.397225
0.396333
0.394291
0.391173
0.3871
0.382268
0.376946
0.37151
0.366404
0.362073
0.358884
0.357022
0.356478
0.357079
0.358555
0.360628
0.363059
0.365667
0.368324
0.370945
0.373483
0.375922
0.378285
0.380616
0.382965
0.385382
0.387876
0.390386
0.392807
0.394969
0.396677
0.397746
0.398035
0.397484
0.396135
0.394118
0.391625
0.388876
0.386092
0.383458
0.381156
0.379355
0.378214
0.377851
0.378277
0.379349
0.380771
0.382164
0.383167
0.383519
0.383122
0.382043
0.38049
0.378732
0.377043
0.375649
0.37469
0.374242
0.374332
0.374948
0.376053
0.377581
0.379436
0.381483
0.383571
0.385532
0.387202
0.388402
0.389
0.388895
0.388035
0.386442
0.384232
0.381616
0.37888
0.376339
0.374277
0.372892
0.372277
0.372398
0.37316
0.374454
0.376214
0.37843
0.381107
0.38422
0.387653
0.391203
0.39461
0.397572
0.399843
0.401253
0.401727
0.401286
0.400032
0.398135
0.395798
0.393238
0.390651
0.388216
0.386054
0.384239
0.3828
0.381742
0.381044
0.380688
0.38065
0.380898
0.381396
0.38209
0.382923
0.383844
0.384808
0.385801
0.386831
0.387934
0.389139
0.390471
0.39192
0.393428
0.394913
0.396263
0.39739
0.398235
0.398787
0.399075
0.399151
0.399077
0.398866
0.39852
0.398012
0.397322
0.396476
0.395533
0.394596
0.393788
0.393205
0.392886
0.392785
0.392807
0.392815
0.392669
0.392247
0.391465
0.390285
0.38869
0.386714
0.384449
0.38203
0.379649
0.377505
0.375785
0.37464
0.374162
0.374378
0.375231
0.376607
0.378348
0.38029
0.382275
0.384196
0.385994
0.387658
0.389227
0.390766
0.392348
0.394028
0.395812
0.397627
0.399314
0.40065
0.401402
0.401355
0.400375
0.398407
0.395481
0.391733
0.387354
0.382592
0.377713
0.37299
0.368677
0.364997
0.362122
0.36018
0.359263
0.359413
0.360641
0.36289
0.366056
0.369994
0.374502
0.379359
0.384346
0.389265
0.393937
0.398223
0.402017
0.405236
0.407802
0.409648
0.410696
0.410859
0.410054
0.408249
0.405481
0.401892
0.397719
0.393286
0.388965
0.385125
0.382055
0.379937
0.378808
0.378565
0.378995
0.379811
0.38069
0.381298
0.381353
0.380668
0.379211
0.377134
0.374749
0.372426
0.370461
0.369019
0.368099
0.367626
0.367533
0.367803
0.368449
0.369483
0.370894
0.372624
0.374575
0.376621
0.378628
0.380467
0.382042
0.38327
0.384082
0.384433
0.384295
0.383663
0.382546
0.380966
0.378995
0.376748
0.374362
0.371995
0.369813
0.367941
0.366425
0.365239
0.364272
0.363378
0.362413
0.361319
0.36015
0.359102
0.358478
0.358629
0.359863
0.362368
0.366177
0.371172
0.37711
0.383655
0.390433
0.397054
0.403143
0.408354
0.412405
0.41508
0.416252
0.415886
0.41403
0.410827
0.406484
0.401263
0.395452
0.389359
0.38329
0.377536
0.372366
0.368031
0.364743
0.362686
0.361978
0.362688
0.36483
0.368334
0.373051
0.378733
0.385034
0.391503
0.397637
0.402929
0.406912
0.409215
0.40961
0.408021
0.404545
0.399441
0.393093
0.385973
0.378582
0.371399
0.36484
0.359228
0.354782
0.351597
0.349677
0.348923
0.349157
0.350171
0.351743
0.353669
0.355781
0.357941
0.360055
0.362054
0.363887
0.365521
0.366925
0.368059
0.368877
0.369351
0.36947
0.369239
0.368696
0.367913
0.366988
0.366028
0.365162
0.364498
0.364121
0.364078
0.36436
0.364932
0.365735
0.366692
0.367749
0.368878
0.370079
0.371336
0.372616
0.373843
0.374904
0.375678
0.37608
0.376107
0.375839
0.375437
0.3751
0.375024
0.375356
0.376148
0.377353
0.37882
0.380332
0.381636
0.382486
0.382696
0.38217
0.380924
0.379111
0.377024
0.375045
0.373602
0.373089
0.373772
0.375749
0.37893
0.383061
0.387782
0.392703
0.39745
0.401723
0.405298
0.408026
0.409834
0.410713
0.410687
0.409798
0.408084
0.405593
0.402377
0.398504
0.394071
0.389234
0.384221
0.379313
0.374826
0.371062
0.368255
0.366546
0.365972
0.366475
0.367954
0.370252
0.373172
0.376478
0.379879
0.383058
0.385703
0.387571
0.388506
0.388448
0.387441
0.385609
0.383139
0.380256
0.37721
0.374265
0.371679
0.369695
0.368519
0.368311
0.369179
0.371156
0.374201
0.378192
0.382931
0.388166
0.393635
0.399105
0.404391
0.409376
0.413998
0.418231
0.422047
0.425384
0.428149
0.430196
0.431373
0.431527
0.430528
0.428293
0.424791
0.420044
0.414144
0.40723
0.399516
0.391296
0.382947
0.374902
0.36762
0.36153
0.356998
0.354303
0.353624
0.355038
0.358468
0.3636
0.369877
0.376537
0.382771
0.387865
0.391337
0.392951
0.392716
0.390805
0.387482
0.38305
0.37782
0.372108
0.366205
0.360379
0.354879
0.349929
0.345736
0.342494
0.340394
0.339606
0.340262
0.342408
0.345967
0.350696
0.356211
0.362056
0.367774
0.372997
0.377493
0.381173
0.384074
0.38633
0.388125
0.389644
0.391036
0.392401
0.393775
0.39515
0.396464
0.397618
0.398504
0.399
0.398996
0.398401
0.397169
0.395341
0.39304
0.390456
0.387821
0.385348
0.383181
0.38139
0.379927
0.378672
0.377441
0.376042
0.374321
0.3722
0.369699
0.366925
0.364053
0.361298
0.358869
0.356932
0.355591
0.354882
0.35479
0.355263
0.356222
0.357579
0.359251
0.36114
0.36311
0.365033
0.366775
0.368199
0.369202
0.369737
0.369817
0.369519
0.36899
0.368402
0.367952
0.367826
0.368173
0.369076
0.370538
0.372478
0.374755
0.377186
0.379576
0.381765
0.383639
0.385159
0.38635
0.387292
0.388097
0.388888
0.389759
0.390773
0.391944
0.393246
0.394614
0.395952
0.397147
0.398074
0.398607
0.398664
0.398188
0.397166
0.39563
0.393651
0.391332
0.388807
0.386199
0.383596
0.381053
0.378588
0.376176
0.373777
0.371356
0.368888
0.366378
0.363858
0.361381
0.359021
0.356894
0.355144
0.353943
0.353449
0.353773
0.354948
0.356889
0.359408
0.36224
0.365092
0.367705
0.369881
0.371516
0.372573
0.373105
0.373196
0.372948
0.372431
0.371665
0.37062
0.369234
0.367436
0.365187
0.362497
0.35945
0.356225
0.353098
0.350403
0.348495
0.347676
0.34814
0.349957
0.353085
0.357386
0.362644
0.368597
0.37494
0.381342
0.387488
0.393095
0.397938
0.401877
0.404845
0.406828
0.407875
0.40805
0.407427
0.406074
0.404067
0.40146
0.398319
0.394714
0.39073
0.386469
0.382032
0.377498
0.372931
0.368381
0.363871
0.359425
0.355099
0.350992
0.347237
0.34401
0.34151
0.339929
0.339425
0.340094
0.341938
0.34484
0.348554
0.352733
0.35698
0.360912
0.364195
0.3666
0.368013
0.368435
0.367965
0.366779
0.365093
0.363141
0.36115
0.359314
0.357792
0.356671
0.355948
0.355558
0.355381
0.35527
0.355061
0.354631
0.353912
0.352906
0.35168
0.350322
0.348908
0.347448
0.345879
0.344116
0.342098
0.339869
0.337581
0.335494
0.333908
0.333092
0.333214
0.334302
0.336269
0.338923
0.342033
0.345384
0.348802
0.352164
0.355412
0.35852
0.361478
0.364296
0.366977
0.369493
0.371821
0.373911
0.375716
0.377203
0.378338
0.379108
0.379518
0.379596
0.379399
0.379032
0.378615
0.378302
0.378268
0.378651
0.379545
0.380962
0.382813
0.384943
0.38716
0.389249
0.390999
0.392241
0.392861
0.392817
0.392122
0.390838
0.38907
0.386932
0.384547
0.382036
0.379527
0.377141
0.37502
0.373314
0.372154
0.371653
0.371879
0.372855
0.374531
0.376794
0.379457
0.382289
0.385042
0.387477
0.389417
0.390728
0.391351
0.391297
0.390626
0.389423
0.387786
0.385817
0.383617
0.381289
0.378949
0.376728
0.37478
0.373267
0.372328
0.372048
0.372445
0.373438
0.374867
0.376522
0.378166
0.37957
0.380538
0.380911
0.38057
0.379451
0.377533
0.374859
0.371529
0.36772
0.363654
0.359616
0.355909
0.352857
0.350741
0.349761
0.35001
0.351428
0.353832
0.356953
0.360506
0.364252
0.368051
0.371845
0.375623
0.379389
0.383123
0.386746
0.390123
0.393089
0.395472
0.397129
0.397951
0.397898
0.397
0.39533
0.393017
0.390228
0.387146
0.383975
0.380913
0.378115
0.375692
0.373673
0.372018
0.370617
0.369298
0.367879
0.366202
0.364177
0.361794
0.359138
0.356371
0.353728
0.351459
0.349782
0.348846
0.348701
0.349275
0.350427
0.351974
0.353714
0.35544
0.356948
0.358028
0.358475
0.358157
0.357017
0.355109
0.352625
0.349907
0.347396
0.34556
0.344783
0.345273
0.347016
0.349793
0.353258
0.35703
0.360739
0.364094
0.366895
0.369021
0.370414
0.371072
0.371037
0.37036
0.369136
0.367486
0.365551
0.36351
0.361554
0.359859
0.358572
0.357778
0.35751
0.357749
0.358454
0.359581
0.361099
0.362997
0.365275
0.36793
0.370935
0.374246
0.377775
0.381414
0.385033
0.388488
0.391635
0.394335
0.39647
0.397942
0.398699
0.398714
0.398002
0.396611
0.394628
0.392186
0.389412
0.386432
0.383377
0.380366
0.377503
0.374874
0.37257
0.370654
0.369144
0.36801
0.367171
0.366495
0.365848
0.365108
0.364192
0.363076
0.361793
0.360428
0.359102
0.357961
0.357152
0.356814
0.357052
0.357921
0.359432
0.361547
0.364201
0.367317
0.370803
0.374565
0.378499
0.382487
0.386412
0.390155
0.393595
0.396623
0.399162
0.401159
0.402575
0.403404
0.403661
0.403379
0.402614
0.401454
0.400002
0.39837
0.396658
0.394943
0.393286
0.391722
0.39031
0.389118
0.388229
0.387757
0.387764
0.388262
0.389193
0.390427
0.39178
0.39307
0.394129
0.394817
0.395043
0.394747
0.393911
0.392534
0.390638
0.388272
0.385486
0.382365
0.37901
0.375556
0.37217
0.36904
0.366372
0.364366
0.363182
0.362911
0.363533
0.364918
0.366838
0.369005
0.371136
0.372983
0.374384
0.375256
0.375609
0.375536
