-5.50755
-5.50791
-5.50745
-5.50604
-5.50438
-5.50083
-5.49911
-5.49753
-5.49591
-5.49601
-5.49659
-5.49728
-5.49847
-5.49987
-5.50102
-5.50223
-5.50349
-5.50634
-5.50931
-5.51405
-5.52172
-5.53032
-5.53949
-5.54936
-5.55778
-5.56612
-5.57261
-5.57757
-5.58066
-5.58071
-5.57703
-5.56949
-5.56045
-5.54962
-5.53719
-5.52312
-5.50988
-5.49649
-5.48557
-5.47641
-5.46969
-5.46582
-5.46536
-5.46782
-5.47392
-5.48259
-5.49278
-5.50349
-5.51645
-5.52992
-5.54315
-5.55457
-5.56362
-5.57007
-5.57447
-5.57798
-5.5781
-5.57658
-5.57349
-5.56921
-5.56378
-5.55789
-5.55284
-5.54881
-5.54682
-5.54525
-5.54416
-5.54316
-5.54306
-5.54375
-5.54349
-5.54514
-5.54634
-5.54851
-5.55122
-5.55425
-5.55726
-5.55825
-5.55927
-5.55825
-5.55649
-5.55272
-5.54699
-5.54092
-5.53245
-5.5239
-5.5155
-5.50733
-5.50002
-5.49475
-5.49157
-5.4909
-5.49293
-5.49684
-5.50156
-5.50773
-5.51383
-5.51816
-5.52164
-5.52577
-5.52949
-5.53284
-5.53518
-5.5376
-5.53996
-5.54111
-5.54083
-5.5405
-5.54019
-5.54129
-5.54283
-5.54662
-5.55096
-5.55627
-5.56105
-5.563
-5.56453
-5.56317
-5.55918
-5.55327
-5.54738
-5.54008
-5.53519
-5.53059
-5.52781
-5.52567
-5.52792
-5.53289
-5.5409
-5.55213
-5.56436
-5.57777
-5.59007
-5.60065
-5.6084
-5.61103
-5.61038
-5.60617
-5.59793
-5.58802
-5.57522
-5.56196
-5.55019
-5.53943
-5.53216
-5.52792
-5.52768
-5.53075
-5.53616
-5.54321
-5.55062
-5.55684
-5.56358
-5.56859
-5.57225
-5.57524
-5.57641
-5.57686
-5.57548
-5.57564
-5.57521
-5.5757
-5.57698
-5.57963
-5.58331
-5.58902
-5.59611
-5.60425
-5.61357
-5.62269
-5.6316
-5.63918
-5.64472
-5.64874
-5.65061
-5.64892
-5.64673
-5.64278
-5.63605
-5.62844
-5.6191
-5.61036
-5.60102
-5.5919
-5.58449
-5.58075
-5.57751
-5.57507
-5.57429
-5.57369
-5.57421
-5.57442
-5.57606
-5.57743
-5.57803
-5.57681
-5.5761
-5.5736
-5.57041
-5.56613
-5.56045
-5.5558
-5.55036
-5.54466
-5.53903
-5.53182
-5.52344
-5.51479
-5.50556
-5.49768
-5.49286
-5.49037
-5.4918
-5.49744
-5.5055
-5.51534
-5.52571
-5.53417
-5.53922
-5.54209
-5.54146
-5.5378
-5.53188
-5.5231
-5.51439
-5.50426
-5.49496
-5.48539
-5.47712
-5.46973
-5.4653
-5.46348
-5.46214
-5.4633
-5.46817
-5.4745
-5.47989
-5.48627
-5.49133
-5.49571
-5.49944
-5.50082
-5.50148
-5.50121
-5.49997
-5.49847
-5.49771
-5.49678
-5.49648
-5.49643
-5.49684
-5.49757
-5.49716
-5.49695
-5.49696
-5.49642
-5.49647
-5.49629
-5.49679
-5.49948
-5.50324
-5.50834
-5.51571
-5.52293
-5.52905
-5.53433
-5.5386
-5.53941
-5.53634
-5.53187
-5.52474
-5.51675
-5.50805
-5.50017
-5.49428
-5.48958
-5.48762
-5.48826
-5.49094
-5.49601
-5.50244
-5.50882
-5.51567
-5.51996
-5.52203
-5.52211
-5.51955
-5.51322
-5.50657
-5.49926
-5.49212
-5.4863
-5.48263
-5.48153
-5.48346
-5.48861
-5.49578
-5.50435
-5.51397
-5.52192
-5.5287
-5.53193
-5.53272
-5.52809
-5.52009
-5.51067
-5.49963
-5.48993
-5.48068
-5.473
-5.46803
-5.4653
-5.46535
-5.46651
-5.46949
-5.47219
-5.4758
-5.48101
-5.48779
-5.49697
-5.50627
-5.51716
-5.52585
-5.53253
-5.53751
-5.54166
-5.5444
-5.547
-5.55113
-5.55666
-5.5641
-5.57346
-5.58273
-5.5926
-5.6008
-5.60624
-5.60941
-5.607
-5.60191
-5.59543
-5.58842
-5.58216
-5.57644
-5.57293
-5.57151
-5.57171
-5.57201
-5.57411
-5.57648
-5.57844
-5.58111
-5.58299
-5.58542
-5.58628
-5.58611
-5.58587
-5.58381
-5.58131
-5.57619
-5.57141
-5.56774
-5.563
-5.55767
-5.55294
-5.54729
-5.54204
-5.53761
-5.5355
-5.53444
-5.53675
-5.53995
-5.54516
-5.5528
-5.56014
-5.56834
-5.57625
-5.58386
-5.59066
-5.59587
-5.59861
-5.59874
-5.59816
-5.5957
-5.59209
-5.59054
-5.59097
-5.5924
-5.5947
-5.59559
-5.59529
-5.59286
-5.58702
-5.5782
-5.56698
-5.5543
-5.53935
-5.52546
-5.51328
-5.50182
-5.4929
-5.48674
-5.48332
-5.48263
-5.48302
-5.48517
-5.48871
-5.49463
-5.50298
-5.51236
-5.52324
-5.53306
-5.54368
-5.55282
-5.56066
-5.56793
-5.57367
-5.57697
-5.57904
-5.57713
-5.57403
-5.56854
-5.5616
-5.55366
-5.54624
-5.54027
-5.53453
-5.53107
-5.52926
-5.52895
-5.52979
-5.52971
-5.53023
-5.52921
-5.52765
-5.52722
-5.52693
-5.52658
-5.5264
-5.52726
-5.52691
-5.52702
-5.52486
-5.52156
-5.51749
-5.51018
-5.50188
-5.49283
-5.48449
-5.47554
-5.46921
-5.46406
-5.46212
-5.46263
-5.46711
-5.4752
-5.48819
-5.50304
-5.51717
-5.52844
-5.53571
-5.53813
-5.53517
-5.52846
-5.51747
-5.50618
-5.4941
-5.48149
-5.46962
-5.45973
-5.4505
-5.44323
-5.43912
-5.4381
-5.44057
-5.44659
-5.45584
-5.46695
-5.47983
-5.49288
-5.50542
-5.51748
-5.53026
-5.54162
-5.55314
-5.56363
-5.57302
-5.57978
-5.58496
-5.58551
-5.58265
-5.57756
-5.56912
-5.56081
-5.55148
-5.5426
-5.53691
-5.53373
-5.5332
-5.53345
-5.53517
-5.53567
-5.53601
-5.53524
-5.53442
-5.53256
-5.53109
-5.53154
-5.53439
-5.53819
-5.54414
-5.54894
-5.55226
-5.5544
-5.55482
-5.55415
-5.55158
-5.54972
-5.5473
-5.54548
-5.54442
-5.5443
-5.54463
-5.54626
-5.54754
-5.54821
-5.54807
-5.54823
-5.54774
-5.54653
-5.54239
-5.53677
-5.52994
-5.52296
-5.51496
-5.50736
-5.50165
-5.49914
-5.4991
-5.50103
-5.50517
-5.51226
-5.51995
-5.52842
-5.53611
-5.54161
-5.54488
-5.54555
-5.54171
-5.5363
-5.52745
-5.51691
-5.50518
-5.49506
-5.48494
-5.47839
-5.47457
-5.47362
-5.47623
-5.48005
-5.48658
-5.49351
-5.49982
-5.50506
-5.50806
-5.50958
-5.51042
-5.51046
-5.51072
-5.51276
-5.5151
-5.5178
-5.522
-5.52685
-5.532
-5.5358
-5.5384
-5.53991
-5.53974
-5.53935
-5.53622
-5.53136
-5.5261
-5.52005
-5.51448
-5.50945
-5.50532
-5.50112
-5.49988
-5.49983
-5.50234
-5.50617
-5.51062
-5.51513
-5.52055
-5.52476
-5.5276
-5.53075
-5.53237
-5.53317
-5.53419
-5.53589
-5.53798
-5.54134
-5.54597
-5.55205
-5.55829
-5.56382
-5.56855
-5.57287
-5.5746
-5.57477
-5.57238
-5.56662
-5.5579
-5.54771
-5.53623
-5.52523
-5.51216
-5.49913
-5.48576
-5.47273
-5.45899
-5.44721
-5.43927
-5.4381
-5.44128
-5.44939
-5.46037
-5.4711
-5.4816
-5.49087
-5.49899
-5.505
-5.50829
-5.50917
-5.50634
-5.50148
-5.49608
-5.49055
-5.48403
-5.47884
-5.47617
-5.47551
-5.47819
-5.48196
-5.48755
-5.49502
-5.50277
-5.51183
-5.52063
-5.53042
-5.53952
-5.54704
-5.55201
-5.55447
-5.55519
-5.55315
-5.55072
-5.54666
-5.54317
-5.53996
-5.5372
-5.53345
-5.5308
-5.52681
-5.5218
-5.51632
-5.50885
-5.50017
-5.48977
-5.47886
-5.46706
-5.45395
-5.44404
-5.43652
-5.43372
-5.43543
-5.44156
-5.45202
-5.46608
-5.4807
-5.49454
-5.50738
-5.5179
-5.52515
-5.52788
-5.52714
-5.52529
-5.52118
-5.51896
-5.51835
-5.52086
-5.52768
-5.5393
-5.55279
-5.56823
-5.58542
-5.60152
-5.6173
-5.63138
-5.64194
-5.65015
-5.65531
-5.65745
-5.65573
-5.65129
-5.64325
-5.63241
-5.61995
-5.6079
-5.59599
-5.58618
-5.57903
-5.57486
-5.57517
-5.5794
-5.58509
-5.59236
-5.59948
-5.60628
-5.6101
-5.61125
-5.61027
-5.6086
-5.60509
-5.60125
-5.59659
-5.59362
-5.59111
-5.58942
-5.59086
-5.5934
-5.59858
-5.60077
-5.60357
-5.60375
-5.60011
-5.59227
-5.58162
-5.56847
-5.55312
-5.53647
-5.52095
-5.50665
-5.49507
-5.48641
-5.48131
-5.47951
-5.48246
-5.48867
-5.4977
-5.50803
-5.52133
-5.53631
-5.55205
-5.56627
-5.57949
-5.59091
-5.5994
-5.60504
-5.60777
-5.60707
-5.60523
-5.59996
-5.59279
-5.58394
-5.57553
-5.56504
-5.55572
-5.54795
-5.54066
-5.53666
-5.53213
-5.52855
-5.52447
-5.52087
-5.51611
-5.51088
-5.50668
-5.50292
-5.49843
-5.49259
-5.48712
-5.48143
-5.47644
-5.47488
-5.47854
-5.48653
-5.50071
-5.51743
-5.53604
-5.55392
-5.56929
-5.58086
-5.58779
-5.59048
-5.58933
-5.58466
-5.57823
-5.57043
-5.56223
-5.55426
-5.54755
-5.54001
-5.53421
-5.52794
-5.52051
-5.51337
-5.50619
-5.50041
-5.4951
-5.49212
-5.49099
-5.49111
-5.49392
-5.49913
-5.50508
-5.5118
-5.518
-5.52282
-5.52725
-5.52956
-5.53083
-5.5331
-5.53705
-5.54188
-5.54952
-5.55853
-5.56803
-5.57685
-5.58479
-5.59206
-5.59702
-5.6001
-5.59932
-5.59699
-5.591
-5.58246
-5.57334
-5.56272
-5.55362
-5.54655
-5.5412
-5.53708
-5.53385
-5.53227
-5.53017
-5.52796
-5.52469
-5.52117
-5.5173
-5.51568
-5.51536
-5.51982
-5.52442
-5.5313
-5.53733
-5.54269
-5.54644
-5.54922
-5.55013
-5.55097
-5.55076
-5.54947
-5.54685
-5.54315
-5.5372
-5.53159
-5.52299
-5.51416
-5.50237
-5.48919
-5.47674
-5.46552
-5.45521
-5.44759
-5.44295
-5.44031
-5.44052
-5.44383
-5.44864
-5.45393
-5.46192
-5.47156
-5.48184
-5.49343
-5.50584
-5.51898
-5.53133
-5.54339
-5.55492
-5.56446
-5.57186
-5.57868
-5.58382
-5.58758
-5.58977
-5.59168
-5.58943
-5.58622
-5.5803
-5.57428
-5.56477
-5.55586
-5.54572
-5.53564
-5.52691
-5.51964
-5.51404
-5.51005
-5.5084
-5.50716
-5.50629
-5.50505
-5.50436
-5.5036
-5.5033
-5.50474
-5.50888
-5.51529
-5.52363
-5.53447
-5.54707
-5.55987
-5.57276
-5.58352
-5.59205
-5.5974
-5.59873
-5.59775
-5.5952
-5.59009
-5.58329
-5.57551
-5.56536
-5.55402
-5.54328
-5.5342
-5.52688
-5.52231
-5.51812
-5.51753
-5.51852
-5.52214
-5.52751
-5.53405
-5.54051
-5.54792
-5.55494
-5.56255
-5.56991
-5.57648
-5.58228
-5.58748
-5.59289
-5.59601
-5.59745
-5.59598
-5.59201
-5.58507
-5.57726
-5.56751
-5.55743
-5.54799
-5.54074
-5.53658
-5.53555
-5.53745
-5.5425
-5.54821
-5.55601
-5.56362
-5.5701
-5.57469
-5.57798
-5.57872
-5.57883
-5.57754
-5.5753
-5.5735
-5.57116
-5.56917
-5.56529
-5.56027
-5.55441
-5.54811
-5.54069
-5.53413
-5.52765
-5.52274
-5.51918
-5.5184
-5.51929
-5.52151
-5.52445
-5.52619
-5.52723
-5.52599
-5.52261
-5.51838
