0.82188
0.822684
0.822186
0.820697
0.818623
0.816419
0.8145
0.813157
0.812522
0.812562
0.813108
0.813932
0.814822
0.815626
0.81633
0.817069
0.818131
0.819965
0.823085
0.827936
0.834668
0.84299
0.852258
0.861698
0.870653
0.878652
0.8853
0.890163
0.892747
0.89263
0.889561
0.883511
0.874729
0.863646
0.850889
0.837171
0.823297
0.810103
0.798385
0.788831
0.781967
0.778092
0.777325
0.779637
0.784854
0.792682
0.802681
0.814313
0.826919
0.839791
0.852204
0.863468
0.873016
0.880447
0.885543
0.888239
0.888586
0.886807
0.88326
0.878466
0.873064
0.867733
0.86305
0.859365
0.85681
0.855293
0.854591
0.854451
0.854632
0.855006
0.855616
0.856616
0.858197
0.860459
0.863275
0.866308
0.869073
0.871073
0.871919
0.871355
0.869287
0.865674
0.860547
0.854006
0.846245
0.837611
0.828604
0.819907
0.812295
0.806508
0.803077
0.802159
0.803532
0.806693
0.811027
0.81596
0.821005
0.825823
0.830256
0.834273
0.837885
0.841123
0.843962
0.84629
0.847964
0.848883
0.849114
0.848951
0.848899
0.849592
0.851583
0.855078
0.85979
0.864954
0.869544
0.872599
0.873462
0.87189
0.86809
0.862617
0.856176
0.849475
0.843156
0.83782
0.834087
0.832597
0.833933
0.838434
0.846136
0.856662
0.869206
0.882599
0.895483
0.906476
0.914423
0.918521
0.918439
0.914309
0.90668
0.896385
0.884443
0.871936
0.859909
0.849394
0.841373
0.83663
0.835563
0.838014
0.84321
0.850011
0.857274
0.864168
0.870245
0.875354
0.879427
0.882382
0.88413
0.884686
0.88429
0.883408
0.882638
0.882573
0.883705
0.88635
0.890623
0.896481
0.903746
0.912104
0.921089
0.930094
0.938497
0.94576
0.951473
0.955374
0.957295
0.957177
0.955037
0.950968
0.94515
0.937825
0.929339
0.920176
0.910954
0.902348
0.894947
0.889081
0.884781
0.881904
0.880254
0.879701
0.880134
0.881338
0.882961
0.884523
0.885505
0.885466
0.88414
0.881463
0.877613
0.872941
0.86788
0.862778
0.857776
0.852713
0.847159
0.840657
0.833002
0.824409
0.8156
0.80771
0.802
0.799585
0.801079
0.806373
0.814649
0.824564
0.834555
0.843208
0.849451
0.852647
0.852629
0.849562
0.843871
0.836166
0.827099
0.817309
0.807391
0.7979
0.78936
0.782256
0.777012
0.773913
0.773102
0.774502
0.777841
0.78269
0.788474
0.794557
0.80029
0.805092
0.808518
0.810361
0.810702
0.809913
0.808546
0.807174
0.806209
0.805827
0.805941
0.806328
0.806751
0.807041
0.807112
0.806925
0.8065
0.805961
0.805528
0.805577
0.806567
0.808943
0.812987
0.818692
0.825665
0.833179
0.840302
0.846067
0.849681
0.850622
0.848733
0.844207
0.83755
0.829508
0.820956
0.812829
0.80601
0.801229
0.798997
0.799512
0.802571
0.80763
0.813853
0.820261
0.82588
0.829909
0.831765
0.831184
0.828247
0.823297
0.8169
0.809772
0.802733
0.796617
0.792272
0.790441
0.7916
0.795852
0.802792
0.811545
0.820885
0.82944
0.835887
0.839172
0.838693
0.834416
0.826849
0.816995
0.806127
0.795577
0.78644
0.779433
0.774824
0.772492
0.772074
0.773111
0.775238
0.778293
0.782395
0.787891
0.795097
0.803985
0.813979
0.824022
0.833019
0.840207
0.845375
0.848897
0.851527
0.854216
0.857906
0.863246
0.870503
0.879421
0.88926
0.898917
0.907172
0.912907
0.915371
0.914357
0.910282
0.904091
0.897094
0.890574
0.88544
0.882058
0.880342
0.879972
0.88063
0.882064
0.884082
0.886471
0.888993
0.891357
0.893246
0.894354
0.894441
0.893409
0.891302
0.888276
0.88457
0.880423
0.876019
0.871449
0.866734
0.861868
0.856962
0.852271
0.84821
0.845345
0.844229
0.845255
0.848537
0.853869
0.860784
0.868665
0.876866
0.884825
0.892072
0.898244
0.903007
0.906082
0.907302
0.906733
0.904823
0.902416
0.900601
0.900247
0.901538
0.903803
0.905842
0.906367
0.904377
0.899304
0.891093
0.880113
0.867125
0.853123
0.839177
0.826243
0.815041
0.806037
0.799468
0.795358
0.793547
0.793752
0.795729
0.799398
0.804834
0.812104
0.821035
0.831085
0.841515
0.851604
0.860839
0.868954
0.875765
0.881065
0.884564
0.885951
0.88503
0.881838
0.876673
0.870129
0.862965
0.855948
0.849721
0.844744
0.841278
0.839329
0.838617
0.838658
0.838885
0.838844
0.838326
0.837393
0.836355
0.835563
0.835304
0.835669
0.836507
0.83739
0.837739
0.836929
0.834429
0.829951
0.823568
0.815693
0.806985
0.798166
0.789884
0.782669
0.77703
0.77361
0.7733
0.777037
0.785293
0.797507
0.811956
0.826235
0.838013
0.845611
0.848235
0.8459
0.83926
0.829428
0.817661
0.805144
0.792786
0.781132
0.770516
0.761272
0.753932
0.749214
0.747827
0.750214
0.756335
0.765621
0.777164
0.789967
0.803169
0.816195
0.828765
0.840836
0.8524
0.863382
0.873525
0.882333
0.889175
0.893426
0.894603
0.892521
0.8874
0.879903
0.871062
0.862123
0.854289
0.848505
0.845221
0.84433
0.845212
0.846901
0.848377
0.848845
0.847922
0.845819
0.843336
0.841581
0.841529
0.843572
0.847379
0.852088
0.856658
0.860254
0.862401
0.862973
0.862128
0.860238
0.857801
0.855353
0.853449
0.85244
0.852392
0.853111
0.854266
0.855545
0.856692
0.857507
0.857742
0.85706
0.855092
0.851565
0.846401
0.839842
0.832452
0.825013
0.81835
0.813209
0.810163
0.80957
0.811543
0.815918
0.822244
0.829848
0.837878
0.84537
0.851369
0.855057
0.855885
0.853568
0.84815
0.839991
0.829767
0.818392
0.807003
0.796845
0.78909
0.784613
0.783755
0.78622
0.791207
0.79765
0.804454
0.810705
0.815784
0.819383
0.821495
0.822431
0.822786
0.8233
0.824628
0.827138
0.830798
0.835246
0.839955
0.844398
0.848135
0.850854
0.852349
0.852471
0.851164
0.848464
0.844484
0.839455
0.833757
0.827867
0.822329
0.81763
0.81419
0.812332
0.812254
0.813979
0.817357
0.82201
0.827387
0.832838
0.837733
0.841605
0.844264
0.845825
0.846669
0.84737
0.848536
0.850665
0.854046
0.858711
0.864408
0.870625
0.87667
0.88183
0.885428
0.886935
0.886001
0.882505
0.876525
0.868317
0.858284
0.846904
0.83462
0.82175
0.808458
0.794812
0.781012
0.76776
0.756445
0.748933
0.746733
0.75015
0.75806
0.76858
0.779914
0.790811
0.800527
0.808541
0.814472
0.818014
0.818998
0.817465
0.813708
0.808288
0.802028
0.795896
0.790851
0.787665
0.786767
0.788173
0.79161
0.796744
0.803323
0.811243
0.820354
0.830302
0.840425
0.849807
0.857534
0.862917
0.865642
0.865836
0.863966
0.86073
0.856845
0.852892
0.849198
0.845804
0.842513
0.839004
0.834931
0.830017
0.824049
0.816865
0.808325
0.798362
0.787111
0.775049
0.763075
0.752487
0.744753
0.741181
0.742536
0.748814
0.759232
0.772482
0.787053
0.801443
0.814343
0.824707
0.831847
0.835518
0.835978
0.834006
0.830839
0.828046
0.827167
0.82946
0.835583
0.845493
0.858567
0.873846
0.890225
0.906674
0.922275
0.93626
0.947982
0.95694
0.962737
0.965086
0.96387
0.959157
0.951264
0.94079
0.928596
0.915788
0.903589
0.893239
0.885756
0.881816
0.881609
0.884785
0.890442
0.897363
0.904248
0.909996
0.913876
0.915552
0.915079
0.912804
0.909236
0.904981
0.900737
0.897207
0.894989
0.894481
0.895754
0.898478
0.90197
0.90529
0.907368
0.907209
0.904052
0.897471
0.887446
0.874405
0.859217
0.843043
0.827137
0.812642
0.80048
0.791333
0.785708
0.783967
0.786222
0.792231
0.801432
0.813074
0.8264
0.840709
0.855388
0.869822
0.883324
0.895109
0.904475
0.910884
0.914086
0.914144
0.911358
0.906158
0.899002
0.890419
0.880996
0.871394
0.862293
0.854246
0.847568
0.842239
0.837932
0.834176
0.830546
0.826811
0.822962
0.819091
0.815205
0.811165
0.806735
0.80171
0.796128
0.790533
0.786103
0.784466
0.787179
0.795097
0.807939
0.82439
0.842498
0.86022
0.875737
0.887713
0.895399
0.898666
0.897881
0.893798
0.887388
0.879669
0.871486
0.863472
0.855947
0.848964
0.842383
0.835957
0.829454
0.822782
0.816046
0.809604
0.804017
0.799947
0.797982
0.79845
0.801335
0.806234
0.812407
0.818982
0.825117
0.830206
0.834006
0.836707
0.838892
0.841383
0.845029
0.850427
0.857734
0.866617
0.876376
0.88615
0.895111
0.902567
0.907923
0.910682
0.9105
0.90726
0.901223
0.893006
0.883511
0.873768
0.86471
0.857015
0.85104
0.846766
0.843872
0.841792
0.839863
0.837563
0.834649
0.831295
0.828119
0.826036
0.82593
0.828324
0.833034
0.839223
0.845737
0.851514
0.855885
0.858664
0.86001
0.860186
0.859462
0.857943
0.855566
0.852143
0.847397
0.841052
0.832931
0.823065
0.811704
0.799336
0.786718
0.774766
0.764406
0.756378
0.751143
0.748819
0.749228
0.752018
0.756801
0.763291
0.771284
0.78065
0.791265
0.802913
0.815279
0.827956
0.840498
0.852478
0.863517
0.87334
0.881793
0.888766
0.894209
0.898121
0.900468
0.901184
0.900171
0.897305
0.892489
0.885748
0.877293
0.867572
0.857292
0.847286
0.838403
0.83125
0.826053
0.82266
0.820604
0.819318
0.818296
0.817219
0.816072
0.815115
0.814864
0.815981
0.819126
0.824814
0.833193
0.843982
0.856461
0.869562
0.882113
0.893079
0.901715
0.907653
0.910773
0.911119
0.908826
0.904098
0.897196
0.888507
0.8786
0.868174
0.857978
0.84876
0.841111
0.835421
0.831912
0.830649
0.831575
0.834552
0.839305
0.845435
0.85244
0.859837
0.867184
0.874219
0.880868
0.887167
0.893154
0.898707
0.903476
0.906912
0.908423
0.907509
0.903956
0.897856
0.889623
0.879971
0.869867
0.860451
0.852818
0.847895
0.846228
0.847821
0.852186
0.858503
0.865803
0.873154
0.879748
0.884954
0.888422
0.890092
0.89019
0.889134
0.887399
0.885317
0.883003
0.880317
0.87697
0.872663
0.86722
0.86071
0.853483
0.84614
0.839411
0.834027
0.830561
0.82926
0.829968
0.832096
0.834737
0.83688
0.83764
0.836462
0.833265
0.828417
