              1       0.350436       0.350436              0
              2       0.348643       0.349539    0.000634212
              3       0.350411        0.34983    0.000484785
              4       0.350443       0.349983     0.00038704
              5       0.349435       0.349874    0.000324793
              6       0.348975       0.349724    0.000303225
              7       0.347836       0.349454    0.000360381
              8       0.347458       0.349205    0.000392299
              9       0.349824       0.349273      0.0003547
             10       0.347477       0.349094    0.000361855
             11       0.347535       0.348952    0.000355624
             12       0.349301       0.348981    0.000327174
             13       0.351805       0.349198    0.000367086
             14       0.352008       0.349399    0.000391904
             15       0.348873       0.349364    0.000367345
             16       0.352491       0.349559    0.000392942
             17       0.352465        0.34973    0.000405306
             18       0.351493       0.349828    0.000394443
             19       0.350181       0.349847    0.000374121
             20       0.350908         0.3499    0.000359155
              1       0.351976       0.351976              0
              2       0.348905       0.350441     0.00108598
              3       0.350175       0.350352    0.000727584
              4       0.350876       0.350483    0.000557352
              5       0.352332       0.350853    0.000555169
              6       0.348694       0.350493    0.000567401
              7       0.348579       0.350219    0.000548302
              8       0.348208       0.349968    0.000534336
              9       0.350405       0.350016    0.000477162
             10       0.350079       0.350023    0.000429487
             11       0.347131        0.34976    0.000463964
             12        0.35136       0.349893    0.000444039
             13       0.347638        0.34972    0.000442484
             14       0.346271       0.349473    0.000474512
             15       0.351003       0.349575    0.000453707
             16       0.352573       0.349763    0.000462422
             17       0.348579       0.349693    0.000440436
             18       0.351614         0.3498    0.000428701
             19       0.348227       0.349717    0.000414055
             20       0.346432       0.349553    0.000424687
