              1       0.061736       0.061736              0
              2       0.057644        0.05969     0.00144674
              3       0.085752      0.0683773     0.00715845
              4       0.071744       0.069219     0.00541809
              5       0.071296      0.0696344     0.00435037
              6       0.088364       0.072756      0.0046112
              7       0.080848       0.073912      0.0040948
              8       0.074668      0.0740065     0.00358404
              9       0.075416      0.0741631     0.00318923
             10       0.070524      0.0737992       0.002891
             11       0.085852      0.0748949     0.00282821
             12       0.061372       0.073768     0.00280807
             13       0.073488      0.0737465     0.00259215
             14       0.066948      0.0732609     0.00245206
             15       0.075892      0.0734363     0.00229485
             16       0.059092      0.0725398     0.00231994
             17       0.079284      0.0729365     0.00221714
             18       0.069292       0.072734     0.00210319
             19       0.069252      0.0725507     0.00200046
             20        0.06542      0.0721942     0.00193195
              1       0.065376       0.065376              0
              2       0.076328       0.070852     0.00387212
              3       0.092876      0.0781933     0.00652639
              4        0.06154        0.07403     0.00607939
              5        0.03498        0.06622     0.00851179
              6       0.072328       0.067238     0.00715378
              7        0.08344      0.0695526     0.00649546
              8       0.085776      0.0715805     0.00599174
              9       0.063644      0.0706987     0.00539049
             10       0.076288      0.0712576     0.00488033
             11       0.086424      0.0726364     0.00462733
             12       0.080872      0.0733227     0.00429231
             13        0.06406      0.0726102     0.00402084
             14       0.079408      0.0730957     0.00376284
             15       0.058264      0.0721069     0.00363958
             16       0.083392      0.0728123     0.00347978
             17       0.064752      0.0723381     0.00330723
             18       0.070384      0.0722296     0.00312527
             19       0.064148      0.0718042     0.00298959
             20       0.064168      0.0714224     0.00286439
