              1      -0.652568      -0.652568              0
              2      -0.654816      -0.653692    0.000794788
              3        -0.6526      -0.653328     0.00060752
              4       -0.65256      -0.653136    0.000485032
              5      -0.653824      -0.653274    0.000407076
              6        -0.6544      -0.653461    0.000380062
              7      -0.655824      -0.653799    0.000451411
              8      -0.656296      -0.654111    0.000491189
              9      -0.653336      -0.654025    0.000444097
             10      -0.656272       -0.65425    0.000452985
             11        -0.6562      -0.654427    0.000445155
             12      -0.653992      -0.654391    0.000409532
             13      -0.650848      -0.654118    0.000459844
             14      -0.650592      -0.653866    0.000491156
             15      -0.654528       -0.65391    0.000460389
             16      -0.649984      -0.653665    0.000492695
             17      -0.650016       -0.65345    0.000508324
             18       -0.65124      -0.653328    0.000494693
             19      -0.652888      -0.653304    0.000469198
             20      -0.651976      -0.653238    0.000450415
              1      -0.650632      -0.650632              0
              2      -0.654488       -0.65256      0.0013633
              3      -0.652896      -0.652672    0.000913457
              4      -0.652016      -0.652508     0.00069966
              5      -0.650184      -0.652043    0.000697228
              6      -0.654752      -0.652495    0.000712348
              7      -0.654896      -0.652838    0.000688246
              8       -0.65536      -0.653153    0.000670554
              9      -0.652608      -0.653092    0.000598776
             10      -0.653016      -0.653085    0.000538947
             11      -0.656704      -0.653414    0.000581777
             12      -0.651408      -0.653247    0.000556791
             13      -0.656072      -0.653464    0.000554758
             14      -0.657776      -0.653772    0.000594516
             15      -0.651856      -0.653644    0.000568438
             16       -0.64988      -0.653409    0.000579555
             17      -0.654896      -0.653496    0.000552025
             18      -0.651088      -0.653363    0.000537329
             19      -0.655336      -0.653467    0.000518989
             20      -0.657576      -0.653672    0.000532162
