              1         3.7861         3.7861              0
              2        3.89753        3.84182      0.0393969
              3        3.92567        3.86977      0.0347947
              4        3.73515        3.83611       0.039121
              5        3.67328        3.80355      0.0427544
              6        3.81703        3.80579      0.0356877
              7        3.68428        3.78843      0.0345543
              8        3.75936         3.7848      0.0304256
              9        3.59106        3.76327      0.0338131
             10        3.52289        3.73924      0.0380285
             11        4.01107        3.76395      0.0418372
             12        3.86678        3.77252      0.0392185
             13        3.65799        3.76371      0.0371779
             14           3.51        3.74558      0.0386877
             15        3.84606        3.75228      0.0366838
             16        3.70603        3.74939      0.0345048
             17        3.63822        3.74285      0.0330889
             18        3.70044         3.7405      0.0313344
             19        3.73656        3.74029      0.0296859
             20        3.62147        3.73435        0.02879
              1        3.48356        3.48356              0
              2        3.76062        3.62209      0.0979564
              3        3.67856        3.64091      0.0670887
              4        3.75658        3.66983      0.0562036
              5        3.49681        3.63522       0.054586
              6         3.8675        3.67394      0.0576028
              7        3.81478        3.69406      0.0527707
              8        3.80001         3.7073      0.0478074
              9        3.62132        3.69775      0.0434395
             10        3.83131         3.7111      0.0410975
             11        3.90864        3.72906      0.0410981
             12        3.46439          3.707      0.0431881
             13        3.81692        3.71546      0.0406852
             14        3.97981        3.73434      0.0419323
             15        3.66876        3.72997      0.0393641
             16        3.76026        3.73186      0.0369494
             17        3.87156        3.74008       0.035678
             18        3.82456        3.74477      0.0340032
             19        3.83047        3.74928      0.0325113
             20        3.99979        3.76181      0.0332109
