              1        5.92782        5.92782              0
              2        5.94544        5.93663     0.00623047
              3        5.85036        5.90788      0.0238441
              4        5.99636           5.93      0.0262069
              5        5.53238        5.85047      0.0741531
              6         5.9606        5.86883      0.0640254
              7        6.17131        5.91204      0.0679134
              8        5.68976        5.88426      0.0648592
              9        6.14467        5.91319      0.0637809
             10        5.73692        5.89556       0.059789
             11        5.74425        5.88181      0.0559135
             12        5.77494         5.8729      0.0519585
             13         5.7735        5.86526       0.048521
             14        5.98189        5.87359      0.0457649
             15        5.83402        5.87095      0.0427898
             16        6.02191        5.88038      0.0411425
             17        5.58277        5.86288      0.0422832
             18         6.1545        5.87908       0.042926
             19        6.29235        5.90083      0.0458475
             20        6.25042        5.91831      0.0467687
              1        6.24004        6.24004              0
              2        6.40582        6.32293      0.0586119
              3        5.72324        6.12303       0.167825
              4        5.90263        6.06793       0.134611
              5        5.48296        5.95094       0.150156
              6        5.94224        5.94949       0.125137
              7        6.19885        5.98511       0.112216
              8        5.70909        5.95061       0.103358
              9        6.12096        5.96954      0.0935904
             10         5.7321        5.94579      0.0871911
             11        5.76793        5.92962      0.0807501
             12        5.75732        5.91526      0.0752866
             13        5.80592        5.90685      0.0699636
             14        5.96997        5.91136      0.0651113
             15        5.84561        5.90698      0.0609179
             16        6.01069        5.91346      0.0574544
             17        5.57613        5.89362       0.057399
             18        6.14379        5.90752      0.0558675
             19        6.28301        5.92728      0.0563143
             20         6.2227        5.94205      0.0554019
