              1       -0.73184       -0.73184              0
              2        -0.7352       -0.73352     0.00118794
              3       -0.73088       -0.73264     0.00106933
              4      -0.726336      -0.731064     0.00158305
              5      -0.729768      -0.730805     0.00128748
              6      -0.732312      -0.731056     0.00109713
              7      -0.731512      -0.731121    0.000942332
              8      -0.734768      -0.731577    0.000928276
              9      -0.731328      -0.731549    0.000825547
             10      -0.736224      -0.732017     0.00086528
             11      -0.732936        -0.7321    0.000790643
             12      -0.729304      -0.731867     0.00075832
             13      -0.733096      -0.731962    0.000705853
             14       -0.73052      -0.731859    0.000662906
             15      -0.729616      -0.731709    0.000635351
             16      -0.731288      -0.731683    0.000596187
             17       -0.72744      -0.731433    0.000611132
             18        -0.7338      -0.731565    0.000591154
             19      -0.734368      -0.731712    0.000578157
             20      -0.732088      -0.731731    0.000549554
              1      -0.733312      -0.733312              0
              2      -0.734864      -0.734088    0.000548715
              3      -0.732392      -0.733523    0.000588969
              4      -0.731552       -0.73303    0.000614136
              5      -0.732424      -0.732909    0.000503126
              6      -0.732408      -0.732825    0.000426139
              7      -0.731808       -0.73268    0.000389257
              8      -0.735464      -0.733028    0.000471141
              9      -0.731504      -0.732859     0.00044819
             10      -0.736488      -0.733222    0.000530337
             11      -0.733432      -0.733241    0.000482469
             12       -0.72976      -0.732951    0.000522227
             13      -0.733048      -0.732958    0.000482109
             14       -0.73068      -0.732795    0.000474341
             15       -0.72956       -0.73258    0.000489308
             16      -0.731464       -0.73251    0.000463668
             17      -0.727232        -0.7322    0.000530246
             18       -0.73432      -0.732317    0.000513708
             19      -0.734608      -0.732438    0.000500618
             20      -0.732632      -0.732448    0.000475681
