              1       0.405634       0.405634              0
              2       0.401328       0.403481     0.00152219
              3        0.40686       0.404608     0.00136954
              4       0.412644       0.406617     0.00202049
              5       0.408279       0.406949     0.00164352
              6        0.40503       0.406629     0.00140037
              7       0.406053       0.406547     0.00120273
              8       0.401883       0.405964     0.00118529
              9       0.406288          0.406     0.00105414
             10       0.400012       0.405401     0.00110578
             11       0.404232       0.405295     0.00101035
             12        0.40887       0.405593    0.000969093
             13       0.404027       0.405472    0.000902004
             14        0.40732       0.405604    0.000847173
             15       0.408473       0.405796     0.00081199
             16       0.406339        0.40583    0.000761952
             17       0.411242       0.406148    0.000780821
             18       0.403125        0.40598    0.000755289
             19       0.402396       0.405791    0.000738712
             20       0.405317       0.405768    0.000702158
              1        0.40375        0.40375              0
              2        0.40176       0.402755    0.000703651
              3       0.404928       0.403479    0.000754848
              4       0.406002        0.40411     0.00078665
              5       0.404887       0.404265    0.000644486
              6       0.404907       0.404372    0.000545883
              7       0.405675       0.404558      0.0004986
              8       0.400989       0.404112    0.000603733
              9       0.406063       0.404329    0.000574254
             10       0.399673       0.403863     0.00067988
             11       0.403596       0.403839    0.000618507
             12       0.408289        0.40421    0.000668961
             13       0.404088       0.404201    0.000617568
             14       0.407116       0.404409    0.000607544
             15       0.408544       0.404685    0.000626475
             16       0.406114       0.404774    0.000593661
             17       0.411506        0.40517    0.000678086
             18       0.402458       0.405019    0.000656939
             19       0.402088       0.404865    0.000640217
             20       0.404621       0.404853    0.000608323
