              1       0.012824       0.012824              0
              2        0.00802       0.010422     0.00169847
              3       -0.02308   -0.000745333     0.00918813
              4      -0.019876      -0.005528     0.00804006
              5      -0.000472     -0.0045168     0.00649533
              6       0.037248       0.002444     0.00834718
              7        0.02386     0.00550343       0.007695
              8        0.00404      0.0053205      0.0067353
              9       -0.01458     0.00310933     0.00633951
             10      -0.013596      0.0014388     0.00592157
             11       0.001544     0.00144836     0.00538325
             12      -0.016848   -7.63333e-05     0.00514604
             13        -0.0064   -0.000562769     0.00477313
             14      -0.023544    -0.00220429       0.004706
             15      -0.052992    -0.00559013     0.00547647
             16      -0.010288    -0.00588375     0.00514205
             17        0.04252    -0.00303647      0.0055724
             18      -0.019892    -0.00397289     0.00534092
             19        0.01012    -0.00323116     0.00511107
             20        -0.0286     -0.0044996     0.00501044
              1       0.032132       0.032132              0
              2      -0.008672        0.01173      0.0144264
              3      -0.011416     0.00401467      0.0114971
              4      -0.001236       0.002702     0.00869741
              5       0.008448      0.0038512     0.00703344
              6       0.036872     0.00935467      0.0077197
              7       0.024424      0.0115074     0.00691054
              8       0.003396      0.0104935     0.00612065
              9      -0.014168     0.00775333      0.0060228
             10      -0.014276      0.0055504     0.00580945
             11       0.002216     0.00524727     0.00528922
             12      -0.017064       0.003388     0.00516491
             13       -0.00604     0.00266277     0.00481826
             14      -0.023472       0.000796     0.00482218
             15      -0.052048    -0.00272693     0.00564269
             16      -0.010232      -0.003196     0.00530948
             17         0.0426   -0.000502118      0.0056393
             18      -0.019192    -0.00154044     0.00542076
             19       0.010516   -0.000905895     0.00517246
             20      -0.028056     -0.0022634     0.00508886
