              1        0.36387        0.36387              0
              2       0.364692       0.364281    0.000290585
              3       0.368756       0.365773     0.00123328
              4       0.364278       0.365399    0.000979969
              5       0.366253        0.36557    0.000798715
              6        0.36544       0.365548    0.000665887
              7        0.36427       0.365366    0.000595257
              8       0.368214       0.365722    0.000618256
              9       0.368662       0.366048    0.000630008
             10       0.363848       0.365828    0.000604204
             11       0.364387       0.365697    0.000563314
             12       0.364539       0.365601    0.000524571
             13       0.366362       0.365659    0.000487472
             14       0.366622       0.365728     0.00045748
             15       0.368626       0.365921    0.000465996
             16       0.368518       0.366084    0.000464269
             17       0.364336       0.365981    0.000448199
             18        0.36363        0.36585    0.000441919
             19       0.363979       0.365752    0.000429491
             20       0.366608       0.365795    0.000410144
              1        0.36689        0.36689              0
              2       0.364379       0.365635    0.000887794
              3       0.366362       0.365877    0.000624026
              4       0.369896       0.366882    0.000987979
              5       0.365629       0.366631    0.000821544
              6       0.364154       0.366218    0.000781517
              7       0.364132        0.36592    0.000724476
              8       0.367347       0.366099    0.000655486
              9        0.36781       0.366289    0.000609599
             10       0.365411       0.366201    0.000554919
             11       0.364736       0.366068    0.000520215
             12       0.366188       0.366078     0.00047696
             13       0.366354       0.366099    0.000440744
             14       0.365992       0.366091    0.000409329
             15       0.365012       0.366019    0.000388317
             16       0.366006       0.366019    0.000364048
             17       0.367882       0.366128    0.000358754
             18        0.36807       0.366236    0.000354671
             19       0.365055       0.366174    0.000341404
             20       0.368525       0.366291    0.000343979
