              1      -0.677064      -0.677064              0
              2       -0.67616      -0.676612    0.000319612
              3      -0.671672      -0.674965     0.00136128
              4      -0.676616      -0.675378      0.0010817
              5       -0.67444       -0.67519    0.000881478
              6      -0.675336      -0.675215    0.000734899
              7      -0.676624      -0.675416    0.000656913
              8      -0.672272      -0.675023    0.000682303
              9      -0.671776      -0.674662    0.000695363
             10      -0.677088      -0.674905    0.000666797
             11      -0.676496      -0.675049    0.000621672
             12      -0.676328      -0.675156    0.000578924
             13       -0.67432      -0.675092    0.000537951
             14      -0.674032      -0.675016    0.000504823
             15      -0.671816      -0.674803    0.000514273
             16      -0.671936      -0.674624    0.000512391
             17      -0.676552      -0.674737    0.000494649
             18      -0.677328      -0.674881    0.000487664
             19      -0.676944      -0.674989    0.000473932
             20      -0.674048      -0.674942    0.000452567
              1      -0.673736      -0.673736              0
              2      -0.676504       -0.67512    0.000978636
              3       -0.67432      -0.674853    0.000687797
              4      -0.670408      -0.673742     0.00109197
              5      -0.675128      -0.674019    0.000908077
              6      -0.676752      -0.674475    0.000863433
              7      -0.676776      -0.674803    0.000800232
              8      -0.673232      -0.674607    0.000723909
              9       -0.67272      -0.674397    0.000673154
             10      -0.675368      -0.674494    0.000612797
             11      -0.676112      -0.674641    0.000574462
             12      -0.674512      -0.674631    0.000526691
             13      -0.674328      -0.674607    0.000486691
             14      -0.674728      -0.674616    0.000452003
             15      -0.675808      -0.674695    0.000428798
             16      -0.674712      -0.674696       0.000402
             17       -0.67264      -0.674576    0.000396136
             18      -0.672432      -0.674456    0.000391619
             19       -0.67576      -0.674525    0.000376969
             20      -0.671928      -0.674395    0.000379828
