              1        0.09196        0.09196              0
              2       0.099868       0.095914      0.0027959
              3       0.070324       0.087384     0.00720982
              4       0.079828       0.085495     0.00564941
              5       0.085728      0.0855416     0.00451972
              6       0.069256      0.0828273     0.00450837
              7       0.097384      0.0849069     0.00431736
              8       0.093744      0.0860115     0.00391646
              9       0.071676      0.0844187     0.00379139
             10       0.088692       0.084846     0.00343625
             11         0.0874      0.0850782      0.0031317
             12       0.091932      0.0856493     0.00292234
             13       0.063052      0.0839111     0.00317267
             14       0.083412      0.0838754     0.00294625
             15       0.111432      0.0857125     0.00327285
             16       0.068268      0.0846222     0.00324482
             17       0.087892      0.0848146     0.00305965
             18       0.072208      0.0841142     0.00296874
             19       0.093608      0.0846139     0.00285423
             20       0.087368      0.0847516     0.00271484
              1       0.090716       0.090716              0
              2        0.07372       0.082218     0.00600899
              3       0.093304      0.0859133     0.00501514
              4         0.0931        0.08771     0.00407048
              5       0.072428      0.0846536     0.00425174
              6       0.076804      0.0833453     0.00373898
              7       0.087992      0.0840091     0.00326324
              8       0.070784       0.082356     0.00324718
              9       0.081896      0.0823049     0.00288679
             10       0.079536       0.082028     0.00261135
             11        0.10566      0.0841764     0.00313553
             12       0.068736      0.0828897     0.00312712
             13        0.07664      0.0824089     0.00292329
             14       0.100288       0.083686     0.00298041
             15       0.100056      0.0847773     0.00297482
             16       0.071172       0.083927     0.00290789
             17       0.073424      0.0833092      0.0028017
             18       0.104576      0.0844907     0.00288443
             19        0.09598      0.0850954     0.00279529
             20       0.108592      0.0862702     0.00289189
