              1        4.31518        4.31518              0
              2        4.06652        4.19085      0.0879154
              3        3.97508        4.11893      0.0829682
              4        4.14295        4.12493      0.0624431
              5        4.21529          4.143      0.0525045
              6        3.97915         4.1157      0.0503577
              7        3.97924         4.0962      0.0467849
              8         3.9234         4.0746      0.0456518
              9        3.92245        4.05769      0.0435975
             10        4.24185        4.07611      0.0429513
             11         4.7414        4.13659      0.0696425
             12        4.13641        4.13658      0.0638389
             13         4.0297        4.12836      0.0594553
             14        3.94594        4.11533      0.0566182
             15        4.17386        4.11923       0.052978
             16        3.98771        4.11101      0.0503005
             17        4.11535        4.11126      0.0473423
             18        4.49484        4.13257      0.0492753
             19        4.33854        4.14341      0.0478594
             20        4.35041        4.15376       0.046572
              1        4.23702        4.23702              0
              2        4.23216        4.23459     0.00172024
              3        4.37692        4.28203      0.0387555
              4        4.13791          4.246      0.0426438
              5        4.31823        4.26045      0.0364796
              6        4.09496        4.23287      0.0394723
              7        4.11876        4.21657      0.0370468
              8         3.9734        4.18617      0.0431184
              9        4.31303        4.20027       0.040566
             10        4.33447        4.21369      0.0386654
             11        4.19234        4.21175      0.0351991
             12        3.95635        4.19046      0.0381616
             13        4.26933        4.19653      0.0357051
             14         4.1721        4.19479      0.0331974
             15        4.34651         4.2049      0.0324887
             16         4.3114        4.21156      0.0311326
             17          4.299         4.2167      0.0297232
             18        4.28824        4.22068      0.0283364
             19        4.33019        4.22644       0.027425
             20        4.37399        4.23382      0.0270278
