              1        0.05164        0.05164              0
              2       0.035136       0.043388     0.00583505
              3       0.027512       0.038096     0.00581399
              4       0.050012       0.041075     0.00506653
              5       0.054028      0.0436656     0.00466879
              6       0.030148      0.0414127     0.00440079
              7       0.024884      0.0390514     0.00435979
              8       0.049424       0.040348     0.00400297
              9       0.034592      0.0397084     0.00360893
             10        0.04004      0.0397416     0.00324819
             11       0.026532      0.0385407     0.00316711
             12       0.029448       0.037783     0.00299245
             13       0.037848       0.037788     0.00276227
             14       0.031388      0.0373309     0.00260252
             15       0.051284      0.0382611     0.00258993
             16        0.02758      0.0375935     0.00251262
             17       0.043272      0.0379275     0.00238692
             18       0.044896      0.0383147     0.00228549
             19       0.038056      0.0383011     0.00216524
             20       0.042148      0.0384934     0.00206551
              1       0.050988       0.050988              0
              2       0.035748       0.043368     0.00538815
              3       0.026592       0.037776     0.00580949
              4       0.049868       0.040799     0.00508315
              5       0.052552      0.0431496     0.00457786
              6       0.029888      0.0409393      0.0043156
              7       0.025656       0.038756     0.00421535
              8       0.050032      0.0401655       0.003917
              9       0.034856      0.0395756     0.00352592
             10       0.039328      0.0395508     0.00317342
             11       0.026652      0.0383782       0.003094
             12         0.0313      0.0377883     0.00289184
             13       0.038596      0.0378505     0.00267006
             14        0.03034       0.037314     0.00253266
             15       0.051056      0.0382301     0.00252408
             16       0.026896      0.0375217     0.00246372
             17       0.043276      0.0378602     0.00234194
             18       0.046456      0.0383378     0.00225999
             19       0.037208      0.0382783     0.00214183
             20       0.040784      0.0384036      0.0020384
