              1      -0.520376      -0.520376              0
              2      -0.523184       -0.52178    0.000992778
              3         -0.521       -0.52152    0.000695065
              4      -0.516704      -0.520316     0.00116575
              5      -0.520848      -0.520422     0.00093744
              6      -0.522608      -0.520787    0.000849028
              7      -0.523672      -0.521199    0.000821725
              8      -0.520088       -0.52106    0.000730648
              9      -0.521576      -0.521117     0.00065171
             10       -0.52328      -0.521334    0.000621387
             11      -0.519552      -0.521172    0.000585625
             12      -0.520032      -0.521077    0.000544469
             13      -0.521656      -0.521121    0.000504407
             14      -0.521464      -0.521146    0.000468972
             15      -0.520984      -0.521135    0.000437831
             16      -0.520088      -0.521069    0.000415327
             17      -0.519968      -0.521005    0.000395918
             18      -0.520448      -0.520974    0.000375129
             19      -0.522008      -0.521028    0.000359313
             20      -0.516736      -0.520814    0.000400341
              1      -0.519552      -0.519552              0
              2       -0.52216      -0.520856    0.000922067
              3      -0.519832      -0.520515    0.000674939
              4      -0.518224      -0.519942    0.000708663
              5      -0.520616      -0.520077    0.000579609
              6        -0.5224      -0.520464    0.000598526
              7      -0.522368      -0.520736    0.000571495
              8      -0.519672      -0.520603    0.000515302
              9      -0.522784      -0.520845    0.000511866
             10       -0.52332      -0.521093     0.00051705
             11      -0.521152      -0.521098    0.000470074
             12      -0.520056      -0.521011     0.00043885
             13      -0.522064      -0.521092    0.000412496
             14      -0.521968      -0.521155    0.000387745
             15      -0.520768      -0.521129    0.000362752
             16      -0.520896      -0.521115    0.000340372
             17      -0.520256      -0.521064    0.000324075
             18       -0.51996      -0.521003    0.000311821
             19      -0.521224      -0.521014    0.000295627
             20      -0.516656      -0.520796    0.000352118
