              1       0.243646       0.243646              0
              2       0.242667       0.243157     0.00034616
              3       0.243429       0.243247    0.000242392
              4       0.244919       0.243665    0.000404915
              5       0.243482       0.243629    0.000325587
              6       0.242868       0.243502    0.000294947
              7       0.242496       0.243358    0.000285655
              8       0.243746       0.243407    0.000254033
              9       0.243228       0.243387    0.000226579
             10       0.242634       0.243312    0.000216084
             11       0.243933       0.243368    0.000203679
             12       0.243766       0.243401    0.000189383
             13       0.243201       0.243386    0.000175443
             14       0.243267       0.243377    0.000163115
             15       0.243435       0.243381    0.000152285
             16       0.243746       0.243404    0.000144468
             17       0.243788       0.243427    0.000137725
             18       0.243621       0.243437    0.000130497
             19       0.243078       0.243418    0.000124994
             20       0.244908       0.243493    0.000139164
              1       0.243933       0.243933              0
              2       0.243025       0.243479    0.000320936
              3       0.243835       0.243598    0.000234944
              4       0.244393       0.243796    0.000246396
              5       0.243563        0.24375    0.000201499
              6       0.242941       0.243615    0.000208165
              7       0.242952        0.24352    0.000198793
              8       0.243891       0.243567    0.000179261
              9       0.242807       0.243482    0.000178109
             10        0.24262       0.243396    0.000179977
             11       0.243376       0.243394    0.000163624
             12       0.243757       0.243424    0.000152765
             13       0.243058       0.243396    0.000143586
             14       0.243092       0.243374    0.000134967
             15        0.24351       0.243384     0.00012627
             16       0.243465       0.243389    0.000118482
             17       0.243688       0.243406    0.000112813
             18       0.243791       0.243428     0.00010855
             19       0.243351       0.243424    0.000102912
             20       0.244935       0.243499    0.000122414
