              1        1.76698        1.76698              0
              2        1.86658        1.81678      0.0352147
              3         1.8292        1.82092      0.0237187
              4        1.83223        1.82375      0.0179567
              5        1.86156        1.83131      0.0158781
              6        1.79388        1.82507       0.014405
              7        1.88806        1.83407      0.0148952
              8        1.75435        1.82411      0.0160237
              9        1.73834        1.81458      0.0168404
             10         1.8826        1.82138       0.016473
             11        1.78796        1.81834      0.0152531
             12         1.7755        1.81477      0.0143938
             13        1.89192         1.8207      0.0144584
             14        1.86471        1.82385      0.0137631
             15        1.83355        1.82449      0.0128608
             16        1.75205        1.81997      0.0128293
             17        1.83506        1.82085      0.0121053
             18        1.87308        1.82376      0.0117754
             19        1.85929        1.82563      0.0113032
             20        1.78153        1.82342      0.0109509
              1         1.7522         1.7522              0
              2        1.88156        1.81688      0.0457339
              3        1.82412        1.81929      0.0305528
              4        1.83379        1.82292      0.0231285
              5        1.87885         1.8341      0.0210352
              6        1.79761        1.82802      0.0183877
              7        1.87855        1.83524      0.0171193
              8        1.75806        1.82559      0.0174879
              9        1.74698        1.81686      0.0175916
             10        1.89245        1.82442      0.0173808
             11        1.80604        1.82275      0.0158808
             12        1.76011        1.81753      0.0153913
             13        1.88186        1.82248      0.0149818
             14        1.87298        1.82608      0.0143395
             15        1.84632        1.82743      0.0134468
             16        1.75488         1.8229      0.0133492
             17        1.83655         1.8237       0.012588
             18        1.86927        1.82623      0.0121406
             19        1.85755        1.82788       0.011613
             20        1.76588        1.82478      0.0114386
