              1        1.44199        1.44199              0
              2        1.51731        1.47965      0.0266316
              3        1.51397        1.49109      0.0200617
              4        1.47192         1.4863      0.0156078
              5        1.48985        1.48701      0.0125024
              6        1.49266        1.48795      0.0104541
              7        1.50155        1.48989      0.0091393
              8        1.41634         1.4807      0.0117434
              9        1.38474        1.47004      0.0144917
             10        1.48825        1.47186      0.0131564
             11        1.47778         1.4724      0.0119714
             12        1.46072        1.47142      0.0110133
             13        1.50719        1.47417      0.0105041
             14        1.49826        1.47589     0.00989372
             15        1.50049        1.47753     0.00936903
             16        1.45388        1.47606     0.00889938
             17        1.52209        1.47876     0.00877814
             18         1.4833        1.47902     0.00829409
             19         1.5081        1.48055     0.00799753
             20        1.44449        1.47874     0.00779825
              1         1.4423         1.4423              0
              2        1.52369        1.48299      0.0287774
              3        1.51008        1.49202      0.0205524
              4        1.46818        1.48606      0.0162553
              5        1.50965        1.49078      0.0136719
              6        1.49645        1.49173      0.0114259
              7        1.49572         1.4923     0.00980784
              8         1.4183        1.48305       0.012186
              9         1.4041        1.47427      0.0136282
             10        1.49669        1.47652      0.0124483
             11        1.49417        1.47812      0.0114196
             12        1.45193        1.47594      0.0106744
             13         1.5111        1.47864      0.0101903
             14        1.50505        1.48053     0.00963542
             15        1.49923        1.48178     0.00907338
             16        1.45327           1.48     0.00867941
             17         1.5201        1.48235     0.00848342
             18        1.47737        1.48208     0.00801664
             19        1.50671        1.48337     0.00769883
             20        1.43309        1.48086     0.00771345
