              1        0.04272        0.04272              0
              2       0.027116       0.034918     0.00551685
              3       0.023776       0.031204     0.00476684
              4       0.039164       0.033194     0.00396883
              5       0.044276      0.0354104     0.00374313
              6       0.023676      0.0334547     0.00359406
              7       0.019472      0.0314571     0.00359309
              8       0.037688       0.032236     0.00322727
              9       0.025284      0.0314636     0.00295968
             10       0.026936      0.0310108     0.00269812
             11       0.017716      0.0298022     0.00271005
             12       0.022252       0.029173     0.00255621
             13         0.0268      0.0289905     0.00236608
             14       0.031624      0.0291786     0.00220454
             15       0.048292      0.0304528     0.00239771
             16       0.026792       0.030224     0.00225875
             17        0.03646      0.0305908     0.00215546
             18        0.03874      0.0310436     0.00208271
             19       0.032344       0.031112     0.00197422
             20       0.036804      0.0313966     0.00189591
              1       0.041792       0.041792              0
              2        0.02742       0.034606     0.00508127
              3       0.022764      0.0306587     0.00467577
              4       0.038952       0.032732     0.00393978
              5       0.042788      0.0347432     0.00362904
              6       0.023808      0.0329207     0.00345164
              7        0.01988      0.0310577     0.00342459
              8       0.038268       0.031959     0.00311286
              9       0.025436      0.0312342     0.00285011
             10        0.02664      0.0307748     0.00260187
             11       0.018204       0.029632     0.00260424
             12       0.023944       0.029158     0.00242997
             13       0.027152      0.0290037     0.00224795
             14       0.030604       0.029118     0.00209028
             15       0.048088      0.0303827     0.00230193
             16       0.025592      0.0300833     0.00217745
             17       0.035576      0.0304064     0.00207319
             18       0.040828      0.0309853     0.00203726
             19       0.031288      0.0310013      0.0019301
             20        0.03566      0.0312342      0.0018476
