              1      -0.480928      -0.480928              0
              2      -0.481744      -0.481336      0.0002885
              3      -0.479128        -0.4806     0.00063097
              4      -0.476712      -0.479628    0.000965677
              5      -0.479736       -0.47965    0.000772783
              6      -0.483416      -0.480277    0.000862028
              7      -0.482776      -0.480634    0.000809418
              8      -0.479704      -0.480518    0.000716546
              9       -0.47972      -0.480429    0.000642392
             10      -0.481728      -0.480559    0.000591134
             11      -0.479032       -0.48042    0.000553458
             12      -0.480792      -0.480451    0.000508202
             13      -0.480144      -0.480428     0.00046966
             14       -0.48112      -0.480477    0.000438708
             15      -0.480272      -0.480463    0.000409674
             16      -0.479864      -0.480426    0.000385779
             17      -0.479976        -0.4804    0.000363993
             18       -0.48092      -0.480428    0.000344918
             19      -0.482568      -0.480541    0.000344656
             20      -0.475672      -0.480298    0.000404366
              1      -0.479656      -0.479656              0
              2      -0.481128      -0.480392    0.000520431
              3      -0.478656      -0.479813    0.000586186
              4       -0.47904       -0.47962    0.000470442
              5       -0.48048      -0.479792    0.000406583
              6      -0.483752      -0.480452     0.00069123
              7      -0.482528      -0.480749    0.000653012
              8       -0.48008      -0.480665    0.000576709
              9       -0.48128      -0.480733    0.000516662
             10      -0.481976      -0.480858    0.000479708
             11      -0.480464      -0.480822     0.00043743
             12      -0.480824      -0.480822    0.000400978
             13       -0.48028       -0.48078    0.000372295
             14        -0.4814      -0.480825    0.000348324
             15      -0.480144      -0.480779    0.000328044
             16      -0.481184      -0.480804    0.000308515
             17      -0.479592      -0.480733    0.000298498
             18       -0.48092      -0.480744    0.000282095
             19      -0.481392      -0.480778    0.000269304
             20        -0.4756      -0.480519    0.000359338
