              1       0.210715       0.210715              0
              2       0.210499       0.210607    7.61302e-05
              3       0.211188       0.210801    0.000166168
              4       0.211821       0.211056    0.000253687
              5       0.211029        0.21105    0.000203009
              6       0.210057       0.210885    0.000226863
              7       0.210227       0.210791    0.000213062
              8       0.211037       0.210822    0.000188637
              9       0.211033       0.210845    0.000169131
             10       0.210504       0.210811    0.000155627
             11       0.211214       0.210848    0.000145721
             12       0.210751       0.210839    0.000133801
             13       0.210921       0.210846    0.000123657
             14       0.210664       0.210833    0.000115503
             15       0.210888       0.210836    0.000107861
             16       0.210995       0.210846    0.000101573
             17       0.210965       0.210853    9.58397e-05
             18       0.210717       0.210846    9.08149e-05
             19       0.210282       0.210816    9.07602e-05
             20       0.212093        0.21088    0.000106331
              1        0.21105        0.21105              0
              2       0.210662       0.210856    0.000137064
              3       0.211312       0.211008    0.000154233
              4       0.211212       0.211059    0.000123784
              5       0.210833       0.211014    0.000106968
              6       0.209968       0.210839    0.000182368
              7       0.210292       0.210761    0.000172257
              8       0.210938       0.210783    0.000152138
              9       0.210622       0.210765    0.000136287
             10       0.210438       0.210733    0.000126527
             11       0.210837       0.210742    0.000115379
             12       0.210742       0.210742    0.000105764
             13       0.210885       0.210753    9.82015e-05
             14        0.21059       0.210741    9.18743e-05
             15       0.210921       0.210753    8.65272e-05
             16       0.210647       0.210747    8.13739e-05
             17       0.211066       0.210766    7.87293e-05
             18       0.210717       0.210763    7.44021e-05
             19       0.210592       0.210754    7.10261e-05
             20       0.212112       0.210822    9.45046e-05
