              1        20.1522        20.1522              0
              2        17.1682        18.6602        1.05501
              3        16.1035         17.808       0.989386
              4        15.2968        17.1802       0.919904
              5        18.6478        17.4737        0.78135
              6         16.632        17.3334       0.663598
              7        17.6567        17.3796       0.570403
              8        18.2018        17.4824       0.508278
              9        17.4646        17.4804       0.451807
             10        16.4543        17.3778       0.418115
             11        19.3231        17.5546       0.415825
             12        18.9731        17.6728        0.39762
             13        15.7586        17.5256       0.393354
             14        16.1224        17.4254       0.377811
             15        18.9903        17.5297       0.366746
             16        15.8954        17.4276       0.357766
             17        17.4764        17.4304       0.336733
             18        19.6313        17.5527       0.339499
             19        14.6127         17.398       0.355147
             20        16.9484        17.3755         0.3381
              1        19.9974        19.9974              0
              2        17.1449        18.5711        1.00852
              3        16.0782        17.7401       0.955199
              4        15.2658        17.1216       0.894545
              5        18.6332        17.4239       0.765019
              6        16.6195        17.2898       0.649156
              7        17.6523        17.3416       0.558481
              8         18.173        17.4455       0.498247
              9        17.4404         17.445       0.442887
             10        16.4499        17.3455       0.409623
             11        19.3508        17.5278       0.410956
             12        18.9739        17.6483       0.393983
             13        15.7604         17.503       0.389523
             14        16.1069        17.4033       0.374247
             15          19.01        17.5104       0.364304
             16        15.8707         17.408       0.355657
             17        17.4684        17.4115       0.334754
             18        19.5805         17.532       0.337146
             19        14.6294        17.3792       0.352318
             20        16.9473        17.3576       0.335364
