              1       0.295396       0.295396              0
              2       0.401424        0.34841      0.0374866
              3       0.310596       0.335805      0.0270272
              4        0.35378       0.340299      0.0206406
              5       0.490436       0.370326      0.0315274
              6       0.270276       0.353651      0.0303641
              7       0.319072       0.348711      0.0264251
              8        0.25288       0.336732      0.0256941
              9       0.301424       0.332809      0.0231367
             10       0.275744       0.327103      0.0215153
             11       0.328524       0.327232      0.0195597
             12        0.26558       0.322094      0.0185923
             13       0.313684       0.321447      0.0171733
             14       0.293196       0.319429      0.0160648
             15       0.408452       0.325364      0.0160527
             16       0.328604       0.325567      0.0150507
             17       0.320596       0.325274      0.0141682
             18       0.310628       0.324461      0.0134044
             19       0.279912       0.322116      0.0129023
             20       0.365452       0.324283      0.0124378
              1        0.29494        0.29494              0
              2       0.401752       0.348346      0.0377637
              3       0.310284       0.335659      0.0272238
              4       0.353364       0.340085      0.0207746
              5       0.490568       0.370182      0.0316363
              6       0.270012       0.353487      0.0304517
              7       0.319376       0.348614      0.0264885
              8         0.2529       0.336649       0.025738
              9       0.301764       0.332773      0.0231682
             10       0.275548       0.327051      0.0215466
             11       0.329048       0.327232      0.0195885
             12         0.2658       0.322113      0.0186131
             13       0.314232       0.321507      0.0171912
             14       0.292728       0.319451      0.0160857
             15       0.408408       0.325382      0.0160694
             16       0.328796       0.325595      0.0150665
             17       0.320996       0.325324      0.0141826
             18       0.311348       0.324548      0.0134159
             19        0.27932       0.322168      0.0129193
             20       0.364664       0.324292      0.0124468
