              1      -0.864728      -0.864728              0
              2      -0.859872        -0.8623     0.00171686
              3      -0.857456      -0.860685     0.00174589
              4      -0.857488      -0.859886     0.00148114
              5      -0.861176      -0.860144     0.00120717
              6      -0.860912      -0.860272     0.00101274
              7      -0.862896      -0.860647    0.000934869
              8      -0.864696      -0.861153    0.000945145
              9      -0.857608      -0.860759    0.000918546
             10      -0.859944      -0.860678      0.0008303
             11      -0.866016      -0.861163    0.000885361
             12         -0.868      -0.861733    0.000977873
             13      -0.861552      -0.861719     0.00090275
             14      -0.860128      -0.861605    0.000845389
             15      -0.861568      -0.861603    0.000789033
             16      -0.854584      -0.861164    0.000852986
             17      -0.859464      -0.861064    0.000808651
             18       -0.86692      -0.861389    0.000826583
             19      -0.858576      -0.861241     0.00079623
             20       -0.86272      -0.861315    0.000759844
              1      -0.864664      -0.864664              0
              2      -0.859816       -0.86224     0.00171403
              3       -0.85748      -0.860653     0.00172745
              4      -0.857152      -0.859778     0.00150106
              5      -0.861256      -0.860074     0.00122961
              6      -0.860936      -0.860217     0.00103304
              7      -0.862712      -0.860574    0.000944941
              8       -0.86412      -0.861017    0.000924974
              9      -0.857224      -0.860596    0.000913177
             10       -0.86024       -0.86056    0.000822551
             11      -0.866176      -0.861071    0.000892259
             12      -0.867648      -0.861619    0.000971786
             13      -0.862144      -0.861659    0.000897873
             14      -0.859776      -0.861525    0.000843754
             15        -0.8616       -0.86153    0.000787518
             16      -0.854448      -0.861087     0.00085366
             17      -0.859616         -0.861    0.000807819
             18       -0.86684      -0.861325    0.000825516
             19      -0.858952        -0.8612    0.000791459
             20       -0.86224      -0.861252    0.000753592
