              1       0.425444       0.425444              0
              2       0.439568       0.432506     0.00499391
              3       0.446566       0.437193     0.00507228
              4       0.446474       0.439513     0.00430229
              5       0.435783       0.438767     0.00350591
              6        0.43655       0.438398       0.002941
              7       0.430782        0.43731     0.00271465
              8       0.425537       0.435838     0.00274536
              9       0.446127       0.436981     0.00266774
             10        0.43936       0.437219     0.00241154
             11       0.421684       0.435807     0.00257284
             12       0.415881       0.434146     0.00284422
             13       0.434691       0.434188     0.00262574
             14       0.438826       0.434519     0.00245899
             15       0.434644       0.434528     0.00229508
             16       0.454859       0.435798     0.00247858
             17       0.440752        0.43609     0.00234985
             18       0.419042       0.435143      0.0024026
             19       0.443325       0.435573     0.00231442
             20       0.431294       0.435359     0.00220857
              1        0.42563        0.42563              0
              2       0.439731       0.432681     0.00498533
              3       0.446497       0.437286     0.00501859
              4       0.447446       0.439826     0.00435953
              5       0.435551       0.438971     0.00357048
              6        0.43648       0.438556     0.00299943
              7       0.431317       0.437522     0.00274341
              8       0.427216       0.436234     0.00268594
              9       0.447237       0.437456     0.00265121
             10       0.438501       0.437561     0.00238815
             11       0.421216       0.436075     0.00259239
             12       0.416912       0.434478     0.00282573
             13        0.43297       0.434362     0.00261074
             14       0.439847       0.434754     0.00245348
             15       0.434551        0.43474     0.00228995
             16       0.455252       0.436022     0.00247984
             17       0.440311       0.436274     0.00234676
             18       0.419275        0.43533     0.00239889
             19       0.442236       0.435693         0.0023
             20        0.43269       0.435543      0.0021899
