              1        0.42818        0.42818              0
              2       0.603768       0.515974      0.0620797
              3       0.481444       0.504464      0.0424401
              4        0.59122       0.526153      0.0369589
              5       0.621688        0.54526      0.0341508
              6       0.417556       0.523976       0.034459
              7       0.511136       0.522142      0.0295851
              8       0.416836       0.508979      0.0286661
              9       0.463952       0.503976      0.0259139
             10       0.582204       0.511798      0.0244748
             11       0.526664        0.51315      0.0222871
             12        0.55966       0.517026      0.0207641
             13       0.501656       0.515843      0.0192005
             14       0.516524       0.515892      0.0178291
             15       0.549084       0.518105      0.0167772
             16        0.55802       0.520599      0.0159131
             17       0.513844       0.520202       0.014982
             18       0.407904       0.513963      0.0153939
             19       0.406536       0.508309      0.0155875
             20       0.454136       0.505601      0.0150416
              1       0.443748       0.443748              0
              2        0.60358       0.523664      0.0565091
              3       0.481548       0.509625       0.039378
              4       0.590764        0.52991      0.0343632
              5       0.621944       0.548317      0.0320434
              6        0.41724       0.526471      0.0333279
              7       0.511712       0.524362      0.0286334
              8       0.416988       0.510941      0.0280239
              9         0.4638       0.505703      0.0253949
             10       0.582148       0.513347      0.0239785
             11       0.526964       0.514585      0.0218305
             12       0.559976       0.518368      0.0203364
             13       0.501812       0.517094      0.0188119
             14       0.516544       0.517055      0.0174682
             15        0.54908        0.51919      0.0164336
             16       0.558344       0.521637      0.0155877
             17       0.513692        0.52117      0.0146777
             18       0.408316         0.5149      0.0151423
             19       0.406568       0.509198      0.0153814
             20       0.453204       0.506399      0.0148649
