              1       0.408563       0.408563              0
              2       0.384517        0.39654     0.00850151
              3       0.375501       0.389527     0.00805674
              4       0.423551       0.398033     0.00952771
              5       0.428513       0.404129      0.0093715
              6       0.410028       0.405112     0.00786098
              7       0.432229       0.408986     0.00763301
              8       0.396764       0.407458     0.00683007
              9       0.440668       0.411148     0.00699731
             10       0.393354       0.409369      0.0065199
             11       0.417247       0.410085     0.00596639
             12       0.371913       0.406904     0.00625998
             13       0.422093       0.408072     0.00588647
             14       0.434024       0.409926     0.00575046
             15        0.42594       0.410994      0.0054653
             16       0.435323       0.412514     0.00533105
             17       0.420975       0.413012     0.00504063
             18       0.375375       0.410921     0.00517613
             19       0.416594        0.41122     0.00491231
             20       0.367187       0.409018     0.00513642
              1       0.404291       0.404291              0
              2       0.385302       0.394796     0.00671388
              3        0.37591       0.388501     0.00681586
              4       0.423893       0.397349     0.00921119
              5       0.428389       0.403557     0.00922672
              6       0.410588       0.404729     0.00776299
              7       0.431269        0.40852     0.00752312
              8       0.397077        0.40709     0.00671735
              9       0.442428       0.411016     0.00702542
             10       0.392853         0.4092     0.00655345
             11       0.415972       0.409816     0.00598653
             12       0.373393        0.40678      0.0062096
             13       0.421472       0.407911     0.00583387
             14       0.434426       0.409804     0.00571634
             15       0.425165       0.410828     0.00542619
             16       0.435477       0.412369     0.00530123
             17       0.419546       0.412791     0.00500618
             18        0.37569        0.41073     0.00513488
             19       0.416532       0.411035     0.00487369
             20       0.368543       0.408911     0.00507201
