              1        -0.9006        -0.9006              0
              2      -0.906752      -0.903676     0.00217506
              3      -0.909048      -0.905467     0.00205919
              4      -0.896744      -0.903286      0.0024396
              5      -0.895464      -0.901722     0.00240144
              6      -0.900224      -0.901472     0.00201413
              7      -0.894504      -0.900477     0.00195698
              8      -0.903624       -0.90087     0.00175146
              9       -0.89232       -0.89992     0.00179611
             10      -0.904496      -0.900378     0.00167378
             11      -0.898368      -0.900195     0.00153155
             12       -0.90996      -0.901009     0.00160562
             13       -0.89712       -0.90071     0.00150972
             14       -0.89404      -0.900233     0.00147513
             15      -0.896128      -0.899959     0.00140195
             16      -0.893704      -0.899568     0.00136775
             17      -0.897408      -0.899441     0.00129319
             18       -0.90908      -0.899977     0.00132759
             19      -0.898536      -0.899901     0.00125988
             20       -0.91116      -0.900464     0.00131666
              1      -0.901696      -0.901696              0
              2      -0.906552      -0.904124     0.00171686
              3      -0.908944      -0.905731     0.00174097
              4      -0.896656      -0.903462     0.00235904
              5      -0.895496      -0.901869      0.0023648
              6       -0.90008      -0.901571     0.00198937
              7      -0.894752      -0.900597     0.00192897
              8      -0.903544      -0.900965     0.00172267
              9      -0.891864      -0.899954     0.00180381
             10      -0.904624      -0.900421      0.0016828
             11      -0.898696      -0.900264     0.00153711
             12      -0.909584      -0.901041     0.00159319
             13       -0.89728      -0.900751     0.00149667
             14      -0.893936      -0.900265      0.0014668
             15      -0.896328      -0.900002      0.0013923
             16      -0.893664      -0.899606     0.00136046
             17      -0.897776      -0.899498     0.00128469
             18         -0.909      -0.900026     0.00131731
             19      -0.898552      -0.899949     0.00125026
             20      -0.910816      -0.900492     0.00130047
