              1        28.6797        28.6797              0
              2        29.4005        29.0401       0.254841
              3        33.5868        30.5556        1.24906
              4        24.4906        29.0394        1.61302
              5        24.5276         28.137        1.52202
              6        27.2568        27.9903         1.2754
              7        24.7039        27.5208        1.17645
              8        29.8721        27.8147        1.06547
              9        23.5301        27.3387        1.04806
             10        31.6484        27.7696        1.02805
             11        25.4164        27.5557       0.956594
             12        33.5936        28.0589        1.00049
             13        25.3494        27.8504       0.944992
             14        23.8103        27.5619       0.920501
             15        26.6792         27.503       0.861013
             16        24.9382        27.3427       0.821986
             17        26.1039        27.2699       0.776858
             18        33.5844        27.6207       0.809039
             19        24.1759        27.4394        0.78651
             20        33.3407        27.7344       0.800623
              1         29.167         29.167              0
              2        29.4042        29.2856      0.0838629
              3        33.5626        30.7113         1.1654
              4        24.4824        29.1541        1.60706
              5        24.5006        28.2234        1.53162
              6        27.1891         28.051        1.28601
              7        24.7005        27.5723        1.18803
              8        29.8266        27.8541        1.07243
              9        23.5255        27.3732        1.05562
             10        31.6439        27.8002        1.03284
             11        25.4313        27.5849       0.961138
             12        33.5668        28.0834        1.00201
             13        25.3569        27.8736       0.946626
             14        23.7778        27.5811       0.923113
             15        26.7404         27.525       0.863272
             16        24.9192        27.3622       0.824537
             17        26.1003        27.2879       0.779369
             18        33.5638        27.6366       0.810314
             19        24.1798        27.4547       0.787826
             20        33.3581        27.7498       0.801826
