              1        0.87232        0.87232              0
              2       0.887052       0.879686     0.00520855
              3        0.93148       0.896951      0.0145179
              4       0.924536       0.903847      0.0124188
              5       0.945184       0.912114      0.0123849
              6       0.953008        0.91893      0.0120511
              7       0.905588       0.917024      0.0104791
              8       0.974452       0.924202       0.011365
              9        0.88942       0.920338      0.0107393
             10        0.89898       0.918202     0.00987545
             11       0.936348       0.919852     0.00911442
             12       0.795812       0.909515      0.0129517
             13       0.969476       0.914127      0.0127503
             14       0.932308       0.915426      0.0119055
             15       0.914608       0.915371      0.0111119
             16       0.553156       0.892733      0.0242691
             17       0.927668       0.894788      0.0229284
             18       0.924144       0.896419      0.0217125
             19         0.9297       0.898171      0.0206403
             20       0.924724       0.899498      0.0196509
              1       0.889364       0.889364              0
              2       0.887196        0.88828    0.000766504
              3       0.931516       0.902692      0.0117784
              4       0.924428       0.908126      0.0100091
              5       0.945144        0.91553      0.0103907
              6        0.95296       0.921768      0.0103638
              7       0.905516       0.919446     0.00913964
              8       0.974608       0.926341       0.010274
              9       0.889192       0.922214     0.00992709
             10       0.898988       0.919891     0.00920207
             11       0.936456       0.921397     0.00848784
             12        0.79584       0.910934      0.0126842
             13       0.969552       0.915443      0.0124843
             14       0.932176       0.916638      0.0116496
             15       0.914612       0.916503      0.0108738
             16       0.553456       0.893813      0.0242198
             17       0.927804       0.895812      0.0228775
             18       0.924144       0.897386      0.0216606
             19       0.929572        0.89908      0.0205867
             20       0.924508       0.900352      0.0195966
