              1       0.346642       0.346642              0
              2       0.271826       0.309234      0.0264514
              3       0.278249       0.298906      0.0195469
              4       0.271579       0.292074       0.015809
              5       0.248248       0.283309        0.01488
              6       0.277693       0.282373      0.0124294
              7       0.192943       0.269597      0.0159186
              8       0.240868       0.266006      0.0143281
              9       0.319803       0.271984      0.0139273
             10        0.25853       0.270638      0.0125993
             11       0.293543        0.27272      0.0116247
             12       0.165359       0.263774      0.0136721
             13        0.16774       0.256386      0.0144792
             14       0.248496       0.255823      0.0134559
             15       0.217877       0.253293      0.0127945
             16       0.124709       0.245257      0.0142977
             17       0.156769       0.240051       0.014373
             18        0.29342       0.243016      0.0138769
             19        0.15495       0.238381      0.0138991
             20       0.212025       0.237063      0.0132665
              1       0.274235       0.274235              0
              2       0.271455       0.272845    0.000982893
              3       0.277817       0.274503     0.00150342
              4       0.271764       0.273818     0.00127393
              5       0.247876        0.26863     0.00475122
              6       0.277755        0.27015     0.00419573
              7       0.192819       0.259103      0.0108418
              8        0.24093       0.256832     0.00972161
              9       0.319619       0.263808      0.0108598
             10       0.259149       0.263342     0.00978384
             11       0.292989       0.266037     0.00925819
             12       0.164356       0.257564      0.0117405
             13       0.166863       0.250587       0.012743
             14        0.24862       0.250446      0.0118335
             15       0.217006       0.248217      0.0112527
             16       0.125653       0.240557      0.0128958
             17        0.15633       0.235602      0.0130543
             18       0.292866       0.238783      0.0127108
             19       0.155326       0.234391      0.0127782
             20       0.212959       0.233319      0.0121842
