              1      -0.955688      -0.955688              0
              2      -0.965424      -0.960556      0.0034422
              3      -0.964592      -0.961901     0.00254415
              4      -0.965456       -0.96279     0.00205747
              5      -0.968472      -0.963926     0.00193452
              6      -0.964664      -0.964049       0.001616
              7      -0.975584      -0.965697     0.00206058
              8      -0.969424      -0.966163     0.00185492
              9      -0.959192      -0.965388      0.0018033
             10      -0.967144      -0.965564     0.00163149
             11      -0.962608      -0.965295     0.00150514
             12      -0.979112      -0.966447     0.00176603
             13      -0.978808      -0.967398     0.00186871
             14       -0.96844      -0.967472     0.00173672
             15      -0.972384      -0.967799     0.00165152
             16      -0.984288       -0.96883     0.00184197
             17      -0.980208      -0.969499     0.00185123
             18      -0.962624      -0.969117     0.00178735
             19       -0.98044      -0.969713     0.00178987
             20      -0.973136      -0.969884     0.00170854
              1      -0.965112      -0.965112              0
              2      -0.965472      -0.965292    0.000127279
              3      -0.964648      -0.965077    0.000194734
              4      -0.965432      -0.965166    0.000165006
              5       -0.96852      -0.965837    0.000614332
              6      -0.964656       -0.96564     0.00054255
              7        -0.9756      -0.967063     0.00139699
              8      -0.969416      -0.967357     0.00125295
              9      -0.959216      -0.966452     0.00140275
             10      -0.967064      -0.966514     0.00126381
             11       -0.96268      -0.966165       0.001196
             12       -0.97924      -0.967255     0.00151334
             13       -0.97892      -0.968152     0.00164155
             14      -0.968424      -0.968171     0.00152441
             15      -0.972496       -0.96846     0.00144979
             16      -0.984168      -0.969442     0.00165861
             17      -0.980264      -0.970078     0.00167878
             18      -0.962696      -0.969668     0.00163484
             19      -0.980392      -0.970232     0.00164334
             20      -0.973016      -0.970372     0.00156706
