              1      -0.884016      -0.884016              0
              2        -0.8838      -0.883908    7.63675e-05
              3      -0.890608      -0.886141     0.00182422
              4      -0.886264      -0.886172     0.00136842
              5      -0.887136      -0.886365     0.00110824
              6      -0.885696      -0.886253    0.000929119
              7      -0.884208      -0.885961    0.000841078
              8      -0.889784      -0.886439    0.000861056
              9      -0.879688      -0.885689     0.00104209
             10      -0.888528      -0.885973    0.000975793
             11      -0.887056      -0.886071    0.000892039
             12      -0.896568      -0.886946     0.00117048
             13      -0.885528      -0.886837     0.00108551
             14       -0.88168      -0.886469     0.00106865
             15      -0.886024      -0.886439    0.000997816
             16      -0.880104      -0.886043     0.00101096
             17      -0.882192      -0.885816     0.00097654
             18      -0.899288      -0.886565     0.00117457
             19      -0.887016      -0.886589       0.001113
             20       -0.89436      -0.886977     0.00112313
              1      -0.884992      -0.884992              0
              2      -0.883696      -0.884344    0.000458205
              3      -0.890472      -0.886387     0.00169557
              4       -0.88604        -0.8863     0.00127389
              5      -0.887128      -0.886466     0.00102982
              6      -0.885512      -0.886307    0.000870363
              7      -0.884328      -0.886024    0.000790595
              8      -0.889344      -0.886439    0.000793248
              9      -0.879208      -0.885636     0.00103488
             10      -0.888624      -0.885934    0.000973586
             11       -0.88744      -0.886071    0.000894647
             12      -0.896416      -0.886933     0.00116352
             13      -0.885624      -0.886833     0.00107837
             14      -0.881648      -0.886462     0.00106303
             15      -0.886112      -0.886439    0.000992417
             16      -0.879928      -0.886032     0.00101038
             17      -0.882536      -0.885826    0.000971651
             18      -0.899304      -0.886575     0.00117116
             19      -0.887088      -0.886602     0.00110983
             20      -0.893768       -0.88696     0.00111067
