              1        24.1954        24.1954              0
              2        21.1359        22.6656         1.0817
              3        25.9158         23.749        1.14129
              4        20.7126        22.9899        1.07928
              5        23.7994        23.1518       0.875482
              6        20.8631        22.7704       0.808412
              7        22.7723        22.7706       0.692925
              8        25.5951        23.1237       0.690419
              9        19.8098        22.7555       0.705088
             10        24.0626        22.8862       0.646582
             11        22.8649        22.8843       0.587804
             12        27.5851         23.276       0.656502
             13        21.0615        23.1057       0.627713
             14        20.2616        22.9025       0.614871
             15        23.2126        22.9232       0.574227
             16        19.9861        22.7396        0.56692
             17        22.0115        22.6968       0.535187
             18        29.9932        23.1021       0.640835
             19        21.3253        23.0086       0.613893
             20        26.5048        23.1834       0.607577
              1        24.6596        24.6596              0
              2        21.1318        22.8957        1.24728
              3        25.8773        23.8895        1.16187
              4        20.6821        23.0877        1.11426
              5         23.765        23.2231       0.899603
              6        20.8241        22.8233       0.833807
              7        22.7459        22.8122       0.714765
              8        25.5854        23.1589       0.704481
              9        19.8165        22.7875       0.717445
             10        24.0755        22.9163       0.657159
             11        22.8771        22.9127       0.597427
             12        27.5813        23.3018        0.66231
             13        21.0758        23.1306       0.633111
             14        20.2203        22.9227       0.621078
             15        23.2207        22.9426       0.579991
             16        19.9762        22.7572       0.572607
             17         21.997        22.7124       0.540667
             18        29.9664        23.1154       0.643526
             19        21.3424        23.0221       0.616385
             20        26.5247        23.1972       0.609938
