              1       0.433477       0.433477              0
              2       0.434234       0.433856    0.000267811
              3       0.410271       0.425994     0.00642153
              4       0.425582       0.425891     0.00481697
              5       0.422515       0.425216     0.00390062
              6       0.427579        0.42561     0.00327034
              7       0.432803       0.426637     0.00296022
              8       0.413181       0.424955     0.00303064
              9       0.448619       0.427585     0.00366093
             10       0.417612       0.426587     0.00342799
             11       0.422796       0.426243     0.00313363
             12       0.389141       0.423151     0.00412481
             13       0.428169       0.423537     0.00382554
             14       0.441659       0.424831     0.00376492
             15       0.426426       0.424938     0.00351543
             16       0.447167       0.426327     0.00355968
             17       0.439868       0.427124     0.00343825
             18       0.379451       0.424475     0.00414359
             19       0.422937       0.424394      0.0039263
             20       0.396985       0.423024     0.00396194
              1       0.430052       0.430052              0
              2       0.434599       0.432325     0.00160766
              3       0.410751       0.425134     0.00596882
              4        0.42637       0.425443     0.00448461
              5       0.422543       0.424863       0.003625
              6       0.428226       0.425423     0.00306385
              7       0.432382       0.426418     0.00278277
              8       0.414734       0.424957       0.002792
              9       0.450294       0.427772     0.00363375
             10       0.417273       0.426722     0.00341869
             11       0.421445       0.426243     0.00314139
             12       0.389681       0.423196     0.00409895
             13       0.427832       0.423552     0.00379913
             14       0.441771       0.424854     0.00374401
             15       0.426117       0.424938     0.00349536
             16       0.447782       0.426366     0.00355655
             17       0.438663       0.427089     0.00342012
             18       0.379394       0.424439     0.00413095
             19       0.422684       0.424347     0.00391456
             20       0.399085       0.423084     0.00391732
