              1       0.371408       0.371408              0
              2       0.513444       0.442426      0.0502173
              3       0.417136       0.433996      0.0341785
              4       0.451468       0.438364      0.0259115
              5       0.609936       0.472678      0.0370362
              6       0.436912       0.466717      0.0313396
              7        0.49498       0.470755      0.0271213
              8        0.40316       0.462306      0.0250127
              9       0.435276       0.459302      0.0224131
             10       0.475524       0.460924      0.0202304
             11        0.42008       0.457211      0.0187289
             12       0.453716        0.45692      0.0171704
             13        0.40486       0.452915        0.01631
             14       0.410596       0.449893      0.0154225
             15       0.435976       0.448965      0.0144222
             16       0.447024       0.448844      0.0135214
             17       0.483464        0.45088      0.0128784
             18       0.370708       0.446426      0.0129102
             19       0.339596       0.440803      0.0133993
             20       0.408904       0.439208      0.0128239
              1       0.371828       0.371828              0
              2         0.5136       0.442714       0.050124
              3       0.417052        0.43416      0.0341381
              4       0.450752       0.438308      0.0258543
              5       0.610156       0.472678      0.0370516
              6       0.436296       0.466614      0.0313686
              7       0.495236       0.470703      0.0271525
              8        0.40348         0.4623      0.0250249
              9       0.435164       0.459285      0.0224253
             10         0.4756       0.460916       0.020242
             11       0.420364        0.45723      0.0187345
             12       0.453828       0.456946      0.0171755
             13       0.405424       0.452983      0.0163051
             14       0.410092       0.449919      0.0154256
             15       0.435896       0.448985      0.0144255
             16       0.447072       0.448865      0.0135244
             17       0.483296        0.45089      0.0128796
             18       0.371372       0.446473      0.0128995
             19       0.339552       0.440845      0.0133919
             20       0.408264       0.439216       0.012821
