              1       0.389944       0.389944              0
              2       0.388282       0.389113    0.000587631
              3       0.388354        0.38886     0.00044299
              4       0.389944       0.389131    0.000406815
              5       0.388211       0.388947    0.000364698
              6       0.387846       0.388764    0.000347017
              7       0.389429       0.388859    0.000310196
              8       0.385528       0.388442    0.000474682
              9       0.389856       0.388599    0.000447156
             10       0.391656       0.388905    0.000496032
             11       0.389571       0.388966    0.000454621
             12       0.389509       0.389011    0.000418986
             13       0.389172       0.389023    0.000386938
             14       0.391612       0.389208    0.000401048
             15       0.391178        0.38934    0.000395218
             16       0.393576       0.389604    0.000450574
             17       0.390823       0.389676    0.000429733
             18       0.388576       0.389615    0.000410182
             19        0.39022       0.389647    0.000389826
             20       0.392834       0.389806    0.000401582
              1       0.390956       0.390956              0
              2       0.386982       0.388969     0.00140491
              3       0.388336       0.388758    0.000952338
              4          0.398       0.391069     0.00212464
              5       0.390637       0.390982     0.00170146
              6       0.389109        0.39067     0.00144623
              7       0.388905       0.390418     0.00126142
              8       0.385769       0.389837     0.00123032
              9       0.388229       0.389658     0.00110651
             10       0.391328       0.389825     0.00100838
             11       0.390007       0.389842    0.000916848
             12       0.390557       0.389901    0.000842379
             13       0.388211       0.389771    0.000787549
             14       0.391638       0.389905    0.000742503
             15       0.391886       0.390037    0.000704659
             16        0.39317       0.390233    0.000687285
             17       0.391488       0.390306    0.000650811
             18       0.388594       0.390211    0.000621571
             19       0.389687       0.390184    0.000589469
             20       0.392046       0.390277    0.000567302
