              1         5.5011         5.5011              0
              2        5.32275        5.41193      0.0630539
              3        5.04695        5.29027       0.107861
              4        5.07496        5.23644       0.093366
              5        4.92258        5.17367      0.0934409
              6        5.17731        5.17428      0.0778694
              7        5.35068        5.19948      0.0707056
              8        5.27611        5.20906      0.0625129
              9        5.37665        5.22768      0.0582746
             10        5.21052        5.22596      0.0524724
             11        5.22375        5.22576      0.0477026
             12        4.95328        5.20305      0.0488334
             13        5.37174        5.21603      0.0467692
             14        5.31703        5.22324      0.0439814
             15        5.47786        5.24022      0.0442037
             16        5.20915        5.23828      0.0414836
             17        5.00384        5.22449      0.0412719
             18        4.95897        5.20974      0.0415314
             19         5.1653         5.2074      0.0394113
             20        5.11211        5.20263      0.0377276
              1        5.23555        5.23555              0
              2        5.30925         5.2724      0.0260591
              3        5.08021        5.20834      0.0551164
              4        4.92515        5.13754      0.0739447
              5        5.04342        5.11872      0.0615052
              6        5.63807        5.20528       0.094184
              7        5.12722        5.19412      0.0813865
              8        5.49531        5.23177      0.0794453
              9        5.33423        5.24316      0.0714291
             10        5.19208        5.23805      0.0644685
             11        5.21889        5.23631      0.0586313
             12        4.95733        5.21306      0.0581721
             13        5.37846        5.22578      0.0550711
             14        5.30882        5.23171      0.0514558
             15        5.45682        5.24672      0.0501662
             16        5.20314          5.244      0.0471047
             17        5.00389        5.22987      0.0464029
             18        4.97674        5.21581      0.0459066
             19        5.16823        5.21331      0.0435587
             20        5.13315         5.2093      0.0415647
