              1      -0.708576      -0.708576              0
              2      -0.710072      -0.709324    0.000528916
              3      -0.710008      -0.709552    0.000398736
              4      -0.708576      -0.709308    0.000366175
              5      -0.710136      -0.709474    0.000328257
              6      -0.710464      -0.709639    0.000312304
              7       -0.70904      -0.709553    0.000279154
              8      -0.712544      -0.709927    0.000426569
              9      -0.708656      -0.709786     0.00040187
             10      -0.707032       -0.70951    0.000446166
             11      -0.708912      -0.709456    0.000408908
             12      -0.708968      -0.709415    0.000376849
             13      -0.709272      -0.709404    0.000348022
             14      -0.707072      -0.709238     0.00036084
             15      -0.707464      -0.709119    0.000355632
             16      -0.705296      -0.708881    0.000405826
             17      -0.707784      -0.708816    0.000387046
             18      -0.709808      -0.708871    0.000369446
             19      -0.708328      -0.708843    0.000351105
             20      -0.705968      -0.708699    0.000361774
              1      -0.707664      -0.707664              0
              2       -0.71124      -0.709452     0.00126431
              3      -0.710024      -0.709643    0.000857128
              4       -0.70128      -0.707552     0.00192131
              5      -0.707952      -0.707632     0.00153871
              6      -0.709328      -0.707915     0.00130796
              7      -0.709512      -0.708143     0.00114084
              8      -0.712328      -0.708666     0.00111173
              9       -0.71012      -0.708828    0.000999876
             10      -0.707328      -0.708678    0.000911063
             11       -0.70852      -0.708663    0.000828352
             12      -0.708024       -0.70861    0.000761034
             13      -0.710136      -0.708727    0.000711488
             14      -0.707048      -0.708607    0.000670704
             15      -0.706824      -0.708489    0.000636441
             16      -0.705664      -0.708312    0.000620664
             17      -0.707184      -0.708246     0.00058769
             18      -0.709792      -0.708332    0.000561285
             19      -0.708808      -0.708357    0.000532303
             20       -0.70668      -0.708273    0.000512247
