              1        0.10228        0.10228              0
              2       0.111908       0.107094     0.00340401
              3        0.09346       0.102549     0.00434963
              4       0.108784       0.104108     0.00353046
              5       0.118796       0.107046     0.00385755
              6       0.113308       0.108089     0.00335285
              7       0.138116       0.112379      0.0049021
              8       0.085796       0.109056     0.00529713
              9       0.104204       0.108517     0.00473592
             10        0.10244       0.107909     0.00430114
             11       0.112024       0.108283     0.00392636
             12        0.11538       0.108875     0.00364343
             13       0.082528       0.106848     0.00388617
             14       0.130976       0.108571      0.0039724
             15       0.105352       0.108357     0.00371336
             16       0.141604       0.110435     0.00402086
             17       0.103476       0.110025     0.00380512
             18        0.07778       0.108234     0.00399321
             19       0.130948       0.109429     0.00395794
             20         0.0878       0.108348       0.003905
              1       0.097484       0.097484              0
              2       0.125108       0.111296     0.00976656
              3       0.111856       0.111483     0.00651282
              4       0.094064       0.107128     0.00617105
              5        0.11524        0.10875     0.00514569
              6       0.114212       0.109661     0.00436784
              7       0.097968        0.10799     0.00405069
              8       0.102632       0.107321     0.00359931
              9       0.109152       0.107524     0.00320513
             10       0.086508       0.105422     0.00350657
             11       0.096004       0.104566     0.00329067
             12       0.091928       0.103513     0.00318052
             13       0.105196       0.103642      0.0029385
             14        0.09624       0.103114     0.00277577
             15       0.107488       0.103405     0.00260599
             16       0.140768       0.105741     0.00332882
             17       0.105364       0.105718     0.00313308
             18       0.079752       0.104276     0.00327432
             19       0.131328         0.1057     0.00339748
             20       0.088536       0.104841     0.00333423
