              1       -0.63188       -0.63188              0
              2       -0.63724       -0.63456     0.00189505
              3      -0.632472      -0.633864     0.00138529
              4      -0.632784      -0.633594     0.00106496
              5       -0.63252      -0.633379    0.000873359
              6      -0.634752      -0.633608    0.000757176
              7      -0.634696      -0.633763    0.000664769
              8      -0.634688      -0.633879    0.000591634
              9       -0.63536      -0.634044    0.000548304
             10      -0.634088      -0.634048    0.000493492
             11      -0.633224      -0.633973    0.000454279
             12      -0.632416      -0.633843    0.000434559
             13      -0.635984      -0.634008    0.000431202
             14      -0.633192       -0.63395    0.000404322
             15      -0.631496      -0.633786    0.000409122
             16      -0.634176      -0.633811    0.000384277
             17      -0.632416      -0.633728    0.000370324
             18      -0.631144      -0.633585    0.000376558
             19      -0.633144      -0.633562    0.000357453
             20      -0.629392      -0.633353    0.000395737
              1      -0.631784      -0.631784              0
              2       -0.63672      -0.634252     0.00174514
              3      -0.632248      -0.633584     0.00128493
              4      -0.632304      -0.633264     0.00100275
              5      -0.631736      -0.632958    0.000847491
              6      -0.634376      -0.633195    0.000738442
              7      -0.633512       -0.63324     0.00063434
              8      -0.633544      -0.633278    0.000556185
              9      -0.635512      -0.633526    0.000546979
             10      -0.633616      -0.633535    0.000492355
             11      -0.635112      -0.633679    0.000467997
             12      -0.632024      -0.633541    0.000448849
             13      -0.635376      -0.633682     0.00043596
             14      -0.632744      -0.633615    0.000409934
             15      -0.631816      -0.633495    0.000399762
             16      -0.634088      -0.633532    0.000376492
             17      -0.632184      -0.633453    0.000362599
             18      -0.630832      -0.633307    0.000370534
             19      -0.633232      -0.633303    0.000351053
             20       -0.62948      -0.633112    0.000382017
