              1       0.334555       0.334555              0
              2       0.330767       0.332661     0.00133941
              3       0.334139       0.333154    0.000979292
              4       0.333919       0.333345    0.000752915
              5       0.334105       0.333497    0.000617478
              6       0.332529       0.333336    0.000535202
              7       0.332569       0.333226    0.000469815
              8       0.332575       0.333145    0.000418085
              9       0.332099       0.333029    0.000387428
             10       0.332999       0.333026    0.000348696
             11       0.333608       0.333079    0.000320998
             12       0.334178        0.33317    0.000307045
             13       0.331658       0.333054    0.000304675
             14       0.333631       0.333095    0.000285689
             15       0.334826        0.33321       0.000289
             16       0.332937       0.333193    0.000271444
             17       0.334178       0.333251    0.000261584
             18       0.335073       0.333352    0.000265913
             19       0.333665       0.333369    0.000252426
             20       0.336303       0.333516    0.000279201
              1       0.334623       0.334623              0
              2       0.331136       0.332879     0.00123286
              3       0.334296       0.333352    0.000907874
              4       0.334257       0.333578    0.000708545
              5       0.334657       0.333794    0.000598782
              6       0.332795       0.333627      0.0005216
              7       0.333405       0.333596    0.000448049
              8       0.333383       0.333569    0.000392833
              9       0.331992       0.333394      0.0003863
             10       0.333332       0.333388     0.00034772
             11       0.332275       0.333286    0.000330495
             12       0.334454       0.333384    0.000316954
             13       0.332088       0.333284    0.000307844
             14       0.333947       0.333331    0.000289473
             15         0.3346       0.333416    0.000282267
             16       0.332999        0.33339    0.000265828
             17       0.334341       0.333446    0.000256015
             18       0.335292       0.333548    0.000261538
             19       0.333603       0.333551    0.000247788
             20       0.336241       0.333686    0.000269441
