              1        3.15787        3.15787              0
              2        3.34775        3.25281      0.0671329
              3        3.42167        3.30909      0.0641489
              4        3.31701        3.31107      0.0481422
              5        3.24312        3.29748      0.0403867
              6        3.26823        3.29261      0.0339485
              7         3.3475        3.30045      0.0299909
              8        3.31171        3.30186      0.0262751
              9        3.37229        3.30968      0.0244934
             10        3.32747        3.31146      0.0221086
             11        3.33124        3.31326      0.0201717
             12        3.39262        3.31987      0.0195448
             13        3.31514        3.31951      0.0180447
             14         3.4999         3.3324       0.020855
             15        3.41103        3.33764      0.0201127
             16        3.49583        3.34752      0.0211465
             17        3.14189        3.33543      0.0231045
             18        3.39888        3.33895      0.0220882
             19        3.47475         3.3461      0.0220518
             20        3.05571        3.33158      0.0252814
              1        3.15422        3.15422              0
              2        3.35477         3.2545      0.0709049
              3        3.40906        3.30602      0.0632783
              4        3.33413        3.31304      0.0478473
              5         3.2412        3.29868      0.0403778
              6        3.25675        3.29169      0.0342476
              7        3.33979        3.29856      0.0300364
              8        3.29566         3.2982      0.0262841
              9        3.38659        3.30802      0.0251317
             10        3.32771        3.30999      0.0226956
             11        3.36921        3.31537      0.0212613
             12        3.38729        3.32136      0.0203166
             13        3.29429        3.31928      0.0188602
             14        3.50493        3.33254      0.0216791
             15        3.42402        3.33864      0.0210742
             16        3.49195        3.34822      0.0218269
             17        3.16665        3.33754      0.0230082
             18        3.41591         3.3419      0.0221381
             19        3.49604        3.35001      0.0224102
             20        3.05921        3.33547      0.0255752
