              1       0.084164       0.084164              0
              2       0.061888       0.073026     0.00787576
              3       0.064248         0.0701     0.00576849
              4       0.083816       0.073529     0.00524747
              5       0.097548      0.0783328     0.00600701
              6       0.044736      0.0727333      0.0071545
              7       0.049736       0.069448      0.0068453
              8       0.076532      0.0703335     0.00604664
              9        0.06262      0.0694764     0.00543519
             10       0.069092       0.069438     0.00489181
             11       0.057172      0.0683229     0.00457243
             12       0.062492       0.067837     0.00421713
             13       0.064196      0.0675569     0.00390203
             14       0.075152      0.0680994     0.00366083
             15       0.090384      0.0695851     0.00370598
             16        0.06242      0.0691372     0.00350131
             17       0.075208      0.0694944     0.00331351
             18       0.066112      0.0693064     0.00313475
             19       0.061228      0.0688813     0.00299846
             20       0.071864      0.0690304     0.00285224
              1       0.084112       0.084112              0
              2       0.062356       0.073234     0.00769191
              3       0.063392      0.0699533     0.00578541
              4       0.083512       0.073343     0.00523878
              5       0.096568       0.077988     0.00590131
              6       0.044104      0.0723407      0.0071247
              7       0.050324      0.0691954      0.0067656
              8       0.077312        0.07021     0.00599549
              9       0.062848       0.069392     0.00538484
             10       0.067588      0.0692116     0.00484938
             11       0.057472      0.0681444     0.00452444
             12       0.063228      0.0677347     0.00416591
             13       0.065484      0.0675615     0.00384905
             14       0.073672       0.067998     0.00359878
             15        0.09066      0.0695088     0.00366228
             16       0.062596      0.0690768     0.00345878
             17       0.075176      0.0694355     0.00327388
             18       0.067448      0.0693251     0.00309386
             19       0.060744      0.0688735      0.0029638
             20       0.070732      0.0689664     0.00281707
