              1      -0.474472      -0.474472              0
              2      -0.474736      -0.474604    9.33381e-05
              3       -0.47312      -0.474109    0.000408659
              4      -0.470264      -0.473148    0.000887164
              5       -0.47328      -0.473174    0.000710124
              6      -0.476888      -0.473793    0.000818183
              7      -0.476552      -0.474187    0.000790535
              8      -0.473144      -0.474057    0.000702395
              9      -0.473816       -0.47403    0.000624861
             10      -0.475984      -0.474226    0.000592133
             11       -0.47352      -0.474161    0.000541766
             12      -0.475392      -0.474264    0.000506231
             13      -0.473912      -0.474237    0.000468013
             14       -0.47492      -0.474286     0.00043712
             15      -0.474112      -0.474274    0.000408132
             16      -0.473072      -0.474199    0.000389478
             17       -0.47416      -0.474197    0.000366574
             18      -0.475392      -0.474263    0.000352172
             19      -0.475984      -0.474354    0.000345087
             20       -0.47024      -0.474148    0.000384272
              1      -0.473064      -0.473064              0
              2      -0.474008      -0.473536    0.000333754
              3      -0.472984      -0.473352    0.000268474
              4      -0.472656      -0.473178    0.000251498
              5      -0.473984      -0.473339    0.000247526
              6      -0.477152      -0.473975    0.000615681
              7      -0.476264      -0.474302     0.00060842
              8        -0.4736      -0.474214    0.000538653
              9      -0.474968      -0.474298    0.000485274
             10      -0.476544      -0.474522     0.00048596
             11      -0.475208      -0.474585    0.000445761
             12      -0.475176      -0.474634    0.000411329
             13      -0.474304      -0.474609     0.00038047
             14      -0.475368      -0.474663     0.00035714
             15      -0.474096      -0.474625    0.000335324
             16      -0.474696      -0.474629    0.000314395
             17      -0.474088      -0.474598    0.000297511
             18      -0.475312      -0.474637    0.000283617
             19      -0.474872       -0.47465    0.000268958
             20       -0.47012      -0.474423    0.000337663
