              1       0.205887       0.205887              0
              2        0.20582       0.205854    2.35406e-05
              3       0.206227       0.205978    0.000102911
              4       0.206943        0.20622    0.000222732
              5       0.206187       0.206213     0.00017828
              6       0.205276       0.206057    0.000205877
              7       0.205361       0.205958    0.000199004
              8       0.206221       0.205991    0.000176839
              9       0.206052       0.205997    0.000157323
             10       0.205505       0.205948    0.000149093
             11       0.206127       0.205964    0.000136421
             12       0.205655       0.205939    0.000127469
             13       0.206028       0.205946    0.000117849
             14       0.205774       0.205933    0.000110066
             15       0.205978       0.205936    0.000102768
             16       0.206239       0.205955    9.80776e-05
             17       0.205966       0.205956    9.23103e-05
             18       0.205655       0.205939    8.86834e-05
             19       0.205505       0.205916    8.69065e-05
             20       0.206949       0.205968    9.67004e-05
              1       0.206241       0.206241              0
              2       0.206004       0.206123    8.39859e-05
              3       0.206262       0.206169    6.75554e-05
              4       0.206344       0.206213    6.32668e-05
              5        0.20601       0.206172    6.22693e-05
              6       0.205209       0.206012     0.00015541
              7       0.205434       0.205929    0.000153547
              8       0.206107       0.205951    0.000135946
              9       0.205762        0.20593    0.000122461
             10       0.205363       0.205874    0.000122638
             11       0.205701       0.205858    0.000112485
             12       0.205709       0.205846    0.000103791
             13       0.205929       0.205852    9.60071e-05
             14       0.205661       0.205838    9.01153e-05
             15       0.205982       0.205848     8.4613e-05
             16       0.205831       0.205847    7.93317e-05
             17       0.205984       0.205855    7.50729e-05
             18       0.205675       0.205845    7.15643e-05
             19       0.205786       0.205842    6.78647e-05
             20       0.206979       0.205899    8.50253e-05
