              1       0.039976       0.039976              0
              2       0.026036       0.033006     0.00492853
              3       0.021576       0.029196     0.00452473
              4       0.038728       0.031579      0.0039718
              5        0.04366      0.0339952     0.00384272
              6       0.023684      0.0322767      0.0035659
              7       0.020876       0.030648     0.00340819
              8       0.036256       0.031349      0.0030534
              9        0.02178      0.0302858     0.00289333
             10       0.024196      0.0296768     0.00266732
             11        0.01634      0.0284644      0.0026863
             12       0.021856      0.0279137     0.00251825
             13       0.022824      0.0275222     0.00235478
             14       0.031668      0.0278183     0.00220512
             15       0.047428      0.0291256     0.00241474
             16        0.02512      0.0288753     0.00227676
             17       0.035132      0.0292433     0.00217238
             18       0.037672      0.0297116     0.00210155
             19       0.033528      0.0299124     0.00200052
             20       0.032884       0.030061       0.001906
              1        0.03926        0.03926              0
              2       0.026544       0.032902     0.00449578
              3       0.020532      0.0287787     0.00450752
              4       0.038588       0.031231     0.00399239
              5       0.042108      0.0334064     0.00373992
              6       0.023672       0.031784      0.0034506
              7       0.021292      0.0302851     0.00326701
              8       0.036684       0.031085     0.00295493
              9       0.022048      0.0300809       0.002792
             10       0.023844      0.0294572     0.00258152
             11       0.017088      0.0283327     0.00258014
             12       0.023608       0.027939     0.00239498
             13       0.023244      0.0275778     0.00223782
             14        0.03072      0.0278023      0.0020892
             15       0.047316      0.0291032     0.00231986
             16       0.024144      0.0287932     0.00219547
             17         0.0344      0.0291231     0.00209095
             18       0.039716      0.0297116     0.00205594
             19       0.032356      0.0298507     0.00195244
             20       0.032044      0.0299604     0.00185789
