              1        1.40823        1.40823              0
              2        1.47138         1.4398      0.0223271
              3        1.44664        1.44208      0.0150004
              4        1.41835        1.43615      0.0123679
              5        1.44396        1.43771     0.00999258
              6        1.43402         1.4371     0.00834601
              7        1.45409        1.43952     0.00749836
              8        1.37443        1.43139      0.0100485
              9         1.3448        1.42177      0.0127301
             10        1.45082        1.42467      0.0117841
             11        1.43028        1.42518      0.0107238
             12        1.43157        1.42571     0.00984337
             13        1.47125        1.42922     0.00968938
             14        1.43575        1.42968     0.00900851
             15         1.4434         1.4306     0.00845424
             16        1.40617        1.42907     0.00806254
             17         1.4852        1.43237     0.00823652
             18        1.44834        1.43326     0.00782655
             19        1.45967        1.43465     0.00753709
             20        1.41435        1.43364     0.00722822
              1        1.40885        1.40885              0
              2        1.47424        1.44154      0.0231187
              3        1.44562         1.4429      0.0154525
              4        1.41228        1.43525      0.0133512
              5        1.46345        1.44089      0.0118123
              6          1.439        1.44057     0.00984781
              7        1.44772        1.44159      0.0084938
              8        1.37595        1.43339      0.0106841
              9        1.36393        1.42567      0.0119637
             10         1.4574        1.42884      0.0111801
             11        1.44555        1.43036      0.0102663
             12        1.42476         1.4299     0.00942143
             13        1.48024        1.43377     0.00945904
             14        1.44413        1.43451      0.0088123
             15        1.44097        1.43494     0.00823533
             16        1.40767        1.43323     0.00789495
             17        1.48535         1.4363     0.00800359
             18        1.44701         1.4369     0.00758103
             19        1.46042        1.43813     0.00728248
             20        1.40534        1.43649     0.00710059
