              1      -0.847256      -0.847256              0
              2      -0.846456      -0.846856    0.000282843
              3      -0.844736      -0.846149    0.000607021
              4      -0.846616      -0.846266    0.000466342
              5      -0.846744      -0.846362    0.000382747
              6      -0.847536      -0.846557    0.000365594
              7      -0.848352      -0.846814    0.000393115
              8      -0.852104      -0.847475    0.000707782
              9      -0.844896      -0.847188    0.000684695
             10      -0.848192      -0.847289    0.000623537
             11      -0.853272      -0.847833    0.000768298
             12      -0.856136      -0.848525    0.000966893
             13      -0.846736      -0.848387    0.000902253
             14      -0.846464       -0.84825    0.000848198
             15      -0.847368      -0.848191    0.000793686
             16      -0.841576      -0.847777    0.000844926
             17      -0.845496      -0.847643    0.000805813
             18      -0.851128      -0.847837    0.000783956
             19       -0.84508      -0.847692    0.000756004
             20      -0.851264       -0.84787    0.000739001
              1      -0.847168      -0.847168              0
              2      -0.846296      -0.846732    0.000308299
              3      -0.844776       -0.84608    0.000570654
              4         -0.846       -0.84606    0.000428341
              5      -0.846928      -0.846234     0.00037621
              6      -0.847416      -0.846431    0.000361456
              7      -0.847712      -0.846614     0.00035314
              8      -0.851368      -0.847208    0.000636009
              9      -0.844664      -0.846925    0.000625007
             10      -0.848488      -0.847082    0.000581714
             11      -0.853416      -0.847657    0.000762315
             12       -0.85604      -0.848356    0.000967268
             13       -0.84744      -0.848286    0.000895426
             14      -0.845888      -0.848114    0.000847685
             15        -0.8476       -0.84808    0.000791865
             16      -0.841448      -0.847665    0.000843914
             17      -0.845888      -0.847561    0.000800723
             18      -0.851264      -0.847767     0.00078222
             19      -0.845192      -0.847631    0.000752697
             20       -0.85112      -0.847806    0.000734998
