              1       0.440871       0.440871              0
              2       0.442988       0.441929    0.000748522
              3       0.447533       0.443797     0.00160468
              4       0.442565       0.443489     0.00123274
              5       0.442226       0.443236     0.00101175
              6       0.440129       0.442719    0.000966612
              7       0.437967        0.44204      0.0010399
              8       0.427998       0.440285     0.00187713
              9       0.447111       0.441043     0.00181533
             10       0.438391       0.440778     0.00165305
             11       0.424886       0.439333     0.00203858
             12       0.417236       0.437492      0.0025691
             13       0.442247       0.437857     0.00239738
             14       0.442967       0.438222     0.00225374
             15       0.440574       0.438379     0.00210894
             16       0.455859       0.439472     0.00224232
             17       0.445526       0.439828     0.00213851
             18       0.430596       0.439315      0.0020803
             19       0.446625         0.4397     0.00200607
             20       0.430234       0.439226     0.00196081
              1       0.441104       0.441104              0
              2       0.443411       0.442257     0.00081577
              3       0.447427       0.443981     0.00150853
              4       0.444194       0.444034     0.00113234
              5       0.441739       0.443575    0.000994555
              6       0.440447       0.443054     0.00095571
              7       0.439663       0.442569    0.000933891
              8       0.429957       0.440993     0.00168597
              9       0.447723       0.441741      0.0016562
             10       0.437606       0.441327     0.00154132
             11       0.424502       0.439798     0.00202244
             12       0.417493       0.437939      0.0025698
             13       0.440384       0.438127       0.002379
             14        0.44449       0.438581     0.00225206
             15        0.43996       0.438673      0.0021038
             16       0.456196       0.439768     0.00223929
             17        0.44449       0.440046     0.00212472
             18       0.430234       0.439501     0.00207543
             19       0.446329        0.43986     0.00199707
             20       0.430617       0.439398     0.00194996
