              1       0.274512       0.274512              0
              2        0.32008       0.297296      0.0161107
              3        0.27318       0.289257      0.0125872
              4         0.3011       0.292218     0.00978241
              5       0.405908       0.314956      0.0217912
              6       0.254612       0.304899      0.0203483
              7        0.33012       0.308502      0.0177576
              8       0.248664       0.301022      0.0170405
              9        0.24774       0.295102      0.0161428
             10       0.225864       0.288178      0.0159443
             11       0.314368       0.290559      0.0146715
             12       0.224124       0.285023      0.0144558
             13       0.276684       0.284381       0.013358
             14       0.266836       0.283128      0.0124625
             15       0.383484       0.289818      0.0133069
             16       0.296612       0.290243       0.012482
             17         0.2803       0.289658      0.0117614
             18        0.30218       0.290354      0.0111286
             19       0.225104        0.28692      0.0110601
             20        0.33662       0.289405      0.0107826
              1       0.273584       0.273584              0
              2         0.3207       0.297142       0.016658
              3       0.273092       0.289125      0.0128908
              4       0.300676       0.292013     0.00998632
              5       0.405904       0.314791      0.0218838
              6       0.254672       0.304771      0.0204019
              7       0.330776       0.308486      0.0178223
              8       0.248616       0.301003      0.0170937
              9       0.248244        0.29514      0.0161684
             10       0.225788       0.288205      0.0159698
             11       0.314792       0.290622      0.0146998
             12       0.224368       0.285101      0.0144746
             13       0.277284         0.2845      0.0133736
             14       0.266156       0.283189      0.0124824
             15       0.383492       0.289876      0.0133214
             16       0.296884       0.290314       0.012496
             17       0.280384        0.28973      0.0117746
             18       0.303032       0.290469      0.0111436
             19       0.224556          0.287       0.011084
             20       0.335588       0.289429      0.0107927
