              1        17.1128        17.1128              0
              2        14.2277        15.6703        1.02004
              3         13.894        15.0782       0.834351
              4        13.9725        14.8018       0.669989
              5        15.9794        15.0373         0.5759
              6        14.4018        14.9314       0.489561
              7        14.7409        14.9042       0.420379
              8        15.0863        14.9269       0.368448
              9        13.9234        14.8154       0.343968
             10        14.7165        14.8055       0.309713
             11        16.2173        14.9339       0.306999
             12         17.671         15.162       0.356211
             13        14.7009        15.1265       0.330571
             14        13.1808        14.9875       0.334901
             15        17.5812        15.1604       0.354412
             16        13.8797        15.0804       0.341181
             17        16.1755        15.1448       0.327137
             18          15.61        15.1707       0.309981
             19         12.926        15.0525       0.315377
             20        15.9181        15.0958       0.302563
              1        16.9829        16.9829              0
              2        14.2235        15.6032       0.975585
              3        13.8595         15.022       0.805124
              4        13.9456        14.7529        0.64725
              5        15.9565        14.9936       0.560779
              6        14.3847        14.8921        0.47641
              7        14.7247        14.8682       0.408951
              8        15.0667         14.893       0.358585
              9        13.9133        14.7842       0.334858
             10        14.7098        14.7767       0.301454
             11        16.2359        14.9094       0.301828
             12        17.6752        15.1399       0.353902
             13        14.6908        15.1053        0.32836
             14        13.1679        14.9669       0.332792
             15        17.6122        15.1433       0.354264
             16        13.8623        15.0632        0.34105
             17        16.1464        15.1269       0.326885
             18        15.5637        15.1512       0.309624
             19        12.9246         15.034       0.314725
             20        15.9326        15.0789       0.302179
