              1      -0.622184      -0.622184              0
              2      -0.626232      -0.624208     0.00143118
              3       -0.62124      -0.623219     0.00125015
              4      -0.622096      -0.622938    0.000968605
              5      -0.623104      -0.622971    0.000775453
              6      -0.624936      -0.623299    0.000712004
              7       -0.62408       -0.62341    0.000618977
              8      -0.625008       -0.62361    0.000572918
              9       -0.62504      -0.623769    0.000530836
             10      -0.624256      -0.623818    0.000479982
             11      -0.624184      -0.623851    0.000437502
             12      -0.623248      -0.623801    0.000403918
             13      -0.625952      -0.623966    0.000405333
             14      -0.622656      -0.623873    0.000387033
             15      -0.620336      -0.623637    0.000427048
             16      -0.623568      -0.623633    0.000400379
             17      -0.622552      -0.623569    0.000381839
             18      -0.620608      -0.623404     0.00039447
             19       -0.62392      -0.623432    0.000374641
             20      -0.620648      -0.623292    0.000380885
              1      -0.622104      -0.622104              0
              2       -0.62564      -0.623872     0.00125016
              3      -0.620552      -0.622765     0.00122927
              4      -0.621488      -0.622446    0.000962536
              5       -0.62244      -0.622445    0.000770029
              6       -0.62468      -0.622817    0.000726236
              7      -0.623168      -0.622867    0.000624213
              8      -0.623984      -0.623007    0.000561574
              9      -0.625384      -0.623271    0.000557836
             10       -0.62356        -0.6233      0.0005028
             11      -0.625624      -0.623511     0.00049951
             12      -0.623112      -0.623478    0.000458991
             13      -0.625536      -0.623636    0.000450158
             14      -0.622152       -0.62353    0.000430308
             15      -0.621088      -0.623367    0.000431326
             16      -0.623776      -0.623393    0.000405123
             17      -0.622504      -0.623341    0.000384652
             18      -0.620624       -0.62319    0.000391776
             19      -0.623856      -0.623225    0.000372722
             20      -0.620784      -0.623103    0.000373532
