              1       0.077288       0.077288              0
              2       0.062844       0.070066     0.00510673
              3       0.065264      0.0684653     0.00364672
              4       0.082508       0.071976      0.0040895
              5       0.093456       0.076272     0.00504657
              6       0.044156      0.0709193     0.00644685
              7       0.045584         0.0673     0.00646247
              8       0.067032      0.0672665     0.00565475
              9       0.057644      0.0661973     0.00512652
             10       0.062064       0.065784      0.0046305
             11       0.050216      0.0643687     0.00442054
             12        0.05554       0.063633     0.00411293
             13        0.06842      0.0640012       0.003813
             14       0.071452      0.0645334     0.00357759
             15       0.085364      0.0659221     0.00359853
             16       0.060508      0.0655837      0.0033895
             17        0.07072      0.0658859     0.00320355
             18       0.068456      0.0660287     0.00302876
             19        0.05318      0.0653524     0.00294387
             20          0.062      0.0651848     0.00280145
              1       0.077192       0.077192              0
              2         0.0636       0.070396      0.0048055
              3       0.064368      0.0683867     0.00359932
              4       0.082092       0.071813     0.00401149
              5       0.092312      0.0759128     0.00487295
              6       0.043828      0.0705653     0.00634976
              7       0.046056       0.067064     0.00633486
              8       0.067392       0.067105     0.00554314
              9       0.057928      0.0660853     0.00502014
             10       0.060772       0.065554     0.00454616
             11        0.05068      0.0642018      0.0043293
             12        0.05636      0.0635483     0.00401754
             13        0.06982      0.0640308     0.00373735
             14       0.070216      0.0644726     0.00349641
             15       0.085828      0.0658963     0.00354133
             16       0.060496      0.0655587     0.00333604
             17       0.070428      0.0658452     0.00315208
             18       0.069772      0.0660633      0.0029845
             19        0.05292      0.0653716     0.00290649
             20       0.061124      0.0651592     0.00276891
