              1       0.326542       0.326542              0
              2        0.32385       0.325196    0.000951949
              3       0.327168       0.325853    0.000831092
              4       0.326601        0.32604     0.00064398
              5       0.325932       0.326018    0.000515547
              6       0.324714       0.325801    0.000473268
              7       0.325283       0.325727    0.000411395
              8       0.324666       0.325594     0.00038076
              9       0.324644       0.325489    0.000352779
             10       0.325166       0.325456    0.000318973
             11       0.325214       0.325434    0.000290735
             12       0.325836       0.325468    0.000268428
             13       0.324036       0.325358    0.000269419
             14       0.326229        0.32542    0.000257263
             15       0.327766       0.325576    0.000283681
             16       0.325624       0.325579    0.000265966
             17       0.326298       0.325622     0.00025366
             18       0.327586       0.325731    0.000261988
             19        0.32539       0.325713    0.000248813
             20       0.327559       0.325805    0.000252922
              1       0.326595       0.326595              0
              2       0.324245        0.32542    0.000831097
              3       0.327623       0.326154    0.000816364
              4       0.327003       0.326366    0.000639282
              5       0.326372       0.326368    0.000511427
              6       0.324884        0.32612    0.000482275
              7       0.325889       0.326087    0.000414507
              8       0.325347       0.325995     0.00037288
              9       0.324415       0.325819    0.000370463
             10       0.325629         0.3258    0.000333905
             11       0.324255        0.32566    0.000331781
             12       0.325926       0.325682    0.000304876
             13       0.324314       0.325577    0.000299039
             14       0.326563       0.325647    0.000285862
             15       0.327268       0.325755    0.000286502
             16       0.325485       0.325738    0.000269092
             17        0.32633       0.325773    0.000255503
             18       0.327575       0.325873    0.000260181
             19       0.325432        0.32585    0.000247521
             20       0.327469       0.325931    0.000248032
