              1        3.03801        3.03801              0
              2        3.15531        3.09666      0.0414726
              3        3.19628        3.12987      0.0387242
              4        3.10486        3.12362      0.0295433
              5         3.0548        3.10985      0.0266481
              6        3.06879        3.10301      0.0230687
              7        3.18492        3.11471      0.0225466
              8        3.12486        3.11598       0.019764
              9        3.15768        3.12061      0.0181029
             10        3.20795        3.12935      0.0182785
             11        3.16588        3.13267      0.0169158
             12        3.27594        3.14461      0.0192639
             13        3.16958        3.14653      0.0178776
             14        3.34382        3.16062      0.0214475
             15        3.23474        3.16556      0.0205791
             16        3.23905        3.17016      0.0197988
             17        2.96974        3.15837      0.0218641
             18         3.2628        3.16417      0.0214053
             19        3.19028        3.16554      0.0203228
             20        2.87761        3.15115      0.0238674
              1        3.04463        3.04463              0
              2        3.16785        3.10624       0.043566
              3        3.18458        3.13236      0.0360302
              4         3.1228        3.12997      0.0271017
              5        3.06143        3.11626      0.0249078
              6         3.0617        3.10717      0.0223549
              7        3.17625        3.11704       0.021228
              8        3.10827        3.11594      0.0186027
              9        3.17006        3.12195      0.0174807
             10        3.20888        3.13065      0.0177628
             11        3.20263        3.13719      0.0173114
             12        3.27036        3.14829      0.0190976
             13        3.14959        3.14839      0.0176288
             14        3.35651        3.16325      0.0217525
             15        3.25199        3.16917      0.0210915
             16        3.24053        3.17363      0.0202393
             17        2.98661        3.16263      0.0218348
             18        3.26592        3.16837      0.0213625
             19        3.20384        3.17023      0.0203195
             20        2.87766         3.1556      0.0239985
