              1          -0.93          -0.93              0
              2      -0.942856      -0.936428     0.00454528
              3      -0.940824      -0.937893     0.00325784
              4      -0.930984      -0.936166     0.00286494
              5      -0.935112      -0.935955     0.00229969
              6      -0.935224      -0.935833     0.00191964
              7      -0.932608      -0.935373      0.0016998
              8      -0.939256      -0.935858      0.0015551
              9      -0.936768      -0.935959     0.00138559
             10      -0.937544      -0.936118     0.00125606
             11      -0.929144      -0.935484       0.001292
             12      -0.940496      -0.935901     0.00125003
             13       -0.93556      -0.935875     0.00115415
             14       -0.93188       -0.93559     0.00110642
             15      -0.939368      -0.935842     0.00106095
             16       -0.94408      -0.936357     0.00111259
             17       -0.93432      -0.936237     0.00105357
             18        -0.9428      -0.936601     0.00105625
             19      -0.941456      -0.936857      0.0010311
             20      -0.937088      -0.936868    0.000979612
              1      -0.932816      -0.932816              0
              2        -0.9428      -0.937808     0.00352988
              3       -0.94048      -0.938699     0.00246306
              4      -0.930704        -0.9367      0.0025315
              5        -0.9352        -0.9364      0.0020429
              6      -0.935144      -0.936191     0.00171311
              7      -0.932528      -0.935667     0.00154622
              8       -0.93932      -0.936124     0.00141875
              9      -0.936896       -0.93621      0.0012637
             10      -0.937544      -0.936343     0.00114435
             11        -0.9292      -0.935694     0.00121063
             12      -0.940512      -0.936095     0.00117444
             13      -0.935656      -0.936062     0.00108459
             14      -0.931912      -0.935765     0.00104683
             15      -0.939384      -0.936006     0.00100446
             16         -0.944      -0.936506     0.00105866
             17      -0.934272      -0.936375     0.00100451
             18      -0.942992      -0.936742     0.00101375
             19      -0.941352      -0.936985       0.000989
             20      -0.937072      -0.936989     0.00093956
