              1       0.773464       0.773464              0
              2       0.666424       0.719944      0.0378444
              3       0.690932       0.710273      0.0264363
              4       0.746116       0.719234      0.0212918
              5       0.645516        0.70449      0.0215415
              6       0.734088       0.709423      0.0185074
              7       0.752132       0.715525      0.0168392
              8        0.63934       0.706001      0.0172178
              9       0.639752        0.69864      0.0168047
             10       0.637884       0.692565      0.0161853
             11        0.85538       0.707366      0.0203879
             12       0.802896       0.715327      0.0201833
             13       0.475688       0.696893      0.0257055
             14       0.666424       0.694717      0.0239613
             15        0.73054       0.697105      0.0224826
             16       0.784884       0.702591      0.0217365
             17       0.684352       0.701518      0.0204843
             18       0.750456       0.704237      0.0195259
             19       0.750428       0.706668       0.018649
             20       0.671956       0.704933      0.0177971
              1       0.771676       0.771676              0
              2       0.666764        0.71922       0.037092
              3       0.690748       0.709729      0.0259137
              4         0.7457       0.718722      0.0209376
              5       0.645412        0.70406      0.0212731
              6         0.7343         0.7091      0.0183149
              7       0.752288        0.71527      0.0167054
              8        0.63984       0.705841      0.0170719
              9       0.639688       0.698491      0.0166825
             10       0.637644       0.692406      0.0160857
             11       0.855064       0.707193      0.0203131
             12       0.803116       0.715187      0.0201318
             13        0.47544       0.696745      0.0256765
             14       0.665932       0.694544      0.0239366
             15       0.730504       0.696941      0.0224606
             16       0.784808       0.702433      0.0217178
             17       0.684112       0.701355       0.020467
             18       0.750392       0.704079      0.0195104
             19       0.750796       0.706538      0.0186378
             20       0.672172        0.70482       0.017785
