              1        37.6648        37.6648              0
              2         49.423        43.5439        4.15716
              3        47.7502         44.946        2.99857
              4        41.4331        44.0678        2.37406
              5        43.2352        43.9013        1.90508
              6        45.0068        44.0855        1.59645
              7        43.4475        43.9944        1.37098
              8        46.0882        44.2561        1.22434
              9        45.3853        44.3816        1.09471
             10        43.7704        44.3205       0.986945
             11        38.9476         43.832        1.01089
             12        46.0501        44.0169       0.943394
             13        43.0607        43.9433       0.873688
             14        42.1829        43.8176        0.82028
             15        47.4867        44.0622       0.801236
             16        51.2015        44.5084       0.866544
             17        41.2473        44.3165       0.836535
             18        49.3673        44.5971       0.835797
             19        49.0219          44.83       0.823613
             20        44.8017        44.8286       0.782434
              1        40.1596        40.1596              0
              2        49.4028        44.7812        3.26797
              3        47.7717         45.778        2.32571
              4        41.4067        44.6852         1.9845
              5        43.2129        44.3908        1.60929
              6        45.0247        44.4964        1.34454
              7        43.4348        44.3448        1.16099
              8        46.1198        44.5666        1.03685
              9        45.3854        44.6576       0.925626
             10        43.7945        44.5713       0.837078
             11        38.9687         44.062        0.90273
             12        46.0768        44.2299       0.842972
             13        43.0548        44.1395        0.78296
             14        42.1518        43.9975       0.739795
             15        47.4859        44.2301       0.726109
             16        51.2229        44.6671       0.801538
             17        41.2622        44.4668       0.779012
             18        49.3686        44.7392       0.781883
             19        48.9909        44.9629        0.77209
             20        44.8086        44.9552       0.733524
