              1       0.388107       0.388107              0
              2       0.318939       0.353523      0.0244546
              3       0.329935        0.34566      0.0175216
              4       0.382846       0.354957      0.0154114
              5       0.360717       0.356109      0.0123721
              6       0.360115       0.356776      0.0103281
              7       0.374152       0.359259     0.00914606
              8       0.338403       0.356652     0.00836609
              9       0.351812       0.356114     0.00745379
             10       0.347634       0.355266     0.00675648
             11       0.392679       0.358667     0.00694575
             12       0.331707        0.35642     0.00672047
             13       0.358309       0.356566     0.00620508
             14       0.378051         0.3581     0.00594862
             15       0.337799       0.356747     0.00570394
             16       0.312304       0.353969     0.00598569
             17        0.36497       0.354616     0.00566847
             18       0.319242       0.352651     0.00568402
             19       0.326517       0.351276     0.00554879
             20       0.350089       0.351216     0.00527167
              1       0.373037       0.373037              0
              2       0.319242        0.34614      0.0190195
              3       0.331794       0.341358      0.0132672
              4       0.384344       0.352104      0.0136245
              5       0.360244       0.353732      0.0109964
              6       0.360545       0.354868     0.00922212
              7       0.374581       0.357684     0.00832356
              8       0.338058       0.355231     0.00763609
              9       0.351123       0.354774     0.00680126
             10       0.347634        0.35406      0.0061585
             11        0.39238       0.357544     0.00650976
             12       0.331621       0.355383     0.00631555
             13       0.357793       0.355569     0.00583246
             14        0.37788       0.357162     0.00562937
             15       0.337712       0.355866     0.00540135
             16       0.312738        0.35317     0.00569679
             17       0.365228        0.35388     0.00540566
             18       0.318202       0.351897     0.00545664
             19        0.32708       0.350591     0.00532349
             20       0.350175        0.35057     0.00505736
