              1       0.430917       0.430917              0
              2       0.435714       0.433316      0.0016961
              3        0.41976       0.428797     0.00385888
              4       0.435765       0.430539     0.00326378
              5       0.421656       0.428763     0.00305652
              6        0.44353       0.431224     0.00339648
              7       0.413419        0.42868     0.00374445
              8       0.443861       0.430578     0.00372632
              9       0.438314       0.431437     0.00340997
             10       0.436275       0.431921      0.0031031
             11       0.438365       0.432507     0.00287576
             12       0.429512       0.432257     0.00264692
             13       0.439816       0.432839     0.00250636
             14        0.42496       0.432276     0.00238968
             15        0.43551       0.432492     0.00224007
             16       0.428515       0.432243     0.00211381
             17       0.430074       0.432116     0.00199331
             18       0.440605       0.432587     0.00193757
             19       0.435179       0.432724     0.00184039
             20       0.431402       0.432658     0.00174955
              1       0.429052       0.429052              0
              2       0.435434       0.432243     0.00225632
              3       0.421298       0.428595     0.00333716
              4        0.43732       0.430776     0.00313579
              5       0.421144        0.42885     0.00304336
              6       0.445182       0.431572     0.00355065
              7       0.412956       0.428912      0.0039146
              8       0.443835       0.430778     0.00384412
              9       0.437295       0.431502     0.00348452
             10       0.435791       0.431931     0.00316235
             11       0.437498       0.432437     0.00291509
             12       0.429103       0.432159     0.00268537
             13        0.43895       0.432681     0.00252911
             14        0.42304       0.431993     0.00244043
             15       0.436657       0.432304     0.00229746
             16       0.427083       0.431978     0.00217691
             17       0.428362       0.431765     0.00205922
             18       0.439994       0.432222     0.00199493
             19       0.435357       0.432387     0.00189674
             20       0.430381       0.432287     0.00180456
