              1       0.486448       0.486448              0
              2       0.419248       0.452848      0.0237588
              3       0.410384       0.438693      0.0196074
              4       0.398948       0.428757      0.0170382
              5       0.384824        0.41997      0.0157339
              6       0.392376       0.415371      0.0137674
              7       0.418484       0.415816      0.0118078
              8         0.4959       0.425826      0.0139438
              9       0.359004       0.418402      0.0142346
             10       0.407876       0.417349        0.01285
             11       0.369836        0.41303      0.0123865
             12       0.394072        0.41145      0.0114546
             13       0.378356       0.408904      0.0108527
             14       0.406852       0.408758      0.0100785
             15       0.399812       0.408161     0.00942423
             16       0.387016        0.40684      0.0089274
             17       0.404896       0.406725     0.00840299
             18       0.448324       0.409036     0.00824783
             19       0.417832       0.409499     0.00782672
             20       0.404756       0.409262     0.00743897
              1       0.488076       0.488076              0
              2         0.4191       0.453588      0.0243867
              3       0.410628       0.439268      0.0200256
              4       0.399676        0.42937      0.0172932
              5       0.383836       0.420263      0.0160543
              6       0.392232       0.415591      0.0140419
              7       0.418744       0.416042      0.0120432
              8       0.495104       0.425924       0.014018
              9       0.358424       0.418424       0.014327
             10       0.408156       0.417398      0.0129311
             11       0.369392       0.413033      0.0124702
             12       0.394964       0.411528      0.0115216
             13       0.377748       0.408929      0.0109244
             14       0.407072       0.408797      0.0101449
             15        0.39962       0.408185       0.009487
             16       0.385896       0.406792     0.00899576
             17        0.40444       0.406653     0.00846766
             18       0.448728       0.408991      0.0083136
             19       0.417532        0.40944     0.00788819
             20       0.405844       0.409261     0.00749583
