              1        19.7386        19.7386              0
              2        20.2538        19.9962       0.182147
              3        21.9964         20.663       0.557744
              4        20.3498        20.5847       0.423766
              5         20.881        20.6439       0.343131
              6        20.4147        20.6057       0.288061
              7        21.1209        20.6793       0.256138
              8         17.841        20.3245       0.400466
              9         20.029        20.2917       0.357314
             10        19.3414        20.1967        0.33398
             11        18.4989        20.0423       0.337401
             12         20.251        20.0597       0.309732
             13         17.634        19.8731       0.337461
             14        19.1683        19.8228        0.31709
             15        20.5016         19.868       0.299162
             16        19.4995         19.845        0.28135
             17        19.0669        19.7992       0.268497
             18        18.7897        19.7431       0.259372
             19        19.0202        19.7051       0.248496
             20        20.6927        19.7545       0.240927
              1        19.6367        19.6367              0
              2        20.2783        19.9575       0.226821
              3        22.0178        20.6443       0.580776
              4        20.3461        20.5697        0.44034
              5        20.8625        20.6283       0.356144
              6        20.3822        20.5873        0.29914
              7        21.1306        20.6649       0.266286
              8        17.8555        20.3137       0.402739
              9        20.0396        20.2833        0.35914
             10        19.3378        20.1887        0.33544
             11        18.5627        20.0409        0.33594
             12        20.2111        20.0551       0.308244
             13        17.6231         19.868       0.336547
             14        19.1758        19.8186       0.316119
             15        20.4775        19.8625       0.298081
             16        19.4613        19.8374       0.280503
             17        19.1104        19.7947       0.267243
             18        18.7827        19.7384       0.258241
             19        19.0497        19.7022       0.247181
             20        20.7281        19.7535       0.240086
