              1      -0.874088      -0.874088              0
              2      -0.872584      -0.873336    0.000531744
              3      -0.877576      -0.874749      0.0012072
              4      -0.872568      -0.874204     0.00102117
              5      -0.876984       -0.87476    0.000956399
              6      -0.870128      -0.873988     0.00106389
              7      -0.879552      -0.874783      0.0011718
              8      -0.870024      -0.874188     0.00116658
              9      -0.871768      -0.873919      0.0010675
             10      -0.872408      -0.873768    0.000971386
             11      -0.871752      -0.873585    0.000900202
             12      -0.874528      -0.873663     0.00082861
             13      -0.871296      -0.873481    0.000784626
             14      -0.875952      -0.873658    0.000748166
             15      -0.872648       -0.87359     0.00070131
             16       -0.87484      -0.873669    0.000661812
             17      -0.874352      -0.873709    0.000624102
             18      -0.871048      -0.873561    0.000606682
             19      -0.872752      -0.873518    0.000576244
             20      -0.873936      -0.873539     0.00054781
              1      -0.874672      -0.874672              0
              2      -0.872672      -0.873672    0.000707107
              3      -0.877096      -0.874813     0.00104434
              4       -0.87208       -0.87413    0.000981682
              5      -0.877144      -0.874733    0.000952608
              6      -0.869608      -0.873879     0.00111272
              7      -0.879696       -0.87471     0.00122541
              8      -0.870032      -0.874125     0.00120368
              9      -0.872088      -0.873899     0.00109101
             10       -0.87256      -0.873765    0.000990085
             11      -0.872024      -0.873607    0.000912637
             12      -0.874656      -0.873694    0.000840764
             13      -0.871568       -0.87353    0.000791835
             14      -0.876552      -0.873746    0.000764122
             15      -0.872288      -0.873649    0.000719339
             16      -0.875288      -0.873751    0.000681634
             17      -0.874888      -0.873818    0.000644808
             18       -0.87124      -0.873675    0.000624693
             19      -0.872696      -0.873624    0.000593936
             20      -0.874256      -0.873655    0.000565081
