              1       0.066504       0.066504              0
              2       0.092448       0.079476     0.00917259
              3       0.093284      0.0840787     0.00717753
              4       0.090612       0.085712     0.00556589
              5        0.08606      0.0857816     0.00445315
              6       0.076632      0.0842567     0.00396346
              7         0.1115      0.0881486     0.00495221
              8       0.097644      0.0893355     0.00447317
              9       0.068676        0.08704     0.00452698
             10       0.070712      0.0854072     0.00435881
             11       0.114388      0.0880418      0.0046917
             12       0.097828      0.0888573     0.00437103
             13         0.0864      0.0886683     0.00403888
             14       0.086888      0.0885411     0.00375239
             15        0.10266      0.0894824     0.00361836
             16       0.078856      0.0888183     0.00345262
             17       0.072304      0.0878468     0.00338343
             18        0.09042      0.0879898     0.00319848
             19       0.070796      0.0870848     0.00315556
             20       0.094244      0.0874428     0.00301802
              1       0.100332       0.100332              0
              2       0.095892       0.098112     0.00156978
              3       0.087044      0.0944227     0.00318894
              4         0.0721       0.088842     0.00539241
              5       0.096284      0.0903304     0.00451467
              6       0.085912       0.089594     0.00382181
              7       0.083872      0.0887766     0.00336212
              8       0.120344      0.0927225     0.00472002
              9       0.065712      0.0897213     0.00506054
             10       0.112112      0.0919604     0.00502548
             11       0.109188      0.0935265     0.00480646
             12        0.08614       0.092911     0.00444516
             13       0.101888      0.0936015     0.00415652
             14       0.087416      0.0931597     0.00388303
             15       0.078396      0.0921755     0.00374683
             16       0.060264       0.090181     0.00400849
             17       0.098736      0.0906842     0.00380416
             18       0.099304      0.0911631     0.00362283
             19       0.099424      0.0915979     0.00345815
             20       0.089952      0.0915156     0.00328622
