              1      -0.685904      -0.685904              0
              2      -0.689184      -0.687544     0.00115966
              3       -0.68924      -0.688109     0.00090042
              4       -0.68484      -0.687292    0.000978303
              5      -0.686672      -0.687168    0.000790462
              6      -0.684384      -0.686704    0.000783149
              7      -0.685816      -0.686577    0.000681468
              8      -0.685888      -0.686491    0.000601704
              9       -0.68516      -0.686343    0.000552724
             10       -0.68236      -0.685945    0.000624695
             11       -0.68712      -0.686052    0.000576968
             12      -0.685728      -0.686025    0.000529518
             13       -0.68604      -0.686026    0.000488787
             14      -0.687824      -0.686154    0.000470446
             15      -0.689936      -0.686406    0.000502114
             16       -0.68304      -0.686196    0.000512923
             17        -0.6828      -0.685996    0.000520199
             18      -0.688384      -0.686129    0.000507931
             19       -0.68844      -0.686251    0.000495548
             20      -0.689648       -0.68642    0.000499039
              1      -0.689672      -0.689672              0
              2       -0.68812      -0.688896    0.000548715
              3          -0.69      -0.689264    0.000473392
              4      -0.686632      -0.688606    0.000671401
              5      -0.682696      -0.687424     0.00118583
              6      -0.688664      -0.687631     0.00100604
              7      -0.687776      -0.687651    0.000862535
              8      -0.685272      -0.687354    0.000804367
              9      -0.685384      -0.687135    0.000744179
             10      -0.684376      -0.686859    0.000719093
             11      -0.685832      -0.686766    0.000659756
             12      -0.685848      -0.686689    0.000609194
             13      -0.684072      -0.686488    0.000594672
             14      -0.688696      -0.686646    0.000572728
             15        -0.6872      -0.686683    0.000535737
             16      -0.683768      -0.686501    0.000532324
             17      -0.687648      -0.686568    0.000505272
             18      -0.686264      -0.686551    0.000477484
             19       -0.68724      -0.686587    0.000453728
             20       -0.68344       -0.68643    0.000457518
