              1       0.373939       0.373939              0
              2       0.370754       0.372347     0.00112607
              3         0.3707       0.371798    0.000874361
              4       0.374969       0.372591    0.000949475
              5       0.373195       0.372712    0.000767233
              6        0.37541       0.373161    0.000759842
              7       0.374025       0.373285    0.000661226
              8       0.373955       0.373369    0.000583855
              9        0.37466       0.373512    0.000536321
             10       0.377364       0.373897    0.000605402
             11        0.37276       0.373794    0.000559116
             12        0.37411        0.37382    0.000513143
             13       0.373808       0.373819    0.000473671
             14       0.372077       0.373695    0.000455893
             15       0.370022        0.37345     0.00048683
             16       0.376708       0.373654    0.000497171
             17        0.37694       0.373847    0.000504103
             18       0.371533       0.373718    0.000492219
             19       0.371478         0.3736    0.000480224
             20       0.370303       0.373436    0.000483693
              1       0.370279       0.370279              0
              2       0.371789       0.371034    0.000533871
              3        0.36996       0.370676    0.000460661
              4       0.373234       0.371316    0.000652708
              5        0.37704        0.37246     0.00114945
              6        0.37126        0.37226    0.000975116
              7       0.372124       0.372241     0.00083601
              8       0.374551        0.37253    0.000779804
              9       0.374443       0.372742    0.000721556
             10       0.375418        0.37301     0.00069725
             11       0.374009       0.373101    0.000639756
             12       0.373994       0.373175    0.000590755
             13       0.375712        0.37337    0.000576639
             14       0.371229       0.373217    0.000555358
             15       0.372683       0.373182    0.000519476
             16       0.376005       0.373358    0.000516118
             17       0.372248       0.373293    0.000489873
             18       0.373591       0.373309    0.000462937
             19       0.372644       0.373274    0.000439895
             20       0.376322       0.373427     0.00044351
