              1        4.62633        4.62633              0
              2        4.47109        4.54871      0.0548857
              3         4.7589        4.61877      0.0679064
              4        4.59648         4.6132       0.051158
              5        4.40535        4.57163       0.055294
              6        4.65581        4.58566      0.0478249
              7        4.37109        4.55501      0.0498574
              8        4.39357        4.53483      0.0475342
              9        4.50215         4.5312       0.042391
             10        4.15992        4.49407      0.0519249
             11        4.78195        4.52024      0.0533939
             12         4.5299        4.52104      0.0489505
             13        4.74286        4.53811      0.0480669
             14        4.50056        4.53543      0.0447083
             15        4.87746        4.55823      0.0471856
             16         4.2262        4.53748      0.0485859
             17        4.32758        4.52513      0.0472707
             18        4.68053        4.53376      0.0454261
             19        4.56517        4.53542      0.0430653
             20        4.59117         4.5382      0.0410021
              1        4.60374        4.60374              0
              2        4.30189        4.45281        0.10672
              3        4.38223        4.42928      0.0736947
              4        4.67946        4.49183       0.077387
              5         4.5164        4.49674      0.0620654
              6        4.55294        4.50611      0.0524232
              7        4.97366         4.5729        0.07644
              8        4.43195        4.55528      0.0688857
              9        4.58333         4.5584      0.0613022
             10        4.68936         4.5715      0.0565536
             11        4.37772        4.55388      0.0540864
             12        4.79712        4.57415      0.0532421
             13        4.24444        4.54879      0.0548556
             14        4.58072        4.55107      0.0509847
             15        4.32839        4.53622         0.0497
             16        4.59427        4.53985       0.046726
             17        4.50038        4.53753       0.044035
             18        4.64014        4.54323       0.041956
             19        4.59042        4.54571      0.0398213
             20        4.38698        4.53778       0.038613
