              1        2.21531        2.21531              0
              2         2.3677        2.29151       0.053877
              3        2.37436        2.31912      0.0424096
              4        2.25719        2.30364       0.034518
              5        2.36362        2.31564      0.0296254
              6        2.26684         2.3075      0.0257798
              7         2.3301        2.31073      0.0222981
              8        2.33821        2.31417      0.0197736
              9         2.2907        2.31156      0.0177475
             10        2.46641        2.32704      0.0217008
             11        2.38068        2.33192      0.0202684
             12         2.3253        2.33137      0.0185869
             13        2.39426        2.33621      0.0177756
             14        2.51544        2.34901      0.0206069
             15        2.38265        2.35125      0.0193548
             16        2.37581        2.35279      0.0182058
             17        2.36283        2.35338      0.0171445
             18        2.40954         2.3565      0.0164735
             19        2.37634        2.35754      0.0156395
             20        2.30521        2.35493      0.0150748
              1        2.20437        2.20437              0
              2        2.38019        2.29228      0.0621597
              3        2.36878        2.31778      0.0463763
              4        2.26214        2.30387       0.036809
              5        2.37198        2.31749      0.0318682
              6        2.27091        2.30973      0.0274864
              7        2.31555        2.31056      0.0235724
              8        2.34191        2.31448       0.020949
              9        2.30431        2.31335      0.0186518
             10          2.475        2.32951      0.0227369
             11        2.40496        2.33637      0.0216798
             12        2.31212        2.33435      0.0199671
             13        2.38811        2.33849      0.0188545
             14        2.52445        2.35177       0.021688
             15        2.40667        2.35543      0.0205487
             16        2.36241        2.35587       0.019269
             17        2.38342        2.35749      0.0182036
             18        2.41893         2.3609      0.0175094
             19         2.3768        2.36174      0.0166078
             20        2.30603        2.35895      0.0160093
