              1       0.281628       0.281628              0
              2        0.28117       0.281399    0.000162154
              3       0.282305       0.281701    0.000269331
              4       0.283075       0.282045    0.000359541
              5       0.282641       0.282164    0.000306807
              6       0.280174       0.281832    0.000396282
              7        0.28076       0.281679    0.000368104
              8       0.281852       0.281701    0.000322723
              9       0.281829       0.281715     0.00028718
             10       0.280041       0.281547    0.000303366
             11       0.282626       0.281646     0.00029121
             12       0.282362       0.281705    0.000272995
             13       0.280585       0.281619    0.000265251
             14       0.281348         0.2816    0.000247011
             15       0.281871       0.281618    0.000231203
             16       0.281874       0.281634    0.000217308
             17       0.281954       0.281653    0.000205339
             18       0.282045       0.281674    0.000195083
             19       0.281132       0.281646    0.000186894
             20       0.283037       0.281715    0.000190058
              1       0.281954       0.281954              0
              2       0.281227        0.28159     0.00025712
              3         0.2822       0.281793    0.000238515
              4        0.28303       0.282102    0.000321955
              5       0.282532       0.282188     0.00026878
              6       0.280273       0.281869    0.000367554
              7         0.2812       0.281774    0.000327238
              8       0.282524       0.281867    0.000299492
              9        0.28139       0.281814    0.000270878
             10       0.280052       0.281638    0.000295607
             11        0.28184       0.281656    0.000269305
             12       0.282203       0.281702    0.000250689
             13       0.280425       0.281604    0.000249909
             14       0.281098       0.281568     0.00023466
             15       0.281541       0.281566    0.000219022
             16        0.28139       0.281555     0.00020561
             17       0.281575       0.281556    0.000193519
             18        0.28226       0.281595    0.000186678
             19       0.281048       0.281566    0.000179058
             20       0.283116       0.281644    0.000186122
