              1      -0.568672      -0.568672              0
              2       -0.56964      -0.569156     0.00034224
              3       -0.56724      -0.568517    0.000569199
              4      -0.565608       -0.56779    0.000760922
              5      -0.566528      -0.567538    0.000649251
              6      -0.571736      -0.568237    0.000837108
              7      -0.570504      -0.568561    0.000777631
              8        -0.5682      -0.568516    0.000681736
              9      -0.568248      -0.568486    0.000606638
             10      -0.572016      -0.568839    0.000640485
             11       -0.56656      -0.568632    0.000614862
             12       -0.56712      -0.568506    0.000576389
             13      -0.570872      -0.568688    0.000560049
             14      -0.569264      -0.568729    0.000521554
             15       -0.56816      -0.568691    0.000488162
             16      -0.568152      -0.568658    0.000458814
             17      -0.567984      -0.568618    0.000433532
             18      -0.567792      -0.568572    0.000411868
             19       -0.56972      -0.568632    0.000394597
             20      -0.565688      -0.568485    0.000401392
              1      -0.567984      -0.567984              0
              2       -0.56952      -0.568752    0.000543058
              3      -0.567464      -0.568323    0.000503941
              4      -0.565704      -0.567668     0.00068139
              5       -0.56676      -0.567486    0.000568797
              6      -0.571528       -0.56816    0.000776394
              7      -0.569576      -0.568362    0.000691331
              8      -0.566776      -0.568164    0.000632712
              9      -0.569176      -0.568276    0.000572315
             10      -0.571992      -0.568648    0.000624147
             11      -0.568224      -0.568609    0.000568595
             12      -0.567456      -0.568513    0.000529274
             13      -0.571208      -0.568721    0.000527591
             14      -0.569792      -0.568797    0.000495425
             15      -0.568856      -0.568801    0.000462413
             16      -0.569176      -0.568825    0.000434105
             17      -0.568784      -0.568822    0.000408576
             18      -0.567336       -0.56874    0.000394131
             19      -0.569896        -0.5688    0.000378058
             20       -0.56552      -0.568636    0.000393128
