              1       0.057392       0.057392              0
              2       0.038608          0.048     0.00664115
              3       0.039328      0.0451093     0.00501725
              4       0.061304       0.049158     0.00514329
              5        0.07072      0.0534704     0.00563983
              6       0.033208      0.0500933     0.00562072
              7       0.032836       0.047628     0.00533108
              8       0.049396       0.047849     0.00466927
              9       0.048852      0.0479604     0.00415179
             10       0.044688      0.0476332     0.00374949
             11        0.03832      0.0467865     0.00350291
             12        0.04268      0.0464443     0.00322767
             13       0.046304      0.0464335     0.00297941
             14        0.03774      0.0458126     0.00283057
             15        0.06978      0.0474104     0.00305979
             16        0.04402      0.0471985     0.00287588
             17       0.049228      0.0473179     0.00270918
             18       0.057984      0.0479104     0.00262268
             19        0.03712      0.0473425     0.00254539
             20       0.049204      0.0474356     0.00241982
              1       0.056896       0.056896              0
              2       0.039504         0.0482       0.006149
              3       0.038148      0.0448493     0.00492841
              4       0.061464       0.049003     0.00515775
              5       0.069172      0.0530368     0.00548113
              6       0.033172       0.049726       0.005477
              7       0.033572      0.0474183     0.00515788
              8       0.049336       0.047658     0.00451871
              9        0.04938      0.0478493     0.00402068
             10       0.044132      0.0474776     0.00363576
             11       0.038324      0.0466455     0.00339913
             12       0.044016      0.0464263     0.00312293
             13       0.047972      0.0465452     0.00288496
             14       0.036316      0.0458146     0.00276987
             15       0.070172      0.0474384     0.00302397
             16       0.043556      0.0471958     0.00284469
             17       0.048492       0.047272     0.00267837
             18       0.058896      0.0479178     0.00260626
             19       0.036232      0.0473027     0.00254063
             20       0.048032      0.0473392     0.00241386
