              1       0.317799       0.317799              0
              2       0.316664       0.317232    0.000401146
              3       0.318605        0.31769    0.000459643
              4       0.318185       0.317813    0.000361024
              5        0.31826       0.317903    0.000299663
              6       0.317533       0.317841    0.000255967
              7       0.317508       0.317794    0.000223776
              8       0.317082       0.317705    0.000212771
              9       0.316584        0.31758    0.000222599
             10       0.317092       0.317531    0.000205629
             11       0.317393       0.317519     0.00018732
             12       0.317578       0.317524    0.000171777
             13       0.316388       0.317436    0.000179411
             14        0.31831       0.317499     0.00017712
             15       0.319604       0.317639     0.00021383
             16       0.317408       0.317625    0.000200954
             17        0.31866       0.317686    0.000198153
             18        0.31943       0.317782    0.000209505
             19       0.317629       0.317774    0.000198635
             20       0.319365       0.317854    0.000204004
              1       0.318215       0.318215              0
              2       0.317046       0.317631    0.000413143
              3       0.319075       0.318112    0.000480049
              4       0.318625        0.31824    0.000376788
              5        0.31859        0.31831    0.000307858
              6       0.317543       0.318183     0.00028185
              7       0.317964       0.318151    0.000243302
              8       0.317889       0.318119    0.000215084
              9       0.316156       0.317901    0.000280732
             10       0.317287       0.317839     0.00025927
             11       0.316599       0.317727    0.000259057
             12        0.31801        0.31775     0.00023854
             13       0.316549       0.317658    0.000237417
             14         0.3186       0.317725    0.000229807
             15       0.319145        0.31782    0.000233175
             16       0.317363       0.317791    0.000220344
             17        0.31849       0.317832    0.000211185
             18       0.319619       0.317932    0.000221567
             19       0.317573       0.317913    0.000210706
             20       0.319205       0.317977    0.000209846
