              1         2.9438         2.9438              0
              2        2.95487        2.94934     0.00391535
              3        2.99526        2.96465       0.012769
              4        2.95382        2.96194     0.00985957
              5        2.92742        2.95504      0.0100169
              6        2.85601        2.93853      0.0172239
              7        2.98226        2.94478      0.0158559
              8        2.94447        2.94474       0.013874
              9        2.95292        2.94565      0.0123622
             10        3.07687        2.95877      0.0166963
             11        2.96734        2.95955      0.0151967
             12        3.09103        2.97051      0.0174386
             13        3.06999        2.97816      0.0176967
             14        3.14964        2.99041      0.0202322
             15        3.01443        2.99201      0.0189467
             16        3.12277        3.00018      0.0194454
             17        2.87149        2.99261      0.0197201
             18        3.06092        2.99641      0.0189861
             19        2.95589        2.99427      0.0181063
             20        2.77272         2.9832      0.0203089
              1        2.94401        2.94401              0
              2        2.96375        2.95388     0.00698015
              3        2.98534        2.96437     0.00974651
              4        2.96802        2.96528     0.00735264
              5        2.93345        2.95891      0.0081864
              6        2.85478        2.94156      0.0172494
              7        2.97319        2.94608      0.0153657
              8        2.93099        2.94419      0.0135602
              9        2.96974        2.94703       0.012347
             10        3.08155        2.96048      0.0169216
             11        3.00402        2.96444      0.0158394
             12        3.08483        2.97447      0.0174091
             13        3.05607        2.98075      0.0171641
             14        3.16539        2.99394      0.0203848
             15        3.03061        2.99638      0.0191718
             16        3.12036        3.00413      0.0194766
             17        2.88727        2.99726      0.0195063
             18        3.06032        3.00076      0.0187346
             19         2.9607        2.99865      0.0178668
             20        2.77689        2.98756       0.020122
