              1       0.076036       0.076036              0
              2       0.050864        0.06345     0.00889965
              3       0.058056       0.061652     0.00611202
              4       0.074212       0.064792     0.00532991
              5        0.08628      0.0690896     0.00574078
              6       0.041332      0.0644633     0.00638136
              7        0.04242      0.0613143     0.00619822
              8       0.060844      0.0612555     0.00542372
              9       0.061368       0.061268      0.0048211
             10        0.05602      0.0607432     0.00436746
             11       0.050372      0.0598004     0.00407091
             12       0.052132      0.0591613     0.00378149
             13        0.06136      0.0593305     0.00349439
             14        0.06552      0.0597726     0.00327264
             15       0.086616      0.0615621     0.00350981
             16       0.055548      0.0611862     0.00331051
             17       0.067564      0.0615614     0.00313696
             18       0.063436      0.0616656     0.00296442
             19       0.048636      0.0609798     0.00288662
             20       0.057924       0.060827     0.00274633
              1       0.075676       0.075676              0
              2       0.051596       0.063636     0.00851357
              3       0.056908      0.0613933     0.00596378
              4       0.073996       0.064544      0.0052394
              5        0.08526      0.0686872     0.00559479
              6        0.04134      0.0641293     0.00624893
              7       0.042952       0.061104     0.00604436
              8       0.061188      0.0611145     0.00528882
              9       0.061624      0.0611711     0.00470148
             10       0.054744      0.0605284     0.00427503
             11        0.05076      0.0596404     0.00397756
             12       0.052696      0.0590617     0.00368795
             13       0.062648      0.0593375     0.00341457
             14         0.0641      0.0596777     0.00318757
             15       0.087076      0.0615043     0.00345903
             16       0.055452       0.061126     0.00326346
             17       0.067144        0.06148     0.00309063
             18       0.064532      0.0616496     0.00292358
             19       0.048444      0.0609545     0.00285112
             20       0.057184       0.060766     0.00271479
