              1      -0.614096      -0.614096              0
              2      -0.615904         -0.615    0.000639225
              3      -0.612808      -0.614269    0.000733157
              4       -0.61348      -0.614072    0.000575812
              5       -0.61336       -0.61393    0.000477934
              6       -0.61452      -0.614028    0.000408282
              7       -0.61456      -0.614104    0.000356959
              8       -0.61524      -0.614246    0.000339411
              9      -0.616032      -0.614444    0.000355002
             10      -0.615224      -0.614522    0.000327949
             11      -0.614744      -0.614543    0.000298754
             12      -0.614448      -0.614535    0.000273962
             13      -0.616344      -0.614674    0.000286065
             14       -0.61328      -0.614574    0.000282426
             15      -0.611208       -0.61435    0.000341306
             16       -0.61472      -0.614373    0.000320758
             17       -0.61272      -0.614276    0.000316284
             18      -0.611488      -0.614121     0.00033449
             19      -0.614368      -0.614134    0.000317138
             20      -0.611592      -0.614007    0.000325754
              1      -0.613432      -0.613432              0
              2      -0.615296      -0.614364    0.000659024
              3      -0.612056      -0.613595    0.000766557
              4      -0.612776       -0.61339     0.00060162
              5      -0.612832      -0.613278    0.000491538
              6      -0.614504      -0.613483    0.000450061
              7      -0.613832      -0.613533    0.000388524
              8      -0.613952      -0.613585    0.000343478
              9      -0.616712      -0.613932    0.000447796
             10      -0.614912       -0.61403    0.000413591
             11      -0.616008       -0.61421    0.000413223
             12       -0.61376      -0.614173    0.000380487
             13      -0.616088       -0.61432    0.000378671
             14      -0.612816      -0.614213    0.000366545
             15      -0.611944      -0.614061    0.000372003
             16      -0.614792      -0.614107    0.000351545
             17      -0.612992      -0.614041    0.000336929
             18      -0.611184      -0.613883    0.000353635
             19      -0.614456      -0.613913    0.000336308
             20      -0.611848       -0.61381    0.000334965
