              1       0.030808       0.030808              0
              2       0.030916       0.030862    3.81838e-05
              3       0.027956      0.0298933    0.000791323
              4       0.025532       0.028803     0.00111528
              5       0.019244      0.0268912     0.00192874
              6       0.024796       0.026542     0.00163859
              7       0.037372      0.0280891     0.00200608
              8       0.028496        0.02814     0.00175596
              9       0.025492      0.0278458     0.00158531
             10       0.023148       0.027376     0.00149477
             11        0.03402        0.02798     0.00147587
             12       0.027088      0.0279057     0.00135475
             13       0.037888      0.0286735     0.00145194
             14       0.030064      0.0287729     0.00135162
             15        0.03288      0.0290467     0.00128895
             16       0.023884       0.028724     0.00124812
             17       0.029124      0.0287475     0.00117493
             18        0.02816      0.0287149     0.00111011
             19       0.029092      0.0287347     0.00105186
             20       0.025844      0.0285902     0.00100915
              1       0.026704       0.026704              0
              2       0.023132       0.024918     0.00126289
              3        0.02064       0.023492     0.00143683
              4       0.021488       0.022991     0.00116169
              5       0.038756       0.026144     0.00296931
              6       0.028712       0.026572     0.00250508
              7       0.026684       0.026588     0.00214727
              8       0.039624      0.0282175     0.00241939
              9        0.04624        0.03022     0.00286172
             10       0.031692      0.0303672     0.00257933
             11       0.031908      0.0305073     0.00234864
             12       0.031976      0.0306297     0.00215611
             13       0.030804      0.0306431      0.0019903
             14       0.025836      0.0302997     0.00187752
             15       0.024308      0.0299003     0.00179434
             16       0.030596      0.0299438     0.00168272
             17       0.027668      0.0298099     0.00158905
             18       0.026716       0.029638     0.00151004
             19       0.042444       0.030312     0.00157381
             20       0.033348      0.0304638     0.00150242
