              1       0.211087       0.211087              0
              2       0.210565       0.210826    0.000184781
              3       0.210778        0.21081    0.000123884
              4       0.211235       0.210916    0.000130692
              5       0.210772       0.210887    0.000107706
              6       0.211308       0.210957     0.00011025
              7       0.210626        0.21091    0.000104168
              8       0.210516       0.210861    0.000102119
              9        0.21055       0.210826    9.64356e-05
             10       0.210569       0.210801    9.01584e-05
             11       0.211022       0.210821     8.4184e-05
             12       0.210942       0.210831    7.77755e-05
             13       0.210474       0.210803    7.64844e-05
             14       0.210286       0.210766    7.94576e-05
             15       0.210732       0.210764    7.41945e-05
             16       0.211197       0.210791     7.4322e-05
             17       0.210925       0.210799    7.03685e-05
             18       0.211541        0.21084    7.75954e-05
             19       0.210339       0.210814    7.78731e-05
             20       0.210387       0.210793    7.68446e-05
              1       0.211205       0.211205              0
              2       0.210963       0.211084    8.55099e-05
              3       0.210984       0.211051    6.31563e-05
              4       0.211018       0.211043    4.79002e-05
              5       0.211203       0.211075    4.78667e-05
              6       0.211037       0.211069    4.03018e-05
              7        0.21047       0.210983    8.63956e-05
              8       0.211243       0.211015    8.14814e-05
              9       0.211151        0.21103    7.37972e-05
             10       0.211507       0.211078    8.03629e-05
             11       0.210161       0.210995     0.00010798
             12       0.210065       0.210917    0.000123672
             13       0.211247       0.210943    0.000116733
             14       0.210991       0.210946    0.000108445
             15        0.21184       0.211006    0.000116449
             16       0.210578       0.210979    0.000112205
             17       0.210923       0.210976    0.000105652
             18       0.211123       0.210984      0.0001001
             19       0.210751       0.210972    9.55823e-05
             20       0.211583       0.211002    9.55638e-05
