              1        1.45691        1.45691              0
              2        1.46246        1.45969     0.00196361
              3        1.55434        1.49124      0.0257941
              4        1.47672        1.48761      0.0195993
              5        1.51935        1.49395      0.0166758
              6        1.44967        1.48657      0.0154437
              7        1.42894        1.47834      0.0152751
              8        1.46799        1.47705      0.0134204
              9        1.42266          1.471      0.0132202
             10        1.47105        1.47101      0.0118982
             11        1.46829        1.47076      0.0108191
             12        1.47182        1.47085     0.00991785
             13        1.52752        1.47521      0.0100675
             14        1.52067        1.47846     0.00985827
             15        1.45345        1.47679     0.00934099
             16        1.49442        1.47789     0.00882195
             17        1.50507        1.47949     0.00844667
             18        1.50939        1.48115     0.00813913
             19        1.48775         1.4815     0.00771816
             20         1.4837        1.48161     0.00733304
              1        1.50383        1.50383              0
              2        1.47135        1.48759       0.011484
              3        1.50379        1.49299      0.0088347
              4        1.48891        1.49197     0.00668459
              5        1.47057        1.48769     0.00657665
              6        1.47398        1.48541     0.00586433
              7        1.52005        1.49035     0.00680122
              8        1.49182        1.49054     0.00595352
              9          1.459        1.48703     0.00623842
             10        1.47632        1.48596     0.00570579
             11        1.44056        1.48183     0.00651094
             12        1.54686        1.48725     0.00790787
             13        1.47124        1.48602     0.00739487
             14        1.44957        1.48342     0.00731076
             15        1.51607        1.48559     0.00714013
             16        1.45445        1.48365     0.00695407
             17        1.43034        1.48051     0.00721754
             18        1.54536        1.48412     0.00766316
             19        1.51855        1.48593     0.00747108
             20        1.50039        1.48665     0.00713246
