              1      -0.479512      -0.479512              0
              2      -0.481496      -0.480504     0.00070145
              3      -0.480688      -0.480565    0.000470307
              4      -0.478952      -0.480162    0.000496414
              5      -0.480712      -0.480272    0.000409137
              6      -0.478672      -0.480005    0.000418933
              7      -0.481264      -0.480185    0.000395796
              8       -0.48168      -0.480372     0.00038793
              9      -0.481552      -0.480503    0.000366314
             10       -0.48148      -0.480601    0.000342461
             11       -0.47976      -0.480524    0.000319744
             12      -0.480064      -0.480486    0.000295391
             13       -0.48184       -0.48059    0.000290451
             14      -0.482552       -0.48073    0.000301621
             15      -0.480864      -0.480739    0.000281644
             16      -0.479096      -0.480637    0.000282145
             17      -0.480128      -0.480607    0.000267129
             18      -0.477784       -0.48045    0.000294742
             19      -0.482352       -0.48055    0.000295745
             20      -0.482168      -0.480631    0.000291814
              1      -0.479064      -0.479064              0
              2      -0.479984      -0.479524    0.000325269
              3      -0.479904      -0.479651    0.000240247
              4      -0.479776      -0.479682    0.000182217
              5      -0.479072       -0.47956    0.000182091
              6      -0.479704      -0.479584    0.000153316
              7      -0.481856      -0.479909    0.000327974
              8       -0.47892      -0.479785    0.000309381
              9      -0.479272      -0.479728    0.000280207
             10      -0.477912      -0.479546    0.000305416
             11      -0.483024      -0.479863    0.000409819
             12      -0.483384      -0.480156    0.000469111
             13      -0.478904       -0.48006    0.000442801
             14       -0.47988      -0.480047    0.000411359
             15       -0.47664       -0.47982    0.000442213
             16      -0.481448      -0.479922    0.000426123
             17      -0.480136      -0.479934    0.000401244
             18      -0.479376      -0.479903    0.000380149
             19      -0.480792       -0.47995    0.000363008
             20      -0.477624      -0.479834    0.000363009
