              1       -5.47682       -5.47682              0
              2        -5.4739       -5.47536     0.00103212
              3       -5.44409       -5.46494     0.00853854
              4       -5.47831       -5.46828      0.0070277
              5       -5.47617       -5.46986     0.00579642
              6       -5.46513       -5.46907     0.00488361
              7       -5.49034       -5.47211     0.00504344
              8       -5.50329       -5.47601     0.00572429
              9       -5.46639       -5.47494     0.00518709
             10        -5.4615       -5.47359     0.00483925
