              1        1.32034        1.32034              0
              2        1.29253        1.30644     0.00983263
              3        1.48429        1.36572      0.0488482
              4        1.31576        1.35323         0.0382
              5        1.33938        1.35046      0.0306603
              6          1.378        1.35505      0.0258916
              7        1.26319        1.34193      0.0253012
              8        1.19305        1.32332      0.0281631
              9         1.3637         1.3278      0.0253888
             10        1.41636        1.33666      0.0243454
