              1       0.908889    0.000908889       0.908888
              2       0.913421    0.000911155       0.644285
              3       0.908796    0.000910369       0.525603
              4       0.909216    0.000910081       0.455041
              5       0.909279     0.00090992       0.406929
              6       0.908865    0.000909744       0.371402
              7       0.910957    0.000909918       0.343917
              8       0.911142    0.000910071       0.321759
              9       0.909421    0.000909998       0.303333
             10       0.909913     0.00090999       0.287764
