block, sum_prog, err_prog
1, 4.68343e-310, 0
2, 0.9134, 1.41341
3, 0.242251, 0.517252
4, 0.099369, 0.265464
5, 0.0508958, 0.166076
6, 0.0301777, 0.11912
7, 0.0196804, 0.0923043
8, 0.0137652, 0.0754462
9, 0.010123, 0.0637469
10, 0.00773661, 0.0551344
11, 0.00611426, 0.0487762
12, 0.00496276, 0.0438612
13, 0.00410487, 0.0398061
14, 0.00347101, 0.0366439
15, 0.00296367, 0.0338304
16, 0.00256601, 0.031489
17, 0.00224895, 0.0295074
18, 0.00199933, 0.0278654
19, 0.00178066, 0.026312
20, 0.00159478, 0.0249025
21, 0.00143414, 0.0235854
22, 0.00129631, 0.0223809
23, 0.00117759, 0.0212914
24, 0.00107465, 0.0202704
25, 0.000984659, 0.0193622
26, 0.000905609, 0.0185311
27, 0.000836181, 0.0177916
28, 0.000774178, 0.0170915
29, 0.000718972, 0.016452
30, 0.000669423, 0.0158468
31, 0.000624897, 0.0152915
32, 0.000584818, 0.014756
33, 0.000548721, 0.0142873
34, 0.000517543, 0.0138763
35, 0.00048844, 0.0134811
36, 0.000461901, 0.0131101
37, 0.000436735, 0.0127452
38, 0.000414017, 0.0124091
39, 0.000393669, 0.0120999
40, 0.000373867, 0.0117891
41, 0.00035532, 0.0114764
42, 0.000338515, 0.0112009
43, 0.00032265, 0.0109322
44, 0.000307785, 0.0106719
45, 0.000293898, 0.0104179
46, 0.000280983, 0.0101719
47, 0.000268876, 0.00993913
48, 0.000257792, 0.00970817
49, 0.000247417, 0.00951012
50, 0.000237545, 0.00931712
51, 0.00022818, 0.00912913
52, 0.000219431, 0.00895117
53, 0.000211157, 0.0087794
54, 0.000203253, 0.00860791
55, 0.000195824, 0.00844687
56, 0.000188812, 0.00828395
57, 0.000182125, 0.00813056
58, 0.000175826, 0.00798704
59, 0.00016981, 0.00784518
60, 0.000164112, 0.00771021
61, 0.000158824, 0.00758457
62, 0.000153697, 0.00746004
63, 0.000148993, 0.0073285
64, 0.000144309, 0.00720711
65, 0.000139863, 0.0070885
66, 0.000135665, 0.00698078
67, 0.000131589, 0.00687269
68, 0.000127923, 0.00676002
69, 0.00012419, 0.00665792
70, 0.000120749, 0.0065646
71, 0.000118125, 0.00648296
72, 0.000115054, 0.00639679
73, 0.000112188, 0.00631426
74, 0.000109372, 0.00623294
75, 0.000106454, 0.00614481
76, 0.000103684, 0.00606405
77, 0.000101145, 0.00598833
78, 9.8536e-05, 0.0059088
79, 9.60616e-05, 0.00582874
80, 9.3762e-05, 0.00575796
81, 9.14398e-05, 0.00568524
82, 8.92124e-05, 0.00561191
83, 8.70745e-05, 0.00554387
84, 8.51603e-05, 0.0054811
85, 8.31554e-05, 0.00541549
86, 8.12162e-05, 0.00535102
87, 7.93527e-05, 0.00528878
88, 7.76615e-05, 0.00522258
89, 7.59365e-05, 0.00515999
90, 7.43544e-05, 0.00510499
91, 7.27321e-05, 0.00504875
92, 7.11484e-05, 0.0049914
93, 6.96875e-05, 0.00493935
94, 6.825e-05, 0.00488786
95, 6.68147e-05, 0.0048358
96, 6.55404e-05, 0.00478803
97, 6.42058e-05, 0.00473886
98, 6.29581e-05, 0.00469203
99, 6.17024e-05, 0.00464484
100, 6.04644e-05, 0.00459703
