              1        15.1162        15.1162              0
              2        12.8841        14.0001       0.789196
              3        12.3788        13.4597       0.686693
              4        12.1533        13.1331       0.587578
              5        14.8792        13.4823       0.564382
              6        13.4744         13.481        0.47032
              7        13.5472        13.4904       0.403227
              8        12.8457        13.4099       0.360787
              9        12.7229        13.3335       0.328675
             10        13.4205        13.3422       0.295923
             11        14.6479        13.4609       0.291856
             12        13.7866        13.4881       0.268793
             13        12.0091        13.3743       0.271124
             14        12.5664        13.3166       0.257826
             15        13.7371        13.3446       0.242157
             16        14.0578        13.3892       0.231088
             17        12.0253         13.309       0.231003
             18        13.9915        13.3469        0.22126
             19        11.4452        13.2468       0.231146
             20        13.3845        13.2537       0.219691
              1        14.9863        14.9863              0
              2        12.8917         13.939       0.740561
              3        12.3533        13.4104        0.65574
              4        12.1359        13.0918       0.563929
              5        14.8827          13.45       0.553326
              6        13.4509        13.4501       0.461105
              7        13.5352        13.4623       0.395393
              8        12.8249        13.3826       0.353905
              9        12.7037        13.3072       0.322522
             10        13.3919        13.3156       0.290381
             11        14.6774        13.4394       0.289169
             12        13.8053        13.4699       0.266674
             13        12.0199        13.3584       0.268475
             14        12.5637        13.3016       0.255228
             15        13.7717         13.333       0.240129
             16        14.0443        13.3774       0.229199
             17        12.0422        13.2989       0.228778
             18        13.9453        13.3348       0.218869
             19        11.4491        13.2355       0.228747
             20        13.3806        13.2428       0.217425
