              1       0.304764       0.304764              0
              2       0.268728       0.286746      0.0127406
              3       0.240424       0.271305      0.0152015
              4       0.259276       0.268298      0.0116948
              5       0.385732       0.291785      0.0229964
              6       0.208908       0.277972        0.02294
              7       0.262408       0.275749      0.0197703
              8       0.177792       0.263504      0.0207471
              9        0.22664       0.259408      0.0188419
             10       0.211676       0.254635      0.0175519
             11       0.321208       0.260687      0.0169676
             12       0.226152       0.257809      0.0157958
             13       0.241144       0.256527      0.0146327
             14       0.242144         0.2555      0.0136235
             15       0.333068       0.260671      0.0136615
             16       0.286108       0.262261      0.0128999
             17        0.21392       0.259417      0.0124505
             18         0.2465         0.2587      0.0117795
             19       0.201632       0.255696      0.0115361
             20       0.298392       0.257831       0.011155
              1        0.30354        0.30354              0
              2       0.269344       0.286442      0.0120901
              3       0.240164       0.271016      0.0149535
              4       0.258676       0.267931      0.0115289
              5       0.385528        0.29145      0.0229695
              6       0.209088       0.277723      0.0228782
              7       0.263448       0.275684      0.0197006
              8       0.178048       0.263479      0.0206756
              9       0.226716       0.259395      0.0187775
             10       0.211472       0.254602      0.0175006
             11       0.321368       0.260672      0.0169295
             12         0.2261       0.257791      0.0157619
             13       0.241768       0.256558      0.0145976
             14        0.24158       0.255489       0.013594
             15       0.333012       0.260657      0.0136349
             16        0.28708       0.262308      0.0128823
             17       0.213828       0.259456      0.0124362
             18       0.247452        0.25879      0.0117631
             19        0.20126       0.255762      0.0115271
             20       0.297508       0.257849      0.0111382
