              1       0.440862       0.440862              0
              2       0.438031       0.439446     0.00100108
              3       0.447537       0.442143     0.00230097
              4       0.437041       0.440868     0.00204906
              5       0.441366       0.440967     0.00164167
              6       0.439466       0.440717     0.00138699
              7       0.433873       0.439739     0.00149423
              8       0.442509       0.440086     0.00134695
              9       0.440048       0.440081     0.00119729
             10        0.43904       0.439977     0.00108209
             11       0.430487       0.439114     0.00128235
             12       0.438166       0.439035     0.00117792
             13       0.446436       0.439605     0.00121712
             14       0.440125       0.439642     0.00113075
             15       0.448966       0.440263     0.00121427
             16       0.442954       0.440432     0.00114996
             17       0.447402       0.440842      0.0011531
             18       0.429317       0.440201     0.00125424
             19       0.447074       0.440563     0.00123929
             20       0.437409       0.440405     0.00118731
              1        0.44092        0.44092              0
              2       0.438438       0.439679    0.000877562
              3       0.447421        0.44226     0.00218685
              4       0.438438       0.441304     0.00183704
              5       0.440881        0.44122     0.00147158
              6        0.43935       0.440908     0.00125889
              7       0.434962       0.440059     0.00133523
              8       0.444502       0.440614     0.00127865
              9       0.440998       0.440657     0.00113729
             10       0.439117       0.440503     0.00103393
             11       0.430175       0.439564     0.00129803
             12       0.438108       0.439443     0.00119552
             13       0.445276       0.439891     0.00118477
             14       0.441017       0.439972     0.00110287
             15       0.448464       0.440538     0.00116564
             16        0.44369       0.440735     0.00110931
             17       0.446494       0.441074     0.00109456
             18       0.428304       0.440364     0.00124257
             19       0.446687       0.440697     0.00122093
             20       0.437565        0.44054     0.00116988
