              1       -0.83444       -0.83444              0
              2      -0.835608      -0.835024     0.00041295
              3       -0.83168      -0.833909    0.000950848
              4      -0.836016      -0.834436     0.00084652
              5      -0.834232      -0.834395    0.000678198
              6      -0.835016      -0.834499    0.000573004
              7       -0.83732      -0.834902    0.000616818
              8       -0.83376      -0.834759    0.000555981
              9      -0.834776      -0.834761    0.000494209
             10      -0.835192      -0.834804    0.000446664
             11      -0.838712      -0.835159    0.000528798
             12      -0.835552      -0.835192    0.000485743
             13      -0.832136      -0.834957    0.000502049
             14      -0.834744      -0.834942    0.000466419
             15      -0.831088      -0.834685    0.000501111
             16      -0.833576      -0.834615    0.000474559
             17      -0.831736      -0.834446    0.000475913
             18      -0.839192       -0.83471    0.000517379
             19      -0.831872       -0.83456    0.000511252
             20      -0.835864      -0.834626    0.000489827
              1      -0.834416      -0.834416              0
              2       -0.83544      -0.834928    0.000362039
              3      -0.831728      -0.833861    0.000903755
              4       -0.83544      -0.834256    0.000759115
              5      -0.834432      -0.834291    0.000608108
              6      -0.835064       -0.83442    0.000520218
              7      -0.836872       -0.83477    0.000551361
              8      -0.832936      -0.834541    0.000527968
              9      -0.834384      -0.834524    0.000469593
             10       -0.83516      -0.834587    0.000426925
             11       -0.83884      -0.834974    0.000535273
             12      -0.835576      -0.835024    0.000493013
             13      -0.832616      -0.834839    0.000488649
             14      -0.834376      -0.834806    0.000454862
             15      -0.831296      -0.834572    0.000480967
             16      -0.833272      -0.834491    0.000457715
             17      -0.832112      -0.834351    0.000451669
             18      -0.839608      -0.834643    0.000512384
             19      -0.832032      -0.834505    0.000503503
             20        -0.8358       -0.83457    0.000482472
