              1        10.2448        10.2448              0
              2        11.1865        10.7156       0.332947
              3        9.82251        10.4179       0.329175
              4        11.0805        10.5836       0.285529
              5        10.2684        10.5205       0.235277
              6        11.0527        10.6092       0.212122
              7        10.2354        10.5558       0.188423
              8        11.3296        10.6525       0.188064
              9        10.4097        10.6256       0.169093
             10        12.2468        10.7877       0.216367
             11        10.6062        10.7712       0.197326
             12        10.6332        10.7597       0.181217
             13        10.6995         10.755       0.167336
             14        10.4927        10.7363        0.15643
             15        10.8621        10.7447       0.146226
             16        10.3108        10.7176       0.139578
             17        9.94089        10.6719       0.138644
             18        11.8862        10.7394       0.146438
             19         11.634        10.7864       0.146105
             20        9.79756         10.737       0.146928
              1        10.2981        10.2981              0
              2        11.1915        10.7448       0.315875
              3         9.8376        10.4424       0.324514
              4        11.0792        10.6016       0.279724
              5        10.2603        10.5333       0.231957
              6         11.037        10.6173       0.207934
              7        10.2319        10.5622       0.185373
              8         11.333        10.6586       0.185554
              9        10.3924         10.629       0.167277
             10         12.251        10.7912       0.215275
             11        10.6016         10.774       0.196393
             12        10.6337        10.7623       0.180375
             13        10.6962        10.7572       0.166571
             14         10.497        10.7386       0.155707
             15        10.8782        10.7479       0.145604
             16        10.3042        10.7202        0.13912
             17        9.93152        10.6738       0.138455
             18        11.8852        10.7411       0.146209
             19        11.6138         10.787       0.145549
             20        9.79266        10.7373       0.146518
