              1         -0.806         -0.806              0
              2      -0.807744      -0.806872    0.000616597
              3      -0.809968      -0.807904    0.000937545
              4      -0.808352      -0.808016    0.000709817
              5       -0.80844      -0.808101    0.000572897
              6      -0.812144      -0.808775    0.000778677
              7      -0.804936      -0.808226     0.00083859
              8      -0.807464      -0.808131     0.00073916
              9      -0.806248      -0.807922    0.000686003
             10      -0.817008       -0.80883     0.00106029
             11      -0.810248      -0.808959    0.000971703
             12      -0.813544      -0.809341    0.000962913
             13      -0.809104      -0.809323    0.000889016
             14      -0.814256      -0.809675    0.000892613
             15      -0.808976      -0.809629    0.000834323
             16       -0.80912      -0.809597    0.000782783
             17      -0.803208      -0.809221     0.00082202
             18      -0.810688      -0.809303    0.000780381
             19      -0.811456      -0.809416    0.000747493
             20       -0.80632      -0.809261     0.00072597
              1      -0.808864      -0.808864              0
              2      -0.807792      -0.808328    0.000379009
              3          -0.81      -0.808885    0.000520503
              4      -0.808176      -0.808708      0.0004195
              5      -0.808416       -0.80865     0.00033964
              6      -0.812008      -0.809209    0.000584117
              7      -0.805056      -0.808616    0.000743253
              8      -0.807784      -0.808512    0.000657582
              9       -0.80576      -0.808206    0.000651745
             10      -0.817248       -0.80911     0.00103916
             11      -0.810208       -0.80921    0.000949467
             12      -0.813416      -0.809561    0.000932793
             13      -0.808688      -0.809494    0.000863452
             14      -0.814352      -0.809841    0.000868721
             15      -0.809168      -0.809796    0.000811962
             16         -0.809      -0.809746    0.000762736
             17      -0.803192       -0.80936    0.000809461
             18       -0.81064      -0.809432    0.000767605
             19      -0.811536      -0.809542    0.000735153
             20       -0.80648      -0.809389    0.000714162
