              1       0.442323       0.442323              0
              2        0.43877       0.440546     0.00125619
              3       0.434228        0.43844     0.00191278
              4       0.437529       0.438213     0.00144808
              5        0.43735        0.43804      0.0011687
              6       0.429772       0.436662     0.00159092
              7       0.444487        0.43778      0.0017119
              8       0.439341       0.437975     0.00150899
              9       0.441818       0.438402     0.00140045
             10       0.419768       0.436538     0.00217112
             11       0.433655       0.436276      0.0019895
             12       0.426898       0.435495     0.00197124
             13       0.435994       0.435533     0.00181998
             14       0.425435       0.434812     0.00182733
             15       0.436255       0.434908     0.00170804
             16       0.435961       0.434974     0.00160255
             17       0.447995        0.43574      0.0016814
             18       0.432755       0.435574     0.00159614
             19       0.431182       0.435343     0.00152878
             20       0.441672       0.435659     0.00148473
              1       0.436484       0.436484              0
              2       0.438672       0.437578    0.000773548
              3       0.434162       0.436439     0.00106309
              4       0.437889       0.436802    0.000856824
              5       0.437399       0.436921     0.00069373
              6       0.430051       0.435776     0.00119454
              7       0.444243       0.436986     0.00151736
              8       0.438688       0.437198     0.00134254
              9       0.442811       0.437822     0.00133035
             10       0.419272       0.435967     0.00212847
             11       0.433737       0.435764      0.0019446
             12       0.427161       0.435047     0.00191014
             13       0.436843       0.435186      0.0017682
             14       0.425238       0.434475     0.00177895
             15       0.435863       0.434568     0.00166276
             16       0.436206        0.43467     0.00156199
             17       0.448028       0.435456     0.00165598
             18       0.432853       0.435311     0.00157028
             19       0.431018       0.435085     0.00150381
             20       0.441346       0.435398     0.00146083
