              1       0.254032       0.254032              0
              2       0.186424       0.220228       0.023903
              3       0.205344       0.215267      0.0164422
              4        0.20082       0.211655      0.0127221
              5       0.196476       0.208619      0.0105337
              6       0.156012       0.199851      0.0118793
              7       0.251412       0.207217      0.0122549
              8       0.208776       0.207412      0.0107246
              9       0.182068       0.204596     0.00989576
             10       0.205048       0.204641     0.00890629
             11       0.219024       0.205949     0.00819204
             12       0.237928       0.208614       0.007931
             13       0.185908       0.206867     0.00751078
             14       0.205012       0.206735     0.00697547
             15       0.202268       0.206437     0.00651679
             16        0.26984         0.2104     0.00721439
             17       0.210268       0.210392     0.00679002
             18       0.222748       0.211078      0.0064474
             19       0.252948       0.213282     0.00647372
             20       0.124488       0.208842     0.00751986
              1       0.153896       0.153896              0
              2       0.185844        0.16987      0.0112953
              3         0.2058       0.181847      0.0123423
              4       0.200184       0.186431      0.0100722
              5        0.19694       0.188533     0.00827412
              6        0.15556       0.183037     0.00852697
              7       0.251768       0.192856      0.0116642
              8         0.2076       0.194699      0.0103507
              9       0.181868       0.193273     0.00929831
             10        0.20482       0.194428     0.00843987
             11         0.2198       0.196735     0.00798157
             12       0.237372       0.200121     0.00800266
             13       0.186044       0.199038     0.00745998
             14       0.204712       0.199443     0.00693812
             15       0.203084       0.199686     0.00647982
             16         0.2688       0.204006      0.0073754
             17        0.21004       0.204361     0.00695009
             18       0.223216       0.205408     0.00664244
             19       0.252808       0.207903     0.00674507
             20        0.12522       0.203769     0.00756946
