              1        1.42997        1.42997              0
              2        1.45768        1.44382     0.00979744
              3         1.4149        1.43418      0.0102281
              4        1.50126        1.45095      0.0164237
              5        1.43285        1.44733      0.0135321
              6        1.45666        1.44889      0.0113657
              7         1.4369        1.44717     0.00987012
              8        1.46108        1.44891     0.00878818
              9        1.46163        1.45033     0.00792455
             10        1.40243        1.44554     0.00845661
             11        1.40842        1.44216     0.00833369
             12        1.46558        1.44411     0.00786436
             13        1.46579        1.44578     0.00743406
             14        1.37391        1.44065     0.00849247
             15        1.40888        1.43853     0.00818609
             16        1.41209        1.43688     0.00783942
             17        1.47877        1.43934     0.00775586
             18        1.49484        1.44243     0.00791415
             19        1.46599        1.44367     0.00759416
             20        1.47338        1.44515     0.00735832
              1        1.42528        1.42528              0
              2        1.42318        1.42423    0.000742098
              3        1.44709        1.43185     0.00624129
              4        1.41701        1.42814     0.00567786
              5        1.45964        1.43444     0.00723756
              6        1.44495        1.43619      0.0062397
              7        1.47536        1.44179     0.00744651
              8        1.44831         1.4426     0.00656019
              9        1.44262         1.4426     0.00583128
             10        1.40056         1.4384     0.00659179
             11        1.44854        1.43932      0.0060566
             12        1.47898        1.44263     0.00639017
             13        1.44049        1.44246     0.00590073
             14        1.47456        1.44475     0.00590793
             15        1.42885        1.44369     0.00560836
             16        1.44851          1.444      0.0052659
             17        1.43901         1.4437     0.00496429
             18        1.44861        1.44398     0.00469599
             19        1.43121         1.4433     0.00449662
             20        1.45353        1.44381     0.00430076
