              1       0.206659       0.206659              0
              2        0.20595       0.206304    0.000250862
              3       0.205736       0.206115    0.000227868
              4       0.205923       0.206067    0.000175854
              5       0.206135        0.20608    0.000141208
              6       0.206458       0.206143    0.000130976
              7       0.206163       0.206146    0.000112295
              8       0.205865       0.206111    0.000103623
              9       0.205313       0.206022     0.00012441
             10       0.206193       0.206039    0.000113136
             11       0.205707       0.206009    0.000106803
             12       0.205582       0.205974    0.000103668
             13       0.205043       0.205902    0.000117851
             14       0.206667       0.205957    0.000121442
             15       0.206038       0.205962    0.000113468
             16       0.206609       0.206003    0.000113349
             17        0.20625       0.206017    0.000107608
             18       0.205707          0.206    0.000102996
             19       0.205357       0.205966    0.000102978
             20       0.206615       0.205999    0.000102813
              1       0.205861       0.205861              0
              2       0.206354       0.206107      0.0001744
              3       0.206099       0.206104    0.000116291
              4       0.206137       0.206113    8.74997e-05
              5       0.205875       0.206065    8.19002e-05
              6       0.206841       0.206194    0.000136405
              7       0.205414       0.206083    0.000155955
              8       0.205618       0.206025    0.000146872
              9       0.205394       0.205955    0.000146336
             10       0.205988       0.205958     0.00013174
             11       0.206097       0.205971    0.000120364
             12       0.205416       0.205924    0.000118875
             13       0.205778       0.205913    0.000110263
             14       0.205566       0.205888    0.000105141
             15       0.205513       0.205863    0.000101062
             16        0.20608       0.205877    9.56521e-05
             17          0.206       0.205884    9.02986e-05
             18       0.205994        0.20589    8.54874e-05
             19       0.205432       0.205866    8.43176e-05
             20       0.205515       0.205849    8.19066e-05
