              1        -0.4714        -0.4714              0
              2      -0.474224      -0.472812    0.000998435
              3      -0.475072      -0.473565    0.000906308
              4      -0.474328      -0.473756      0.0006995
              5      -0.473488      -0.473702     0.00056165
              6        -0.4722      -0.473452    0.000520877
              7      -0.473376      -0.473441    0.000446579
              8       -0.47456      -0.473581    0.000412075
              9      -0.476744      -0.473932     0.00049392
             10      -0.473256      -0.473865    0.000449136
             11      -0.475184      -0.473985    0.000424015
             12       -0.47568      -0.474126    0.000411542
             13      -0.477808      -0.474409    0.000467292
             14      -0.471368      -0.474192    0.000481767
             15      -0.473872      -0.474171    0.000450122
             16        -0.4716       -0.47401     0.00044975
             17      -0.473032      -0.473952    0.000426958
             18      -0.475184      -0.474021    0.000408683
             19      -0.476568      -0.474155     0.00040857
             20      -0.471576      -0.474026    0.000407982
              1      -0.474576      -0.474576              0
              2      -0.472616      -0.473596    0.000692965
              3      -0.473632      -0.473608     0.00046208
              4       -0.47348      -0.473576    0.000347667
              5       -0.47452      -0.473765    0.000325384
              6      -0.470672      -0.473249    0.000543089
              7      -0.476344      -0.473691    0.000619856
              8      -0.475536      -0.473922    0.000583684
              9      -0.476424        -0.4742    0.000581276
             10      -0.474072      -0.474187     0.00052329
             11       -0.47364      -0.474137    0.000478076
             12      -0.476336      -0.474321    0.000472039
             13      -0.474904      -0.474366    0.000437856
             14      -0.475744      -0.474464    0.000417504
             15      -0.475952      -0.474563    0.000401283
             16      -0.473704       -0.47451    0.000379779
             17      -0.474024      -0.474481    0.000358511
             18      -0.474048      -0.474457      0.0003394
             19      -0.476272      -0.474552    0.000334711
             20      -0.475944      -0.474622    0.000325127
