              1       0.026868       0.026868              0
              2        0.03226       0.029564     0.00190636
              3       0.025504      0.0282107     0.00168411
              4        0.01932       0.025988     0.00230229
              5       0.031912      0.0271728     0.00212494
              6       0.018548      0.0257353     0.00220399
              7       0.029764      0.0263109     0.00196284
              8       0.027724      0.0264875     0.00172542
              9       0.028188      0.0266764     0.00154401
             10        0.02986      0.0269948     0.00142205
             11         0.0391      0.0280953       0.001665
             12       0.030296      0.0282787     0.00153632
             13       0.033916      0.0287123     0.00147807
             14       0.027192      0.0286037     0.00137648
             15        0.03072      0.0287448     0.00129192
             16        0.02544      0.0285383     0.00122758
             17       0.027536      0.0284793     0.00115678
             18       0.026624      0.0283762      0.0010971
             19       0.016868      0.0277705     0.00119491
             20       0.034264      0.0280952     0.00117845
              1       0.033724       0.033724              0
              2       0.031376        0.03255    0.000830143
              3       0.034208      0.0331027     0.00071408
              4        0.01352       0.028207     0.00427346
              5        0.03102      0.0287696     0.00345561
              6       0.030312      0.0290267     0.00288922
              7       0.025968      0.0285897      0.0025093
              8       0.025148      0.0281595     0.00223221
              9       0.019892      0.0272409     0.00216497
             10       0.021532        0.02667     0.00202234
             11       0.033528      0.0272935      0.0019322
             12       0.027004      0.0272693     0.00177134
             13       0.030012      0.0274803      0.0016476
             14        0.04094      0.0284417     0.00178855
             15        0.03382      0.0288003     0.00170487
             16         0.0386      0.0294128     0.00170479
             17       0.025508      0.0291831     0.00161991
             18       0.024476      0.0289216     0.00155088
             19       0.044568      0.0297451     0.00167367
             20       0.031588      0.0298372     0.00159252
