              1       0.333507       0.333507              0
              2       0.336023       0.334765    0.000889409
              3       0.329647       0.333059     0.00151382
              4       0.333202       0.333095     0.00113579
              5        0.33249       0.332974    0.000915049
              6       0.333851        0.33312    0.000774137
              7       0.333902       0.333232    0.000671556
              8       0.335534       0.333519    0.000646347
              9       0.331896       0.333339    0.000599185
             10       0.334082       0.333413    0.000543857
             11       0.333682       0.333438    0.000494963
             12       0.334229       0.333504    0.000458084
             13       0.334308       0.333565    0.000427001
             14       0.332484       0.333488    0.000403425
             15       0.332501       0.333422    0.000381859
             16       0.335242       0.333536    0.000374541
             17        0.33375       0.333549    0.000352719
             18       0.334572       0.333606    0.000337677
             19       0.333388       0.333594    0.000320098
             20       0.333789       0.333604    0.000304241
              1       0.333699       0.333699              0
              2       0.334122        0.33391    0.000149517
              3       0.334026       0.333949    0.000104528
              4       0.334155          0.334     9.0272e-05
              5        0.33375        0.33395    8.50285e-05
              6       0.332213       0.333661    0.000273702
              7       0.334837       0.333829    0.000281493
              8       0.334775       0.333947    0.000270017
              9       0.334291       0.333985    0.000242701
             10        0.33545       0.334132    0.000258878
             11       0.334533       0.334168      0.0002379
             12       0.333631       0.334123    0.000222244
             13       0.334769       0.334173     0.00021063
             14       0.331686       0.333995    0.000259921
             15       0.334398       0.334022    0.000243973
             16       0.335186       0.334095    0.000239314
             17       0.333535       0.334062    0.000227491
             18       0.332512       0.333976    0.000230565
             19       0.333874       0.333971    0.000218493
             20       0.332976       0.333921    0.000213151
