              1      -0.633368      -0.633368              0
              2      -0.629792       -0.63158     0.00126431
              3      -0.638816      -0.633992     0.00214218
              4        -0.6338      -0.633944     0.00160717
              5      -0.634808      -0.634117     0.00129499
              6       -0.63288      -0.633911     0.00109544
              7      -0.632808      -0.633753    0.000950211
              8      -0.630488      -0.633345    0.000914899
              9      -0.635648      -0.633601    0.000848274
             10      -0.632552      -0.633496    0.000769904
             11       -0.63312      -0.633462    0.000700671
             12      -0.632344      -0.633369    0.000648445
             13      -0.632232      -0.633281     0.00060443
             14      -0.634816      -0.633391    0.000571112
             15      -0.634792      -0.633484    0.000540623
             16      -0.630904      -0.633323    0.000530341
             17      -0.633024      -0.633305    0.000499436
             18      -0.631856      -0.633225    0.000478137
             19      -0.633536      -0.633241    0.000453252
             20      -0.632968      -0.633228    0.000430796
              1      -0.633096      -0.633096              0
              2      -0.632496      -0.632796    0.000212132
              3      -0.632632      -0.632741    0.000148298
              4      -0.632448      -0.632668    0.000128078
              5      -0.633024      -0.632739     0.00012064
              6        -0.6352      -0.633149    0.000387662
              7       -0.63148      -0.632911    0.000398945
              8      -0.631568      -0.632743    0.000382765
              9      -0.632256      -0.632689    0.000344039
             10      -0.630608      -0.632481    0.000367212
             11      -0.631912      -0.632429     0.00033745
             12      -0.633192      -0.632493    0.000315261
             13      -0.631576      -0.632422    0.000298792
             14      -0.635944      -0.632674     0.00036843
             15      -0.632104      -0.632636     0.00034582
             16      -0.630984      -0.632532    0.000339265
             17      -0.633328      -0.632579     0.00032252
             18      -0.634776      -0.632701    0.000326877
             19      -0.632848      -0.632709    0.000309764
             20       -0.63412       -0.63278    0.000302202
