              1        0.07346        0.07346              0
              2       0.057856       0.065658     0.00551685
              3        0.07332       0.068212     0.00422795
              4       0.063144       0.066945     0.00335544
              5       0.071456      0.0678472     0.00280302
              6       0.066624      0.0676433     0.00234325
              7       0.069048       0.067844     0.00201707
              8        0.07682       0.068966     0.00205342
              9       0.072056      0.0693093     0.00185374
             10        0.06398      0.0687764     0.00174329
             11        0.06156      0.0681204     0.00170379
             12       0.076624       0.068829     0.00170281
             13       0.043244      0.0668609     0.00245886
             14       0.063264       0.066604     0.00229661
             15       0.081256      0.0675808     0.00234204
             16       0.065572      0.0674552     0.00219902
             17         0.0608      0.0670638     0.00210423
             18       0.055568      0.0664251     0.00208199
             19       0.072656      0.0667531     0.00199807
             20       0.083264      0.0675786     0.00206167
              1       0.063152       0.063152              0
              2       0.058096       0.060624     0.00178757
              3       0.089276      0.0701747     0.00788862
              4       0.075708       0.071558     0.00603654
              5       0.062184      0.0696832     0.00511208
              6       0.067384         0.0693      0.0042744
              7       0.067368       0.069024     0.00367267
              8        0.07738      0.0700685     0.00335883
              9       0.073088       0.070404     0.00300234
             10       0.063524       0.069716     0.00277982
             11       0.062536      0.0690633     0.00260261
             12        0.07636      0.0696713     0.00245573
             13       0.043636      0.0676686     0.00297336
             14       0.062632      0.0673089     0.00278266
             15       0.082056       0.068292     0.00276537
             16       0.065352      0.0681083     0.00259864
             17       0.061648      0.0677282     0.00247341
             18        0.05478      0.0670089     0.00243836
             19         0.0735      0.0673505     0.00233383
             20       0.083204      0.0681432      0.0023479
