              1        3.33484        3.33484              0
              2        3.07346        3.20415      0.0924136
              3        3.28177        3.23002      0.0651302
              4        3.36993          3.265      0.0574771
              5        3.31358        3.27471      0.0467956
              6        3.30597        3.27992      0.0392852
              7        3.17842        3.26542      0.0362506
              8        3.27507        3.26663      0.0317393
              9        3.44797        3.28678      0.0340122
             10        3.35789        3.29389      0.0313455
             11         3.2276        3.28786      0.0290694
             12        3.53337        3.30832       0.033072
             13        3.16226        3.29709      0.0323804
             14        3.37469        3.30263      0.0305384
             15        3.21373         3.2967      0.0290719
             16        3.26947          3.295      0.0273046
             17        3.57226        3.31131      0.0301789
             18        3.28727        3.30997      0.0285318
             19        3.32248        3.31063      0.0270377
             20        3.46189         3.3182      0.0267226
              1        3.39985        3.39985              0
              2        3.10645        3.25315       0.103732
              3        3.34518        3.28383      0.0735506
              4        3.50016        3.33791      0.0723641
              5        3.21819        3.31397      0.0617256
              6        3.20248        3.29539      0.0541627
              7        3.22307        3.28505      0.0474002
              8        3.33196        3.29092      0.0418363
              9         3.2345        3.28465      0.0376546
             10        3.24753        3.28094      0.0340715
             11         3.2258        3.27593      0.0313406
             12        3.31835        3.27946      0.0289276
             13        3.21561        3.27455      0.0271163
             14        3.16172        3.26649      0.0263498
             15         3.2609        3.26612      0.0245958
             16        3.27147        3.26645      0.0230608
             17        3.21421        3.26338      0.0219081
             18        3.35431        3.26843      0.0212655
             19        3.17878        3.26371      0.0206631
             20         3.3582        3.26844      0.0201628
