              1       -7.56845       -7.56845              0
              2       -7.54039       -7.55442     0.00992047
              3       -7.55217       -7.55367       0.006642
              4        -7.5592       -7.55506     0.00512328
              5       -7.53098       -7.55024     0.00594534
              6       -7.55052       -7.55029     0.00495463
              7       -7.56394       -7.55224     0.00461458
              8       -7.56051       -7.55327     0.00415213
              9       -7.56114       -7.55415     0.00378179
             10       -7.53888       -7.55262     0.00369879
