              1        0.79966        0.79966              0
              2        0.80137       0.800515    0.000604426
              3       0.798954       0.799995    0.000585578
              4       0.801821       0.800451    0.000590975
              5       0.799143        0.80019    0.000527515
              6       0.803378       0.800721    0.000654604
              7       0.799002       0.800475     0.00060541
              8       0.800399       0.800466    0.000529808
              9       0.801866       0.800622     0.00049326
             10        0.79892       0.800451    0.000472384
