block, sum_prog, err_prog
1, 4.67469e-310, 0
2, 1.18949, 1.83501
3, 0.311144, 0.640481
4, 0.124285, 0.315587
5, 0.0617317, 0.189804
6, 0.0351886, 0.129765
7, 0.022104, 0.0980073
8, 0.0148819, 0.0783073
9, 0.0105785, 0.0654025
10, 0.00783504, 0.0560063
11, 0.00602266, 0.0494256
12, 0.00474831, 0.0440625
13, 0.00383057, 0.039735
14, 0.0031514, 0.036234
15, 0.00263633, 0.0332414
16, 0.00224475, 0.030946
17, 0.00193052, 0.0288869
18, 0.0016792, 0.0271157
19, 0.00147486, 0.0255663
20, 0.00130435, 0.0241405
21, 0.00116394, 0.0229185
22, 0.00104411, 0.0217858
23, 0.000942964, 0.0207842
24, 0.000855194, 0.0198197
25, 0.000780805, 0.0190021
26, 0.000715684, 0.0182461
27, 0.000659544, 0.017565
28, 0.000609002, 0.0168582
29, 0.000564471, 0.0162657
30, 0.00052401, 0.0156746
31, 0.000488652, 0.0151639
32, 0.000456736, 0.0146841
33, 0.000427303, 0.0142069
34, 0.000400683, 0.0137587
35, 0.000379322, 0.0133908
36, 0.000357344, 0.0129856
37, 0.000337151, 0.0126078
38, 0.000318674, 0.0122502
39, 0.000302008, 0.0119355
40, 0.000287099, 0.0116444
41, 0.000272605, 0.0113523
42, 0.00025915, 0.0110666
43, 0.000246778, 0.0108047
44, 0.000235271, 0.0105545
45, 0.000224488, 0.0103078
46, 0.000214432, 0.0100733
47, 0.000205851, 0.00986895
48, 0.000197223, 0.00966358
49, 0.000188973, 0.00946045
50, 0.000181695, 0.00925132
51, 0.000174566, 0.0090707
52, 0.000168024, 0.00890043
53, 0.000161554, 0.00872785
54, 0.000156065, 0.00857484
55, 0.000150732, 0.00840227
56, 0.000145279, 0.00825002
57, 0.000140155, 0.00810469
58, 0.000135242, 0.00796097
59, 0.000130586, 0.00782066
60, 0.000126202, 0.00768922
61, 0.000122147, 0.00756528
62, 0.000118159, 0.00744095
63, 0.000114357, 0.00731958
64, 0.000110738, 0.00720261
65, 0.000107336, 0.00709181
66, 0.000104163, 0.00697639
67, 0.000101057, 0.00686651
68, 9.81544e-05, 0.0067673
69, 9.5807e-05, 0.00667706
70, 9.33625e-05, 0.0065717
71, 9.07064e-05, 0.00647668
72, 8.82231e-05, 0.00638767
73, 8.57838e-05, 0.00629773
74, 8.34573e-05, 0.00620901
75, 8.12328e-05, 0.00612595
76, 7.91062e-05, 0.0060455
77, 7.70408e-05, 0.00596601
78, 7.51179e-05, 0.00589091
79, 7.3203e-05, 0.00581419
80, 7.13629e-05, 0.00574047
81, 6.96217e-05, 0.00566584
82, 6.79148e-05, 0.00559456
83, 6.64529e-05, 0.00553076
84, 6.48896e-05, 0.00546154
85, 6.33689e-05, 0.00539727
86, 6.1927e-05, 0.00533541
87, 6.05007e-05, 0.00527196
88, 5.91486e-05, 0.0052089
89, 5.78124e-05, 0.0051492
90, 5.65741e-05, 0.00509329
91, 5.53325e-05, 0.0050371
92, 5.41586e-05, 0.0049832
93, 5.30027e-05, 0.00492733
94, 5.19408e-05, 0.00487664
95, 5.11112e-05, 0.00481934
96, 5.00561e-05, 0.00476698
97, 4.9505e-05, 0.00472428
98, 4.8523e-05, 0.00467341
99, 4.76123e-05, 0.00462274
100, 4.67717e-05, 0.00457903
