              1        2.41068        2.41068              0
              2        2.49652         2.4536      0.0303479
              3        2.55328        2.48683      0.0338443
              4        2.48507        2.48639      0.0253861
              5        2.43145         2.4754      0.0225616
              6        2.52034        2.48289       0.020006
              7        2.39387        2.47017      0.0208007
              8        2.37974        2.45887      0.0210496
              9        2.39754        2.45206      0.0197829
             10        2.50366        2.45722      0.0184654
             11        2.48208        2.45948      0.0169246
             12        2.47864        2.46107      0.0155893
             13        2.45352        2.46049       0.014401
             14        2.45934        2.46041      0.0133726
             15        2.57225        2.46787      0.0144106
             16        2.40775        2.46411      0.0139912
             17        2.42272        2.46167      0.0133784
             18        2.44831        2.46093      0.0126557
             19        2.46083        2.46093      0.0119897
             20        2.45528        2.46064      0.0113935
              1        2.56037        2.56037              0
              2        2.40782        2.48409      0.0539336
              3        2.32558        2.43126      0.0561602
              4        2.37093        2.41618      0.0440987
              5        2.53946        2.44083      0.0416052
              6        2.35696        2.42686      0.0369447
              7        2.56295         2.4463      0.0364253
              8        2.46914        2.44915      0.0319838
              9        2.48335        2.45295      0.0286548
             10        2.46023        2.45368      0.0257986
             11        2.38245         2.4472      0.0242522
             12        2.70811        2.46895      0.0304558
             13        2.52317        2.47312      0.0283972
             14        2.50742        2.47557      0.0264743
             15        2.39469        2.47018      0.0252525
             16        2.41982        2.46703      0.0238695
             17        2.53047        2.47076      0.0227553
             18        2.48073        2.47131      0.0214978
             19        2.46763        2.47112      0.0203672
             20        2.33096        2.46411      0.0205192
