              1      -0.576328      -0.576328              0
              2      -0.575856      -0.576092    0.000166877
              3      -0.577064      -0.576416    0.000286986
              4       -0.57536      -0.576152    0.000314006
              5       -0.57756      -0.576434    0.000355729
              6      -0.577512      -0.576613    0.000338817
              7      -0.573792       -0.57621    0.000472844
              8      -0.574248      -0.575965      0.0004731
              9       -0.57368      -0.575711    0.000483886
             10      -0.578016      -0.575942     0.00048731
             11      -0.577832      -0.576113    0.000472341
             12        -0.5776      -0.576237     0.00044893
             13      -0.577536      -0.576337    0.000425366
             14      -0.576064      -0.576318    0.000395431
             15      -0.579032      -0.576499    0.000408378
             16      -0.575424      -0.576431    0.000388338
             17       -0.57804      -0.576526    0.000376845
             18      -0.575888      -0.576491    0.000357573
             19      -0.576952      -0.576515    0.000339577
             20      -0.578792      -0.576629    0.000341151
              1      -0.575408      -0.575408              0
              2      -0.574976      -0.575192    0.000152735
              3      -0.575784      -0.575389      0.0001906
              4      -0.571904      -0.574518    0.000768018
              5      -0.576304      -0.574875    0.000692516
              6      -0.578248      -0.575437    0.000772249
              7      -0.579872      -0.576071    0.000884401
              8      -0.580736      -0.576654    0.000946781
              9      -0.578656      -0.576876    0.000867321
             10      -0.577152      -0.576904    0.000781026
             11      -0.576976      -0.576911    0.000710051
             12       -0.57872      -0.577061    0.000666699
             13      -0.578272      -0.577154    0.000621885
             14      -0.576688      -0.577121    0.000578356
             15      -0.576544      -0.577083    0.000541077
             16      -0.573616      -0.576866    0.000548929
             17      -0.578096      -0.576938    0.000521386
             18        -0.5768      -0.576931    0.000492477
             19        -0.5768      -0.576924    0.000466605
             20       -0.57288      -0.576722    0.000485107
