              1       0.289061       0.289061              0
              2       0.289296       0.289178    8.32208e-05
              3       0.288693       0.289017    0.000143215
              4       0.289543       0.289148     0.00015663
              5       0.288445       0.289008    0.000177517
              6       0.288469       0.288918    0.000169092
              7       0.290323       0.289119    0.000235675
              8       0.290097       0.289241    0.000235789
              9       0.290379       0.289367    0.000241111
             10       0.288217       0.289252    0.000242884
             11       0.288309       0.289167    0.000235447
             12       0.288425       0.289105    0.000223783
             13       0.288457       0.289055    0.000212039
             14       0.289192       0.289065     0.00019712
             15       0.287709       0.288975    0.000203666
             16       0.289511       0.289008    0.000193681
             17       0.288205       0.288961    0.000187956
             18        0.28928       0.288979    0.000178349
             19       0.288749       0.288967     0.00016937
             20       0.287829        0.28891    0.000170186
              1       0.289519       0.289519              0
              2       0.289735       0.289627    7.60492e-05
              3       0.289332       0.289529    9.49329e-05
              4       0.291259       0.289961     0.00038143
              5       0.289073       0.289784    0.000344064
              6       0.288101       0.289503    0.000384348
              7       0.287287       0.289187    0.000440944
              8       0.286853       0.288895    0.000472551
              9       0.287897       0.288784     0.00043286
             10       0.288649       0.288771    0.000389784
             11       0.288737       0.288768    0.000354361
             12       0.287865       0.288692    0.000332719
             13       0.288089       0.288646    0.000310343
             14       0.288881       0.288663    0.000288629
             15       0.288953       0.288682    0.000270035
             16       0.290411        0.28879    0.000273916
             17       0.288177       0.288754    0.000260164
             18       0.288825       0.288758    0.000245741
             19       0.288825       0.288762    0.000232832
             20       0.290776       0.288862    0.000241994
