              1       0.052316       0.052316              0
              2        0.04778       0.050048     0.00160372
              3         0.0563       0.052132     0.00200959
              4       0.048284        0.05117     0.00172212
              5       0.041712      0.0492784     0.00218187
              6       0.047588      0.0489967     0.00183633
              7       0.048268      0.0488926     0.00157694
              8       0.043736       0.048248     0.00150581
              9        0.06192      0.0497671     0.00196032
             10       0.063536       0.051144     0.00219521
             11       0.061704       0.052104     0.00219555
             12       0.056588      0.0524777     0.00204413
             13       0.037264      0.0513074     0.00219649
             14       0.037436      0.0503166     0.00225201
             15        0.06006      0.0509661     0.00219356
             16       0.049732       0.050889     0.00205781
             17       0.044956        0.05054     0.00196614
             18       0.056076      0.0508476     0.00188081
             19       0.045512      0.0505667     0.00180266
             20       0.045076      0.0502922     0.00173331
              1       0.050928       0.050928              0
              2       0.047972        0.04945      0.0010451
              3        0.04794      0.0489467    0.000808911
              4       0.053568       0.050102     0.00117011
              5       0.035152       0.047112     0.00283343
              6       0.040244      0.0459673     0.00258208
              7       0.047528      0.0461903     0.00222281
              8       0.038044       0.045172     0.00216568
              9       0.035212      0.0440653     0.00218962
             10       0.052092       0.044868     0.00211266
             11       0.059568      0.0462044     0.00230483
             12       0.058812       0.047255        0.00234
             13        0.03876      0.0466015     0.00224939
             14       0.044324      0.0464389      0.0020946
             15       0.044892      0.0463357     0.00195749
             16       0.045888      0.0463078     0.00183535
             17       0.039004      0.0458781     0.00177696
             18       0.064636      0.0469202     0.00196014
             19       0.045588      0.0468501     0.00185823
             20       0.037424      0.0463788     0.00182411
