              1      -0.768488      -0.768488              0
              2       -0.77316      -0.770824      0.0016518
              3      -0.769168      -0.770272     0.00118987
              4        -0.7656      -0.769104      0.0013489
              5      -0.769504      -0.769184     0.00108149
              6      -0.772768      -0.769781     0.00105337
              7      -0.771504      -0.770027    0.000931189
              8       -0.77088      -0.770134    0.000820866
              9      -0.770992      -0.770229    0.000735174
             10      -0.769912      -0.770198    0.000662341
             11      -0.771344      -0.770302    0.000610272
             12      -0.766672      -0.769999    0.000629936
             13      -0.771728      -0.770132    0.000595349
             14      -0.770736      -0.770175    0.000554383
             15       -0.76712      -0.769972    0.000553582
             16      -0.770632      -0.770013    0.000520519
             17      -0.768368      -0.769916    0.000498814
             18      -0.768624      -0.769844     0.00047624
             19      -0.770552      -0.769882    0.000452628
             20      -0.768232      -0.769799    0.000437448
              1      -0.767536      -0.767536              0
              2      -0.772832      -0.770184     0.00187242
              3      -0.769264      -0.769877     0.00127314
              4      -0.765064      -0.768674     0.00141342
              5      -0.769176      -0.768774      0.0011343
              6      -0.772072      -0.769324     0.00107015
              7       -0.77132      -0.769609      0.0009545
              8       -0.77004      -0.769663    0.000836706
              9      -0.771088      -0.769821    0.000758572
             10       -0.76976      -0.769815    0.000682739
             11      -0.772512       -0.77006    0.000663231
             12      -0.766328      -0.769749    0.000676975
             13       -0.77156      -0.769889    0.000639068
             14      -0.770152      -0.769907    0.000593697
             15      -0.767656      -0.769757    0.000572776
             16      -0.770264      -0.769789    0.000537852
             17      -0.768704      -0.769725    0.000509986
             18      -0.768656      -0.769666    0.000485101
             19      -0.770176      -0.769693    0.000460312
             20      -0.768736      -0.769645    0.000439774
