              1       0.426308       0.426308              0
              2       0.418808       0.422558      0.0026515
              3       0.425219       0.423445     0.00191028
              4       0.430921       0.425314     0.00216159
              5       0.424681       0.425188     0.00173297
              6       0.419439        0.42423     0.00168831
              7       0.421472       0.423836     0.00149238
              8       0.422474       0.423665      0.0013155
              9       0.422294       0.423513     0.00117812
             10       0.424027       0.423564     0.00106143
             11       0.421729       0.423398    0.000977966
             12       0.429211       0.423882     0.00100935
             13       0.421112       0.423669     0.00095393
             14       0.422705         0.4236    0.000888273
             15       0.428495       0.423926    0.000886981
             16       0.422872       0.423861    0.000833989
             17         0.4265       0.424016    0.000799253
             18        0.42609       0.424131    0.000763115
             19          0.423       0.424072    0.000725267
             20       0.426718       0.424204    0.000700967
              1       0.427831       0.427831              0
              2       0.419336       0.423584     0.00300314
              3       0.425065       0.424077     0.00204232
              4       0.431775       0.426002     0.00226361
              5       0.425206       0.425843     0.00181647
              6       0.420559       0.424962     0.00171396
              7       0.421767       0.424506     0.00152866
              8       0.423822        0.42442     0.00133997
              9        0.42214       0.424167      0.0012148
             10       0.424271       0.424177     0.00109337
             11       0.419851       0.423784     0.00106234
             12        0.42976       0.424282     0.00108427
             13       0.421382       0.424059     0.00102356
             14       0.423642       0.424029    0.000950879
             15       0.427639        0.42427    0.000917432
             16       0.423462       0.424219    0.000861479
             17       0.425962       0.424322    0.000816881
             18       0.426039       0.424417     0.00077705
             19       0.423604       0.424374    0.000737332
             20       0.425911       0.424451    0.000704456
