              1         8.3522         8.3522              0
              2        7.51721        7.93471       0.295216
              3        7.61508        7.82816       0.215179
              4        6.93825        7.60569       0.251331
              5        8.62741        7.81003       0.271721
              6        7.68989        7.79001       0.227171
              7        7.43107        7.73873       0.200422
              8        7.27509        7.68078       0.183557
              9        7.88101        7.70302       0.164505
             10         7.5248         7.6852       0.149016
             11        8.17153        7.72941       0.141877
             12        7.33592        7.69662       0.133789
             13        7.75073        7.70078       0.123563
             14        7.78493        7.70679       0.114883
             15         8.0813        7.73176       0.109903
             16        8.42418        7.77504       0.111229
             17        7.26818        7.74522       0.108609
             18        8.36613        7.77972       0.107914
             19        7.86663        7.78429       0.102331
             20        6.56681        7.72342        0.11389
              1        8.34931        8.34931              0
              2        7.53451        7.94191       0.288078
              3        7.61634        7.83339       0.211508
              4        6.92419        7.60609        0.25281
              5        8.63826        7.81252       0.273855
              6        7.65612        7.78646       0.229449
              7        7.42005        7.73411       0.202553
              8        7.23265        7.67143       0.186681
              9        7.88191        7.69482       0.167397
             10        7.54421        7.67976       0.151334
             11        8.23413        7.73015       0.145726
             12        7.33882        7.69754       0.137183
             13        7.75016        7.70159        0.12669
             14        7.76986        7.70647       0.117735
             15        8.11632        7.73379       0.113012
             16        8.41534        7.77639       0.113693
             17        7.32789        7.75001       0.110024
             18         8.3458         7.7831       0.108776
             19        7.88223        7.78832       0.103176
             20        6.55442        7.72663       0.114993
