              1        0.17078        0.17078              0
              2       0.130204       0.150492      0.0143458
              3        0.15062       0.150535     0.00956392
              4        0.17094       0.155636      0.0084243
              5       0.217364       0.167982      0.0129364
              6        0.15104       0.165158      0.0110842
              7       0.137504       0.161207      0.0101805
              8       0.116316       0.155596      0.0103394
              9        0.16842       0.157021     0.00928823
             10       0.093048       0.150624      0.0103302
             11       0.169068         0.1523     0.00952618
             12       0.174004       0.154109     0.00890237
             13       0.181452       0.156212     0.00846239
             14       0.108312       0.152791     0.00852158
             15       0.196172       0.155683     0.00842996
             16        0.18388       0.157445      0.0080852
             17        0.15804        0.15748     0.00760968
             18       0.135832       0.156278     0.00728133
             19       0.167304       0.156858      0.0069212
             20       0.170696        0.15755     0.00660963
              1       0.170608       0.170608              0
              2       0.130628       0.150618      0.0141351
              3       0.149972       0.150403     0.00942502
              4        0.17052       0.155432     0.00830289
              5       0.216616       0.167669      0.0128028
              6       0.150904       0.164875      0.0109697
              7       0.137916       0.161023      0.0100559
              8       0.116332       0.155437      0.0102337
              9       0.168964        0.15694     0.00920632
             10       0.092852       0.150531      0.0102771
             11       0.169356       0.152243      0.0094842
             12       0.173776       0.154037     0.00886199
             13       0.181812       0.156174     0.00843391
             14        0.10748       0.152695     0.00851853
             15        0.19606       0.155586     0.00842693
             16       0.183984       0.157361     0.00808499
             17        0.15732       0.157359      0.0076094
             18       0.136884       0.156221     0.00727118
             19        0.16646        0.15676     0.00690842
             20       0.169864       0.157415       0.006594
