              1        1.50195        1.50195              0
              2        1.56391        1.53293      0.0219053
              3        1.55029        1.53872      0.0153486
              4        1.51809        1.53356      0.0123475
              5        1.55814        1.53848      0.0108121
              6        1.55151        1.54065     0.00922575
              7        1.55144        1.54219     0.00803562
              8        1.46405        1.53242      0.0115292
              9        1.42741        1.52075      0.0150348
             10        1.53943        1.52262      0.0136468
             11        1.52961        1.52326       0.012421
             12        1.48747        1.52028      0.0117384
             13        1.57276        1.52431      0.0115089
             14         1.5432        1.52566      0.0107656
             15        1.54689        1.52708      0.0101404
             16        1.52704        1.52707     0.00950664
             17        1.56595        1.52936     0.00921841
             18        1.54436        1.53019     0.00874387
             19        1.55667        1.53159     0.00839395
             20        1.49749        1.52988     0.00814556
              1        1.49972        1.49972              0
              2        1.57094        1.53533       0.025179
              3        1.54779        1.53948      0.0171249
              4        1.51228        1.53268        0.01413
              5        1.57356        1.54086      0.0134632
              6        1.55369          1.543       0.011388
              7        1.54999          1.544     0.00980486
              8        1.46617        1.53427      0.0125061
              9        1.44315        1.52414      0.0146523
             10        1.54921        1.52665      0.0133998
             11        1.54517        1.52833      0.0122869
             12        1.47967        1.52428      0.0119134
             13        1.57454        1.52814      0.0116073
             14         1.5487        1.52961      0.0108707
             15        1.54753        1.53081      0.0102114
             16        1.52707        1.53057     0.00957581
             17        1.56661        1.53269     0.00924421
             18        1.53869        1.53303     0.00873664
             19        1.55414        1.53414     0.00834716
             20        1.48588        1.53172     0.00827124
