              1       0.042056       0.042056              0
              2       0.027968       0.035012     0.00498086
              3       0.023996        0.03134     0.00447384
              4       0.039136       0.033289       0.003756
              5       0.046244        0.03588     0.00379466
              6         0.0239      0.0338833     0.00364991
              7        0.02012      0.0319171     0.00361955
              8       0.038976      0.0327995     0.00327288
              9       0.028576      0.0323302     0.00294268
             10       0.029208       0.032018     0.00266493
             11       0.020692      0.0309884     0.00261401
             12       0.026152      0.0305853     0.00242705
             13        0.03044      0.0305742     0.00224038
             14       0.028972      0.0304597     0.00208327
             15        0.04786      0.0316197     0.00224423
             16       0.028784      0.0314425     0.00211095
             17         0.0373      0.0317871      0.0020147
             18       0.040248      0.0322571     0.00195684
             19       0.032164      0.0322522     0.00185386
             20       0.039956      0.0326374     0.00180074
              1       0.040868       0.040868              0
              2        0.02842       0.034644     0.00440103
              3       0.022944       0.030744     0.00432995
              4        0.03892       0.032788     0.00369858
              5       0.044648        0.03516     0.00364087
              6       0.023928       0.033288     0.00348222
              7        0.02026      0.0314269     0.00344642
              8       0.039812       0.032475       0.003171
              9        0.02864      0.0320489     0.00284715
             10       0.029144      0.0317584     0.00257721
             11       0.021296      0.0308073      0.0025123
             12       0.027824      0.0305587     0.00231521
             13       0.030804      0.0305775      0.0021372
             14       0.027864      0.0303837     0.00199331
             15       0.047604      0.0315317     0.00216593
             16        0.02804      0.0313135     0.00204153
             17         0.0367      0.0316304     0.00194587
             18        0.04224      0.0322198     0.00192497
             19        0.03128      0.0321703     0.00182429
             20       0.038864       0.032505     0.00176351
