              1       0.215517       0.215517              0
              2       0.215691       0.215604    6.16802e-05
              3       0.216293       0.215834    0.000191808
              4         0.2169         0.2161    0.000271975
              5       0.215989       0.216078    0.000218487
              6       0.215099       0.215915    0.000235263
              7       0.215358       0.215835    0.000214687
              8       0.216253       0.215887    0.000194101
              9       0.216095        0.21591    0.000173895
             10        0.21534       0.215853    0.000165595
             11       0.216244       0.215889    0.000154306
             12       0.216002       0.215898    0.000141735
             13       0.216042       0.215909    0.000131262
             14       0.215623       0.215889     0.00012347
             15       0.215945       0.215893    0.000115295
             16       0.216004         0.2159    0.000108301
             17       0.216202       0.215917    0.000103384
             18       0.215672       0.215904    9.85391e-05
             19       0.215347       0.215875    9.76178e-05
             20       0.217175        0.21594    0.000112326
              1       0.215897       0.215897              0
              2       0.215837       0.215867    2.10394e-05
              3       0.216495       0.216076    0.000171433
              4       0.216389       0.216154    0.000145358
              5        0.21585       0.216094     0.00012838
              6       0.215021       0.215915     0.00019511
              7       0.215391        0.21584    0.000181018
              8       0.216242        0.21589    0.000165222
              9       0.215685       0.215867    0.000148431
             10       0.215172       0.215798    0.000148997
             11        0.21574       0.215793    0.000135545
             12       0.215976       0.215808    0.000125107
             13        0.21593       0.215817    0.000115833
             14       0.215585       0.215801    0.000108735
             15       0.215938        0.21581    0.000101873
             16       0.215678       0.215802    9.58378e-05
             17       0.216288        0.21583    9.43776e-05
             18       0.215641        0.21582      8.972e-05
             19       0.215683       0.215812    8.52875e-05
             20        0.21716        0.21588    0.000104287
