              1      -0.488136      -0.488136              0
              2      -0.487504       -0.48782    0.000223446
              3       -0.48532      -0.486987    0.000696529
              4      -0.483104      -0.486016    0.000989719
              5      -0.486424      -0.486098    0.000795132
              6      -0.489648      -0.486689    0.000854893
              7      -0.488712      -0.486978    0.000780071
              8      -0.485464      -0.486789    0.000705154
              9       -0.48604      -0.486706    0.000631695
             10      -0.488776      -0.486913    0.000601493
             11      -0.485496      -0.486784    0.000560432
             12      -0.486376       -0.48675     0.00051476
             13      -0.486232       -0.48671    0.000476703
             14      -0.487752      -0.486785    0.000448424
             15      -0.486584      -0.486771    0.000418728
             16      -0.486368      -0.486746    0.000393315
             17      -0.485648      -0.486681    0.000375445
             18      -0.487576      -0.486731    0.000357861
             19      -0.488752      -0.486837     0.00035448
             20      -0.482096        -0.4866     0.00040841
              1       -0.48676       -0.48676              0
              2      -0.486976      -0.486868    7.63675e-05
              3      -0.484584      -0.486107    0.000623707
              4      -0.484968      -0.485822    0.000528767
              5      -0.486928      -0.486043    0.000466995
              6      -0.489928      -0.486691    0.000707666
              7      -0.488592      -0.486962    0.000656632
              8      -0.485504       -0.48678    0.000599321
              9      -0.487528      -0.486863    0.000538462
             10      -0.489384      -0.487115    0.000540413
             11      -0.487328      -0.487135    0.000491631
             12      -0.486472      -0.487079    0.000453751
             13       -0.48664      -0.487046    0.000420104
             14      -0.487888      -0.487106    0.000394383
             15      -0.486608      -0.487073    0.000369484
             16      -0.487552      -0.487103    0.000347604
             17      -0.485336      -0.486999    0.000342336
             18      -0.487688      -0.487037    0.000325453
             19      -0.487536      -0.487063    0.000309382
             20      -0.482152      -0.486818    0.000379037
