              1        0.43651        0.43651              0
              2       0.423242       0.429876     0.00469092
              3       0.441665       0.433806     0.00448043
              4       0.435624       0.434261     0.00338331
              5       0.432723       0.433953     0.00272059
              6        0.43597       0.434289     0.00228783
              7       0.427447       0.433312     0.00215975
              8        0.43188       0.433133     0.00189719
              9       0.429514       0.432731     0.00172847
             10       0.429212       0.432379     0.00159102
             11       0.427945       0.431976     0.00149658
             12        0.43666       0.432366     0.00142187
             13       0.436015       0.432647     0.00133991
             14       0.431021       0.432531     0.00124922
             15       0.434813       0.432683     0.00117517
             16       0.437606       0.432991     0.00114129
             17       0.436435       0.433193       0.001092
             18       0.431805       0.433116     0.00103405
             19       0.428624        0.43288     0.00100629
             20       0.431503       0.432811    0.000958328
              1       0.437516       0.437516              0
              2       0.423409       0.430462     0.00498749
              3       0.441306       0.434077     0.00444585
              4       0.436285       0.434629     0.00336849
              5        0.43331       0.434365     0.00270511
              6        0.43645       0.434713     0.00227647
              7       0.428805       0.433869     0.00210188
              8       0.433295       0.433797     0.00184037
              9       0.429514       0.433321     0.00169629
             10       0.429454       0.432934     0.00157013
             11       0.426857       0.432382     0.00152148
             12       0.436931       0.432761     0.00144113
             13       0.434994       0.432933     0.00134047
             14       0.431473       0.432828     0.00124877
             15       0.434197        0.43292     0.00116885
             16       0.438805       0.433288     0.00115222
             17       0.435339       0.433408     0.00109075
             18        0.43191       0.433325     0.00103332
             19        0.42974       0.433136     0.00099601
             20       0.430946       0.433027    0.000952211
