              1      -0.794064      -0.794064              0
              2      -0.801104      -0.797584     0.00248902
              3      -0.791312      -0.795493     0.00238062
              4      -0.794536      -0.795254     0.00179745
              5       -0.79608      -0.795419     0.00144554
              6      -0.794352      -0.795241     0.00121551
              7       -0.79888      -0.795761     0.00114764
              8      -0.796528      -0.795857     0.00100818
              9      -0.797784      -0.796071    0.000918615
             10      -0.797944      -0.796258    0.000845631
             11      -0.798616      -0.796473    0.000795452
             12      -0.793984      -0.796265    0.000755718
             13      -0.794328      -0.796116    0.000712128
             14      -0.796984      -0.796178    0.000663953
             15      -0.794968      -0.796098    0.000624573
             16       -0.79348      -0.795934    0.000606585
             17      -0.794104      -0.795826    0.000580377
             18      -0.796568      -0.795868    0.000549594
             19      -0.798256      -0.795993    0.000534852
             20      -0.796728       -0.79603    0.000509369
              1      -0.793528      -0.793528              0
              2      -0.801016      -0.797272     0.00264741
              3      -0.791504      -0.795349     0.00236208
              4      -0.794184      -0.795058     0.00178944
              5      -0.795768        -0.7952     0.00143717
              6      -0.794096      -0.795016     0.00120937
              7       -0.79816      -0.795465     0.00111689
              8      -0.795776      -0.795504    0.000977957
              9      -0.797784      -0.795757     0.00090151
             10      -0.797816      -0.795963    0.000834534
             11      -0.799192      -0.796257    0.000808642
             12       -0.79384      -0.796055    0.000765923
             13      -0.794872      -0.795964    0.000712395
             14      -0.796744       -0.79602    0.000663683
             15      -0.795296      -0.795972     0.00062119
             16       -0.79284      -0.795776    0.000612427
             17      -0.794688      -0.795712    0.000579736
             18      -0.796512      -0.795756    0.000549229
             19      -0.797664      -0.795857    0.000529419
             20      -0.797024      -0.795915    0.000506155
