              1        10.1197        10.1197              0
              2        9.50225        9.81099       0.218312
              3        8.46097        9.36099       0.395203
              4        8.84957        9.23313       0.316409
              5        10.5197        9.49044       0.342109
              6        8.42109        9.31221       0.328248
              7        9.09036        9.28052       0.282881
              8         9.2231        9.27334       0.247612
              9        9.79813        9.33165       0.226862
             10        9.66177        9.36466       0.206563
             11        9.66543          9.392       0.189586
             12        8.99809        9.35918       0.176606
             13        9.27558        9.35275       0.163138
             14        9.48214        9.36199       0.151747
             15        10.4253        9.43288       0.157319
             16        9.96907        9.46639       0.151013
             17         9.3021        9.45672       0.142439
             18        10.7018         9.5259       0.150386
             19        10.2723        9.56518       0.147513
             20        8.58123        9.51598       0.148115
              1        10.0852        10.0852              0
              2        9.52012        9.80264        0.19977
              3        8.45432         9.3532       0.390385
              4        8.83397        9.22339       0.313628
              5        10.5098        9.48068       0.340452
              6        8.38203        9.29757        0.32929
              7        9.05823        9.26338       0.284018
              8        9.16408        9.25097       0.248787
              9         9.7846        9.31026         0.2281
             10        9.65229        9.34446       0.207839
             11        9.71064        9.37775       0.191592
             12         8.9891        9.34536       0.178342
             13        9.26324        9.33905       0.164735
             14        9.48987        9.34982        0.15332
             15        10.4768        9.42495       0.160455
             16         9.9635        9.45861       0.153917
             17        9.33179        9.45115       0.145044
             18        10.6799        9.51941       0.152205
             19        10.2767        9.55927       0.149321
             20        8.58161        9.51039       0.149642
