              1       0.179944       0.179944              0
              2       0.180852       0.180398    0.000321026
              3         0.1832       0.181332     0.00079207
              4         0.2022       0.186549     0.00455694
              5        0.26822       0.202883      0.0150577
              6       0.186172       0.200098      0.0128031
              7       0.181184       0.197396      0.0112556
              8       0.133084       0.189357      0.0123912
              9       0.190684       0.189504      0.0110153
             10       0.106908       0.181245      0.0126366
             11       0.201204       0.183059      0.0116173
             12       0.177176       0.182569      0.0106596
             13       0.196884        0.18367      0.0098963
             14        0.14256       0.180734     0.00961521
             15       0.248268       0.185236     0.00997273
             16       0.184568       0.185194     0.00934952
             17       0.185816       0.185231     0.00879962
             18       0.150928       0.183325     0.00851461
             19        0.17194       0.182726     0.00808753
             20       0.207104       0.183945     0.00777447
              1       0.179644       0.179644              0
              2       0.181464       0.180554    0.000643467
              3       0.182996       0.181368    0.000791045
              4       0.201604       0.186427     0.00442121
              5        0.26772       0.202686      0.0149661
              6       0.186152        0.19993      0.0127229
              7       0.182108       0.197384      0.0111572
              8          0.133       0.189336      0.0123281
              9       0.191276       0.189552      0.0109602
             10       0.107172       0.181314      0.0125849
             11        0.20138       0.183138      0.0115722
             12       0.176772       0.182607        0.01062
             13       0.197312       0.183738     0.00986317
             14       0.141512       0.180722     0.00960877
             15          0.248       0.185207     0.00996013
             16        0.18452       0.185165     0.00933771
             17       0.185348       0.185175     0.00878844
             18        0.15246       0.183358     0.00848605
             19       0.170948       0.182705     0.00806451
             20       0.206316       0.183885     0.00774722
