              1       -0.74424       -0.74424              0
              2        -0.7448       -0.74452     0.00019799
              3      -0.744456      -0.744499    0.000133138
              4      -0.744664       -0.74454    0.000106075
              5      -0.745232      -0.744678    0.000150083
              6      -0.745616      -0.744835    0.000189715
              7      -0.745424      -0.744919    0.000180328
              8      -0.747736      -0.745271    0.000365241
              9      -0.739936      -0.744678    0.000646333
             10       -0.74408      -0.744618    0.000584461
             11      -0.745128      -0.744665    0.000533161
             12      -0.743696      -0.744584    0.000494805
             13      -0.741088      -0.744315    0.000524758
             14      -0.742928      -0.744216     0.00049654
             15      -0.744072      -0.744206     0.00046353
             16      -0.745336      -0.744277    0.000439903
             17        -0.7428       -0.74419    0.000422519
             18      -0.744448      -0.744204    0.000399289
             19      -0.746472      -0.744324    0.000395708
             20      -0.741992      -0.744207    0.000392723
              1      -0.746256      -0.746256              0
              2      -0.747432      -0.746844    0.000415779
              3       -0.74568      -0.746456    0.000420945
              4       -0.74708      -0.746612    0.000343401
              5      -0.746696      -0.746629    0.000275131
              6        -0.7488      -0.746991    0.000402107
              7      -0.747032      -0.746997    0.000344707
              8      -0.744424      -0.746675    0.000425976
              9       -0.74816       -0.74684    0.000409356
             10      -0.741856      -0.746342    0.000599413
             11      -0.743728      -0.746104    0.000590136
             12      -0.743656        -0.7459    0.000575138
             13      -0.741384      -0.745553    0.000627092
             14      -0.742944      -0.745366    0.000609354
             15      -0.744096      -0.745282    0.000574585
             16      -0.745584      -0.745301    0.000538984
             17      -0.742984      -0.745164    0.000524221
             18      -0.744104      -0.745105    0.000498396
             19      -0.746256      -0.745166     0.00047583
             20       -0.74164       -0.74499    0.000483595
