              1       0.412451       0.412451              0
              2        0.41168       0.412065    0.000272573
              3       0.412154       0.412095    0.000183293
              4       0.411867       0.412038    0.000146034
              5       0.411085       0.411847    0.000206682
              6       0.410555       0.411632    0.000261328
              7        0.41082       0.411516    0.000248399
              8       0.407628        0.41103    0.000503851
              9       0.418357       0.411844    0.000888642
             10       0.412671       0.411927    0.000803616
             11       0.411228       0.411863    0.000733066
             12       0.413199       0.411975    0.000680378
             13       0.416779       0.412344    0.000721479
             14       0.414255       0.412481    0.000682729
             15       0.412682       0.412494    0.000637346
             16       0.410941       0.412397    0.000604855
             17       0.414431       0.412517    0.000580983
             18       0.412165       0.412497    0.000549036
             19       0.409375       0.412333     0.00054418
             20        0.41554       0.412493     0.00054008
              1       0.409673       0.409673              0
              2       0.408049       0.408861     0.00057419
              3       0.410467       0.409396    0.000581133
              4       0.408535       0.409181    0.000474055
              5       0.409065       0.409158    0.000379807
              6       0.406156       0.408658    0.000555632
              7       0.408601       0.408649    0.000476314
              8       0.412198       0.409093    0.000588061
              9       0.407042       0.408865    0.000565156
             10       0.415726       0.409551    0.000826081
             11       0.413155       0.409879    0.000813363
             12       0.413254        0.41016    0.000792728
             13       0.416374       0.410638    0.000863906
             14       0.414233       0.410895    0.000839488
             15       0.412649       0.411012    0.000791625
             16         0.4106       0.410986    0.000742568
             17       0.414178       0.411174    0.000722234
             18       0.412638       0.411255    0.000686675
             19       0.409673       0.411172    0.000655566
             20       0.416023       0.411414    0.000666144
