              1          6.287          6.287              0
              2        6.30268        6.29484     0.00554263
              3        6.54942         6.3797      0.0693855
              4        6.30492          6.361      0.0544992
              5        6.43655        6.37611      0.0456455
              6        6.71044        6.43183      0.0635157
              7         6.2569        6.40684      0.0591544
              8        6.78698        6.45436      0.0682261
              9        6.55525        6.46557      0.0615595
             10        6.37322        6.45634       0.056092
             11        7.17752         6.5219      0.0806717
             12        6.35847        6.50828      0.0750899
             13        6.25494        6.48879       0.071798
             14        6.10721        6.46154      0.0716565
             15        6.18378        6.44302      0.0692307
             16        7.29301        6.49614      0.0828149
             17        6.80933        6.51457      0.0799663
             18        7.43478        6.56569      0.0904004
             19        6.75623        6.57572      0.0861969
             20        6.53935         6.5739      0.0819062
              1        6.73905        6.73905              0
              2        6.72112        6.73008     0.00633676
              3        6.74276        6.73431      0.0054544
              4        6.29874        6.62542      0.0943927
              5         6.6871        6.63775      0.0763161
              6         6.4936        6.61373      0.0672724
              7        6.60911        6.61307      0.0576653
              8        6.32716        6.57733      0.0605268
              9        7.08779        6.63405      0.0758559
             10        6.59395        6.63004      0.0683762
             11        6.88792        6.65348      0.0660571
             12        6.35162        6.62833      0.0651664
             13        6.27058        6.60081      0.0657077
             14        6.09151        6.56443      0.0703678
             15        6.18723        6.53928      0.0700257
             16         7.3393        6.58928        0.08157
             17        6.78555        6.60083      0.0775844
             18        7.44164        6.64754      0.0861967
             19        6.73576        6.65218       0.081785
             20        6.49866        6.64451      0.0780551
