              1        0.13424        0.13424              0
              2       0.100492       0.117366      0.0119317
              3        0.16844       0.134391      0.0160156
              4       0.108092       0.127816      0.0132929
              5       0.153704       0.132994      0.0115989
              6       0.126316       0.131881       0.009719
              7       0.131848       0.131876     0.00833057
              8       0.132008       0.131892     0.00728927
              9       0.110416       0.129506     0.00685883
             10       0.122196       0.128775     0.00621178
             11       0.126568       0.128575     0.00565032
             12       0.101676       0.126333     0.00560648
             13       0.141008       0.127462     0.00528763
             14       0.115644       0.126618     0.00497687
             15       0.125804       0.126563     0.00464537
             16        0.13686       0.127207     0.00439939
             17       0.081264       0.124504     0.00490088
             18        0.10752       0.123561     0.00471857
             19       0.113764       0.123045     0.00449831
             20       0.152904       0.124538     0.00451434
              1        0.15036        0.15036              0
              2       0.105292       0.127826      0.0159339
              3       0.143432       0.133028      0.0114403
              4         0.1095       0.127146     0.00997842
              5       0.110516        0.12382     0.00851903
              6       0.106076       0.120863     0.00759518
              7        0.11962       0.120685     0.00651223
              8       0.144116       0.123614     0.00632261
              9       0.153072       0.126887     0.00641158
             10       0.131576       0.127356     0.00578754
             11       0.144016       0.128871     0.00545598
             12       0.143396       0.130081     0.00513383
             13       0.103992       0.128074     0.00511615
             14       0.144012       0.129213     0.00487572
             15       0.129712       0.129246     0.00455079
             16       0.135856       0.129659     0.00428508
             17       0.080064       0.126742     0.00492702
             18       0.106948       0.125642     0.00477443
             19       0.113824        0.12502     0.00456348
             20       0.151724       0.126355     0.00452642
