              1       0.392965       0.392965              0
              2       0.389136       0.391051     0.00135393
              3       0.395337       0.392479     0.00147505
              4       0.399149       0.394147     0.00181903
              5       0.397655       0.394848     0.00158476
              6       0.390462       0.394117     0.00147966
              7       0.393339       0.394006     0.00127245
              8       0.392592       0.393829     0.00112561
              9       0.394955       0.393954     0.00100747
             10       0.396721       0.394231     0.00094394
             11       0.396244       0.394414    0.000875684
             12       0.399681       0.394853    0.000906058
             13       0.397159        0.39503    0.000853553
             14       0.391978       0.394812    0.000819951
             15       0.402205       0.395305     0.00090131
             16       0.397693       0.395454    0.000857243
             17       0.396158       0.395496    0.000807815
             18       0.400754       0.395788    0.000814046
             19       0.398169       0.395913    0.000780787
             20       0.400735       0.396154    0.000778081
              1        0.39398        0.39398              0
              2       0.389838       0.391909     0.00146446
              3       0.395289       0.393036     0.00134153
              4       0.399634       0.394685     0.00174726
              5       0.397559        0.39526     0.00148938
              6        0.39099       0.394548     0.00140087
              7       0.393827       0.394445     0.00120453
              8       0.393425       0.394318      0.0010607
              9        0.39507       0.394401    0.000946127
             10       0.397159       0.394677    0.000890806
             11        0.39464       0.394674     0.00080983
             12       0.399348       0.395063    0.000830775
             13       0.396215       0.395152    0.000771581
             14       0.393224       0.395014    0.000728654
             15       0.402347       0.395503    0.000827982
             16       0.397997       0.395659    0.000790775
             17        0.39591       0.395674    0.000744397
             18       0.400773       0.395957    0.000755029
             19       0.397702       0.396049    0.000720857
             20        0.39932       0.396212    0.000703123
