              1        6.06769        6.06769              0
              2        5.43107        5.74938       0.225081
              3        5.97162        5.82346       0.161786
              4        5.81766        5.82201       0.121346
              5        5.72044         5.8017      0.0987628
              6        6.32161        5.88835       0.114153
              7        5.63647        5.85237       0.103361
              8        5.40563        5.79652       0.104442
              9        5.33436        5.74517       0.104703
             10        5.50847         5.7215      0.0968715
             11        5.59001        5.70955      0.0887995
             12        5.98921        5.73285      0.0844023
             13        5.39436        5.70682      0.0818277
             14        5.48868        5.69123      0.0774521
             15        5.27025        5.66317      0.0772063
             16          5.418        5.64785      0.0738858
             17        5.48667        5.63836      0.0701453
             18        5.74371        5.64422       0.066492
             19        5.27745        5.62491      0.0657347
             20        4.98539        5.59294      0.0697933
              1        6.05602        6.05602              0
              2        5.44045        5.74824       0.217637
              3        5.97488        5.82378        0.15766
              4        5.82988        5.82531       0.118252
              5        5.74702        5.80965      0.0956326
              6        6.30929        5.89292       0.110136
              7        5.62542        5.85471       0.100814
              8        5.35895        5.79274       0.105555
              9        5.33649        5.74204       0.105298
             10        5.51355        5.71919      0.0972161
             11        5.62767        5.71087      0.0887336
             12        5.96961        5.73244      0.0839178
             13        5.39108        5.70618      0.0814671
             14        5.49683        5.69122      0.0770081
             15        5.28185        5.66393      0.0765576
             16        5.40711        5.64788      0.0734362
             17        5.52965        5.64093      0.0694449
             18        5.73525        5.64617      0.0657843
             19        5.30097          5.628      0.0647822
             20        4.98481        5.59584      0.0690657
