              1       0.130608       0.130608              0
              2       0.108052        0.11933     0.00797475
              3       0.110972       0.116544     0.00578271
              4       0.130904       0.120134     0.00533628
              5       0.157476       0.127602     0.00792756
              6       0.115452       0.125577     0.00686007
              7       0.066832       0.117185     0.00974386
              8       0.094356       0.114332     0.00893397
              9         0.1114       0.114006     0.00794725
             10       0.076344        0.11024     0.00799526
             11        0.11226       0.110423     0.00727053
             12       0.104584       0.109937     0.00668092
             13        0.11272       0.110151     0.00617043
             14        0.10498       0.109781     0.00574073
             15       0.158396       0.113022      0.0062058
             16       0.127352       0.113918     0.00588221
             17       0.107032       0.113513     0.00555012
             18       0.108144       0.113215     0.00524979
             19        0.10928       0.113008     0.00497757
             20       0.112568       0.112986     0.00472874
              1       0.130196       0.130196              0
              2       0.108436       0.119316     0.00769332
              3       0.110152       0.116261     0.00570316
              4       0.130728       0.119878     0.00530152
              5       0.156732       0.127249     0.00783906
              6       0.115676        0.12532     0.00676568
              7       0.067464       0.117055     0.00960124
              8       0.094796       0.114272       0.008795
              9       0.111936       0.114013     0.00782161
             10        0.07654       0.110266     0.00788618
             11       0.112384       0.110458      0.0071716
             12       0.104636       0.109973     0.00659036
             13       0.113248       0.110225     0.00608822
             14       0.103804       0.109766      0.0056706
             15       0.158692       0.113028      0.0061596
             16       0.127132        0.11391     0.00583736
             17       0.106788       0.113491       0.005509
             18       0.109568       0.113273     0.00520725
             19         0.1083       0.113011     0.00493976
             20       0.112116       0.112966     0.00469297
