              1      -0.724232      -0.724232              0
              2      -0.727424      -0.725828     0.00112854
              3      -0.722248      -0.724635     0.00123102
              4      -0.719048      -0.723238     0.00152165
              5      -0.720304      -0.722651     0.00132565
              6       -0.72632      -0.723263     0.00123772
              7       -0.72392      -0.723357     0.00106446
              8      -0.724544      -0.723505    0.000941694
              9      -0.722568      -0.723401    0.000842796
             10      -0.721088       -0.72317    0.000789616
             11      -0.721488      -0.723017    0.000732481
             12        -0.7186      -0.722649    0.000758296
             13       -0.72072        -0.7225    0.000714331
             14      -0.725056      -0.722683    0.000686237
             15      -0.716472      -0.722269    0.000755141
             16      -0.720272      -0.722144    0.000718183
             17       -0.72156       -0.72211    0.000676758
             18      -0.717696      -0.721864    0.000682137
             19      -0.719872       -0.72176    0.000654246
             20      -0.717712      -0.721557    0.000652084
              1      -0.723384      -0.723384              0
              2       -0.72684      -0.725112     0.00122188
              3      -0.722288      -0.724171     0.00111995
              4       -0.71864      -0.722788     0.00146266
              5      -0.720384      -0.722307     0.00124665
              6       -0.72588      -0.722903     0.00117249
              7      -0.723512       -0.72299     0.00100822
              8      -0.723848      -0.723097    0.000887882
              9      -0.722472      -0.723028     0.00079194
             10       -0.72072      -0.722797    0.000745607
             11      -0.722832        -0.7228    0.000677831
             12       -0.71888      -0.722473    0.000695621
             13      -0.721512      -0.722399     0.00064603
             14      -0.724016      -0.722515    0.000610118
             15      -0.716352      -0.722104     0.00069413
             16      -0.720016      -0.721974      0.0006629
             17      -0.721768      -0.721961    0.000624016
             18       -0.71768      -0.721724     0.00063306
             19      -0.720264      -0.721647    0.000604384
             20      -0.718904       -0.72151    0.000589518
