-0.149078   -0.225001   -0.345652
-0.190142   0.188742   -0.165835
0.154439   -0.404435   0.0715639
-0.480987   -0.32561   0.466153
-0.0952983   -0.234766   0.150058
0.409539   0.479963   -0.165202
-0.112836   0.397862   0.00928363
-0.210085   0.196801   -0.481777
-0.405141   0.0524828   -0.329599
0.165649   0.498163   0.420734
0.354151   -0.486823   0.286381
-0.33594   -0.168559   -0.134013
-0.343205   -0.0896363   -0.120846
0.188653   0.362132   -0.344538
0.281944   0.132342   -0.0388353
-0.140778   0.00962177   -0.058912
0.363163   -0.356925   0.426584
0.496576   0.0157714   -0.00489194
-0.128762   0.323793   -0.458839
-0.0605041   0.0666628   0.434895
-0.253221   0.312529   -0.400291
0.426673   0.180565   -0.474906
0.193208   -0.220971   0.26562
0.440684   -0.0336644   -0.474183
-0.309097   -0.0719231   -0.359612
-0.321781   0.127595   -0.190237
-0.393077   -0.255996   -0.143644
-0.296467   0.357081   0.449143
0.0920404   0.0171048   -0.20529
-0.0442514   -0.0440756   0.151249
0.00941175   0.209945   0.481032
-0.251572   -0.4209   0.382925
-0.292289   -0.424784   -0.118875
0.321051   0.35073   0.376309
-0.447583   -0.146558   0.493356
-0.401213   0.143538   -0.124405
0.29095   0.171851   0.391039
-0.180555   -0.265997   -0.107308
0.3594   -0.131966   -0.184654
0.2267   0.278588   0.413927
-0.0657143   0.14528   0.402842
-0.099091   0.123909   0.297126
-0.348811   0.0606864   -0.273991
0.135037   -0.255396   -0.0889633
-0.0196661   -0.166268   -0.331796
0.46316   0.113992   0.389167
0.311447   -0.177767   -0.496459
0.452761   0.0452037   0.328449
-0.303433   0.282069   0.477411
0.365146   0.080903   -0.153273
0.132545   -0.339662   -0.480902
0.495347   -0.0485306   -0.252185
0.392834   0.344162   -0.266042
0.273816   0.327088   -0.026455
-0.438081   0.365756   0.385734
0.303957   -0.309522   0.0121982
-0.477097   -0.0781877   -0.143196
-0.0388593   0.152321   0.170443
0.351559   -0.138862   0.148409
-0.478995   -0.290381   0.297687
0.347397   -0.0681887   -0.064504
0.268201   -0.411267   -0.0954655
0.0916228   0.267918   -0.395088
-0.394781   0.0831516   -0.212544
-0.475143   0.189969   -0.334866
0.150245   0.151664   0.0794223
-0.0758849   -0.348885   -0.368176
0.14931   -0.266391   -0.188324
0.0689698   0.196933   -0.255131
0.378642   0.252203   0.357687
0.336461   0.296486   0.141468
0.171833   0.263244   -0.416299
-0.060842   -0.0248484   -0.00245995
0.474912   0.255653   0.109545
0.41647   0.168975   0.442155
0.330886   0.284427   -0.220388
-0.198749   -0.154403   -0.0896533
0.189747   -0.0393869   0.247179
-0.296838   -0.229257   -0.195788
0.276042   0.368965   0.125184
-0.421632   0.229223   0.0758909
-0.271691   -0.0453817   -0.271367
-0.212053   0.10666   -0.335715
-0.296022   -0.282302   0.162166
0.0631926   0.0564051   0.204757
0.310947   -0.0976422   0.439753
0.488251   -0.450176   0.391708
0.235701   -0.0754805   -0.492576
0.303838   0.436523   -0.238753
-0.0178222   -0.348496   -0.442979
-0.364908   -0.0772507   -0.207612
-0.422501   -0.074643   -0.365694
0.150871   -0.303938   -0.0348918
0.417753   0.3822   0.145557
-0.310911   -0.296208   -0.0516905
-0.268162   0.0111751   -0.343687
-0.243546   -0.484016   -0.490163
0.169534   0.445184   -0.331695
0.173469   -0.307359   0.28646
-0.205627   -0.0172282   -0.232384
0.0220694   -0.471605   0.114464
0.410665   0.270415   0.462898
-0.223779   -0.341041   0.22326
-0.359291   0.204024   0.227272
-0.212158   -0.115345   -0.277261
0.279536   -0.286187   0.33177
-0.165653   -0.397365   0.231413
0.255915   -0.16921   -0.207783
