              0        1.25104
              1          2.685
              2        3.67288
              3        4.05687
              4        4.44389
              5        4.69795
              6        5.14245
              7        5.33957
              8        5.82471
              9        6.01779
             10        6.30261
             11        6.64153
             12        6.56143
             13        6.32288
             14        6.14731
             15         6.3289
             16        6.94246
             17        7.02293
             18        7.73779
             19        7.53908
             20        8.49704
             21        7.62281
             22        8.03402
             23        7.49138
             24        7.00331
             25         6.7969
             26        6.99035
             27        7.07428
             28        7.05057
             29        7.02526
             30        6.80024
             31        7.32456
             32        7.59746
             33        7.25424
             34        6.96075
             35        6.86918
             36        7.03984
             37        6.93752
             38        6.84184
             39        6.45416
             40        6.14484
             41        6.31134
             42        6.63086
             43        6.93173
             44        6.59956
             45        6.82222
             46        6.87696
             47        7.30608
             48        7.19287
             49         7.3727
             50        7.55002
             51        7.97425
             52        7.62933
             53        7.49812
             54        7.62646
             55        7.27768
             56        7.10658
             57         6.7658
             58        6.73424
             59        6.62863
             60        7.08618
             61        7.06794
             62         7.3221
             63        7.72787
             64        7.48876
             65        7.98489
             66        7.94204
             67        7.95277
             68        7.63725
             69        7.84135
             70        7.94285
             71         7.5321
             72        7.68702
             73        7.78567
             74        7.63376
             75        7.59649
             76        7.79375
             77        7.96178
             78         7.2965
             79        7.14346
             80        6.97163
             81        7.08586
             82        7.23303
             83        6.91207
             84        7.14299
             85        7.92431
             86         7.7056
             87        7.68289
             88        7.86753
             89        7.52099
             90        7.89111
             91        7.50668
             92        7.38298
             93        7.45345
             94        7.38143
             95         7.3963
             96        7.69012
             97        8.00194
             98        7.98644
             99        7.92812
            100        7.74877
            101        7.94967
            102        7.92917
            103        8.28203
            104        8.31679
            105        8.14835
            106         7.9136
            107        7.98104
            108        8.02708
            109        7.76183
            110        7.75453
            111        7.63616
            112        7.36898
            113         7.3308
            114        7.98808
            115        8.21719
            116        7.45181
            117        7.45165
            118        7.74264
            119        7.93756
            120        8.40608
            121        8.91925
            122        8.60724
            123        8.94217
            124        8.87658
            125         8.5404
            126        8.22902
            127        7.62488
            128        8.06591
            129        7.97186
            130        7.18427
            131        7.38394
            132        7.32554
            133        7.31066
            134        7.11178
            135        7.20675
            136        7.38939
            137        7.44087
            138        7.55773
            139        7.58155
            140        7.86727
            141        7.63965
            142        7.48331
            143        8.21354
            144        7.88822
            145        7.98057
            146        8.08289
            147        8.05733
            148         7.8729
            149        7.71688
            150        7.68651
            151        7.84011
            152        7.44174
            153        7.28844
            154        7.27064
            155        7.21444
            156        6.79939
            157        7.25448
            158        7.00702
            159        7.53633
            160        7.37739
            161        7.09125
            162        7.28505
            163        7.64976
            164        6.99953
            165        7.38276
            166        7.25988
            167        7.33109
            168        7.60035
            169        7.01706
            170        7.41824
            171        7.30305
            172        7.57183
            173        7.39197
            174        7.87991
            175        7.63253
            176        7.86946
            177        7.47146
            178        7.41853
            179        8.01346
            180        7.63574
            181        7.65252
            182        7.22063
            183        7.38855
            184        8.25007
            185        7.98331
            186        8.25037
            187        8.62118
            188        8.24891
            189        8.33654
            190         8.1496
            191        8.62158
            192        8.44771
            193        8.10933
            194         7.6709
            195        7.95071
            196        7.74505
            197        8.00762
            198        7.80694
            199        7.74884
            200        7.61063
            201        7.76404
            202        8.05098
            203        7.88265
            204        7.81445
            205        7.76175
            206        8.32424
            207        8.53714
            208         8.6629
            209        8.45809
            210        8.47053
            211        7.78087
            212        8.05958
            213        8.10849
            214        8.22816
            215        8.66293
            216        8.67043
            217        8.15324
            218        8.11629
            219        8.01112
            220         7.4918
            221        7.47347
            222        7.20897
            223        7.41121
            224        7.62649
            225        7.29366
            226        7.36056
            227        7.56593
            228        7.77827
            229        7.86259
            230        7.86183
            231         7.9194
            232        7.97093
            233        7.98722
            234        7.66015
            235        7.59821
            236        7.33966
            237         7.2212
            238        7.77213
            239        8.23147
            240         7.8229
            241        7.30111
            242        7.04396
            243        6.70679
            244        7.00174
            245        7.07672
            246        7.31382
            247        7.31356
            248        7.20801
            249        7.70182
            250         7.3849
            251         7.8182
            252        7.79658
            253         7.5959
            254        7.46201
            255        7.15126
            256        7.18524
            257        7.15858
            258        7.14611
            259        6.88952
            260        6.78396
            261         6.8115
            262        6.34064
            263        6.52049
            264        6.89513
            265         7.3779
            266        7.46717
            267        7.03067
            268        7.24126
            269        7.08802
            270        7.31754
            271         7.6062
            272        7.78072
            273        7.48596
            274        7.60587
            275        8.02236
            276        8.35195
            277        7.93284
            278        7.75431
            279        8.18776
            280        8.43752
            281        8.49244
            282        7.95989
            283        7.75957
            284        7.64242
            285        7.02613
            286        7.34092
            287        7.38904
            288        7.87238
            289        8.21207
            290         8.3877
            291        8.07882
            292        7.68835
            293        7.62375
            294        7.89911
            295        8.38435
            296        8.30197
            297        7.74972
            298        7.90984
            299        7.79123
            300        7.54496
            301         7.4278
            302        7.37183
            303        7.10582
            304         8.1364
            305        8.25126
            306        8.23645
            307        8.07902
            308        8.74212
            309         8.8937
            310        8.63981
            311        8.97873
            312         8.8076
            313        8.28157
            314        8.17955
            315        8.42297
            316        7.85259
            317        7.85662
            318        7.70277
            319        7.48551
            320        7.37918
            321        7.81717
            322        7.70165
            323        7.65777
            324        7.66498
            325        7.42656
            326        7.55993
            327        7.76363
            328        7.35777
            329        7.18218
            330        7.23479
            331        7.11415
            332         7.0575
            333        7.31008
            334        7.09893
            335        7.59062
            336        7.78658
            337        7.68401
            338        7.12563
            339        7.45695
            340        7.38755
            341        7.30316
            342        7.23912
            343         6.9922
            344        7.30944
            345        7.12638
            346        6.50731
            347        7.24392
            348        7.69756
            349        7.46112
            350        7.39996
            351        7.31153
            352        7.29227
            353        7.29926
            354        7.44871
            355        8.33125
            356        8.10401
            357        7.91302
            358        7.84053
            359        7.97996
            360        7.66929
            361         7.9925
            362        8.45636
            363        8.06816
            364        7.63859
            365        7.58463
            366        7.46317
            367        7.95577
            368        7.44313
            369        7.35544
            370        7.66585
            371        7.87604
            372        7.73691
            373        7.70036
            374        7.66712
            375        7.78627
            376        7.72704
            377        7.58794
            378        7.55514
            379        7.21067
            380        7.30611
            381        7.64122
            382        7.45152
            383        7.04911
            384        7.37094
            385        7.22977
            386        6.91688
            387        7.40204
            388        7.60637
            389        6.99152
            390        6.82335
            391        6.88815
            392        7.67272
            393        8.20032
            394        7.94674
            395         7.8577
            396        7.65099
            397         7.2718
            398        7.07602
            399        6.86435
            400        7.24159
            401        7.18025
            402        7.54264
            403        7.52837
            404        7.67283
            405         7.3688
            406         7.4014
            407        7.59242
            408        7.42809
            409        7.07146
            410        6.91009
            411        6.85307
            412        7.05013
            413        6.97413
            414        7.28851
            415        7.74274
            416        7.49133
            417        7.87012
            418         7.4062
            419        7.55146
            420        7.47561
            421        7.35364
            422        6.84781
            423        7.17337
            424        7.14494
            425        6.98835
            426        7.73183
            427        8.12769
            428        8.00516
            429         8.0213
            430        8.19656
            431        8.14896
            432        8.04763
            433         7.8561
            434        8.15809
            435        7.53203
            436         7.3631
            437        7.61903
            438        7.51688
            439        7.46256
            440        7.38548
            441        6.79698
            442        6.66391
            443        6.59715
            444        6.85684
            445        7.34603
            446        7.26179
            447        7.44921
            448        7.26205
            449        7.57292
            450        7.60315
            451        7.89141
            452        7.59112
            453         7.6363
            454         7.8104
            455        8.07091
            456        8.23919
            457        7.99491
            458         8.3209
            459        7.79645
            460        7.71978
            461        7.75353
            462        7.49285
            463        7.49118
            464        7.38105
            465        7.37695
            466        7.54563
            467         7.1785
            468        6.77535
            469        6.70976
            470         6.7532
            471        6.97062
            472        6.89344
            473        7.25327
            474        7.67214
            475        7.30973
            476        7.69251
            477        7.76253
            478        7.13672
            479        7.09088
            480        7.26576
            481        7.34596
            482        7.53815
            483        7.22888
            484        7.76729
            485        8.10431
            486        8.04887
            487        7.86305
            488        7.42081
            489        7.66928
            490         7.7894
            491        7.52408
            492        7.82335
            493        8.26446
            494        8.03876
            495        7.77288
            496        7.78599
            497         7.1367
            498        7.14002
            499        7.23385
            500         7.4068
            501        7.16893
            502        6.98141
            503        7.05096
            504        7.27964
            505        7.10063
            506        6.67828
            507        6.62236
            508        6.43371
            509         6.7452
            510        6.36689
            511        6.17712
            512         6.5651
            513        6.71451
            514        6.80994
            515        7.34137
            516        7.07694
            517        7.50361
            518        6.96669
            519         6.9277
            520        6.64114
            521        6.99038
            522        6.92974
            523        6.97823
            524        6.75163
            525        6.50562
            526        6.74362
            527        6.48411
