              0       -8.71336
              1       -8.44843
              2       -8.26633
              3       -8.19488
              4       -8.12103
              5       -8.07289
              6       -7.98924
              7       -7.95569
              8       -7.86577
              9       -7.83147
             10       -7.78201
             11       -7.72091
             12        -7.7307
             13       -7.77622
             14       -7.80843
             15       -7.77578
             16       -7.66849
             17       -7.65429
             18       -7.52886
             19       -7.55837
             20       -7.38615
             21       -7.54561
             22       -7.47607
             23       -7.58067
             24       -7.66474
             25       -7.69529
             26       -7.65879
             27       -7.64506
             28       -7.65522
             29       -7.65495
             30        -7.6895
             31       -7.60061
             32        -7.5575
             33       -7.61081
             34       -7.66437
             35       -7.67971
             36       -7.64727
             37       -7.66462
             38       -7.67802
             39       -7.74857
             40        -7.8034
             41       -7.77554
             42       -7.71627
             43       -7.66927
             44       -7.72461
             45         -7.683
             46       -7.67707
             47       -7.59412
             48       -7.61461
             49       -7.58691
             50       -7.55632
             51       -7.47491
             52       -7.54224
             53       -7.56713
             54       -7.53697
             55       -7.60387
             56       -7.63771
             57       -7.70253
             58       -7.70765
             59       -7.72619
             60       -7.64096
             61       -7.64393
             62       -7.59339
             63       -7.52303
             64       -7.57026
             65       -7.48547
             66       -7.49164
             67       -7.48814
             68       -7.54538
             69       -7.51229
             70        -7.4843
             71       -7.56199
             72        -7.5329
             73       -7.52159
             74       -7.54571
             75         -7.551
             76       -7.51327
             77       -7.47806
             78       -7.59823
             79       -7.62454
             80       -7.66371
             81       -7.64176
             82       -7.60955
             83       -7.66337
             84          -7.63
             85       -7.48982
             86       -7.52765
             87       -7.52986
             88       -7.50398
             89       -7.56365
             90       -7.49834
             91       -7.56348
             92       -7.58733
             93       -7.57093
             94       -7.58215
             95       -7.57799
             96       -7.52997
             97       -7.47488
             98       -7.47419
             99       -7.48703
            100       -7.51639
            101       -7.48141
            102        -7.4796
            103       -7.41901
            104       -7.41395
            105        -7.4416
            106       -7.47839
            107       -7.47348
            108       -7.46625
            109       -7.51252
            110        -7.5131
            111       -7.53391
            112       -7.58351
            113       -7.58956
            114       -7.47341
            115       -7.42956
            116       -7.56798
            117       -7.57043
            118       -7.52015
            119       -7.48607
            120        -7.4073
            121       -7.30738
            122       -7.36573
            123       -7.30763
            124       -7.31595
            125       -7.37791
            126       -7.42962
            127       -7.53767
            128       -7.45435
            129       -7.46804
            130       -7.60956
            131       -7.57735
            132        -7.5899
            133       -7.59523
            134        -7.6287
            135       -7.60957
            136       -7.57342
            137       -7.56853
            138       -7.55057
            139       -7.54593
            140       -7.48664
            141       -7.53237
            142       -7.55945
            143       -7.43418
            144       -7.50023
            145       -7.47732
            146       -7.45671
            147       -7.46004
            148       -7.49415
            149       -7.53065
            150       -7.53456
            151       -7.50126
            152       -7.57713
            153       -7.60291
            154       -7.60103
            155       -7.61035
            156       -7.69127
            157       -7.60174
            158        -7.6448
            159       -7.55633
            160       -7.58168
            161       -7.63063
            162       -7.59197
            163       -7.53749
            164       -7.65202
            165       -7.57504
            166        -7.5955
            167       -7.59278
            168       -7.54202
            169       -7.64991
            170        -7.5825
            171       -7.59856
            172       -7.54864
            173       -7.58078
            174       -7.49145
            175       -7.53753
            176       -7.49971
            177        -7.5774
            178       -7.58553
            179       -7.47936
            180       -7.54616
            181       -7.53994
            182       -7.61576
            183       -7.58559
            184        -7.4276
            185       -7.47761
            186       -7.42765
            187       -7.35654
            188       -7.42209
            189       -7.41323
            190       -7.44751
            191       -7.36621
            192       -7.39654
            193        -7.4563
            194       -7.54092
            195       -7.48326
            196       -7.51392
            197       -7.46955
            198       -7.50624
            199       -7.51981
            200       -7.54305
            201       -7.51113
            202       -7.46312
            203       -7.49096
            204       -7.50526
            205       -7.51358
            206       -7.41104
            207       -7.37766
            208       -7.35764
            209       -7.39534
            210       -7.39873
            211       -7.51693
            212       -7.46443
            213       -7.46148
            214       -7.43847
            215       -7.35514
            216       -7.35431
            217       -7.44794
            218       -7.45385
            219       -7.47729
            220       -7.57007
            221       -7.56924
            222       -7.61823
            223       -7.57787
            224       -7.53944
            225       -7.60213
            226        -7.5921
            227       -7.55382
            228       -7.51048
            229       -7.49175
            230       -7.49589
            231       -7.48166
            232       -7.47478
            233       -7.46847
            234       -7.53228
            235       -7.54157
            236       -7.59279
            237       -7.61732
            238       -7.51352
            239       -7.43519
            240       -7.50447
            241       -7.60031
            242       -7.64623
            243       -7.70221
            244       -7.65379
            245       -7.64332
            246       -7.60282
            247       -7.59947
            248       -7.62245
            249       -7.53412
            250       -7.58961
            251       -7.51532
            252        -7.5204
            253       -7.55676
            254       -7.57836
            255       -7.62646
            256       -7.62217
            257       -7.63311
            258       -7.62887
            259       -7.67951
            260        -7.7005
            261       -7.69113
            262       -7.77315
            263       -7.74077
            264       -7.67254
            265       -7.58151
            266        -7.5693
            267       -7.64371
            268       -7.60544
            269       -7.63568
            270       -7.59488
            271       -7.54502
            272        -7.5157
            273       -7.56241
            274       -7.53664
            275       -7.46508
            276       -7.41122
            277       -7.48334
            278       -7.51794
            279       -7.43741
            280       -7.39118
            281       -7.37528
            282       -7.47559
            283       -7.51793
            284       -7.53533
            285       -7.64976
            286       -7.59848
            287       -7.59268
            288       -7.50073
            289       -7.44314
            290        -7.4114
            291       -7.46198
            292        -7.5248
            293       -7.53492
            294        -7.4865
            295       -7.39984
            296       -7.41237
            297       -7.52027
            298       -7.49259
            299        -7.5095
            300       -7.55791
            301       -7.56983
            302       -7.58068
            303       -7.63538
            304       -7.44799
            305       -7.43163
            306        -7.4385
            307       -7.46704
            308       -7.34827
            309        -7.3214
            310       -7.36808
            311       -7.30457
            312       -7.33044
            313       -7.42112
            314       -7.43919
            315       -7.40293
            316       -7.50547
            317       -7.50483
            318       -7.52568
            319       -7.56397
            320       -7.58435
            321       -7.51007
            322       -7.53046
            323       -7.54177
            324       -7.53811
            325       -7.57988
            326       -7.56088
            327       -7.52606
            328       -7.59635
            329        -7.6248
            330       -7.61093
            331       -7.63024
            332       -7.64184
            333       -7.59864
            334       -7.63201
            335       -7.54279
            336       -7.51178
            337       -7.52883
            338       -7.62779
            339       -7.56413
            340       -7.58141
            341       -7.59468
            342       -7.60913
            343       -7.65197
            344        -7.5962
            345       -7.63473
            346       -7.74742
            347       -7.61394
            348       -7.52834
            349       -7.56898
            350       -7.58117
            351       -7.58835
            352       -7.59097
            353        -7.5908
            354       -7.56257
            355       -7.40113
            356       -7.44864
            357       -7.49083
            358       -7.49704
            359       -7.47958
            360       -7.53239
            361       -7.48133
            362        -7.3992
            363       -7.46319
            364       -7.53022
            365       -7.54203
            366       -7.56628
            367       -7.47531
            368       -7.57218
            369       -7.58879
            370       -7.52779
            371       -7.49185
            372       -7.51969
            373       -7.53146
            374       -7.53664
            375       -7.51473
            376       -7.52044
            377       -7.55017
            378       -7.55671
            379       -7.61654
            380       -7.60467
            381        -7.5443
            382       -7.57616
            383       -7.65105
            384       -7.59095
            385       -7.61779
            386       -7.66942
            387        -7.5835
            388        -7.5499
            389       -7.65414
            390       -7.68426
            391       -7.67599
            392       -7.53127
            393        -7.4377
            394       -7.48759
            395        -7.5038
            396       -7.53991
            397       -7.60793
            398       -7.63841
            399       -7.67094
            400       -7.61068
            401       -7.61868
            402       -7.55367
            403        -7.5546
            404       -7.53121
            405       -7.58492
            406       -7.58361
            407       -7.54806
            408       -7.56629
            409       -7.63728
            410       -7.67316
            411       -7.67845
            412       -7.64641
            413       -7.65876
            414       -7.60401
            415       -7.52305
            416       -7.56868
            417       -7.49947
            418       -7.58132
            419       -7.55925
            420       -7.57345
            421       -7.58971
            422       -7.68352
            423       -7.62457
            424       -7.63036
            425       -7.66195
            426       -7.53086
            427       -7.45601
            428       -7.47745
            429       -7.47911
            430       -7.44418
            431       -7.46201
            432       -7.48141
            433       -7.50589
            434       -7.45316
            435       -7.56633
            436       -7.59837
            437       -7.54966
            438       -7.56918
            439       -7.57456
            440       -7.57973
            441       -7.69016
            442       -7.71164
            443       -7.72806
            444       -7.67872
            445       -7.59205
            446       -7.61141
            447       -7.57224
            448       -7.60969
            449       -7.55535
            450       -7.54467
            451       -7.49952
            452       -7.55049
            453       -7.53748
            454       -7.50607
            455       -7.46066
            456        -7.4239
            457       -7.46868
            458       -7.41238
            459       -7.50786
            460       -7.52116
            461       -7.51362
            462       -7.56425
            463        -7.5605
            464       -7.58081
            465        -7.5798
            466       -7.55547
            467       -7.61757
            468        -7.6902
            469        -7.7043
            470       -7.69367
            471       -7.65669
            472       -7.66844
            473       -7.61255
            474       -7.54133
            475       -7.60646
            476       -7.53461
            477       -7.52271
            478       -7.63158
            479       -7.63886
            480       -7.60472
            481       -7.58962
            482       -7.55659
            483       -7.61791
            484       -7.51983
            485       -7.45699
            486       -7.46969
            487       -7.49851
            488       -7.57574
            489       -7.53268
            490       -7.51223
            491       -7.56078
            492       -7.50658
            493       -7.42957
            494       -7.47505
            495       -7.52663
            496        -7.5234
            497         -7.632
            498       -7.63108
            499       -7.61874
            500       -7.58684
            501       -7.63046
            502       -7.66046
            503       -7.64959
            504       -7.60676
            505        -7.6369
            506       -7.71216
            507       -7.72872
            508       -7.76132
            509       -7.70702
            510        -7.7723
            511       -7.80646
            512       -7.73795
            513       -7.70996
            514       -7.68591
            515       -7.59513
            516       -7.64186
            517       -7.55777
            518       -7.65382
            519       -7.66293
            520       -7.71473
            521       -7.65134
            522       -7.66026
            523       -7.65642
            524       -7.70048
            525       -7.74573
            526       -7.70229
            527       -7.74788
