              1      -0.576824      -0.576824              0
              2      -0.578616       -0.57772    0.000633568
              3      -0.574928      -0.576789    0.000869385
              4      -0.574384      -0.576188    0.000834479
              5      -0.576624      -0.576275    0.000672124
              6      -0.580544      -0.576987    0.000857634
              7      -0.578248      -0.577167    0.000753807
              8      -0.576312       -0.57706    0.000667112
              9      -0.576192      -0.576964    0.000599919
             10      -0.579224       -0.57719    0.000580954
             11      -0.575136      -0.577003     0.00055733
             12      -0.576112      -0.576929    0.000515807
             13      -0.579664      -0.577139    0.000517268
             14      -0.577856       -0.57719    0.000482849
             15      -0.576592       -0.57715    0.000452303
             16      -0.576992       -0.57714    0.000424143
             17      -0.575744      -0.577058     0.00040707
             18      -0.576264      -0.577014     0.00038684
             19       -0.57796      -0.577064    0.000369669
             20      -0.574144      -0.576918    0.000378921
              1      -0.575856      -0.575856              0
              2      -0.578352      -0.577104    0.000882469
              3      -0.575376      -0.576528    0.000753191
              4      -0.574448      -0.576008    0.000722429
              5      -0.576864      -0.576179    0.000597885
              6      -0.580376      -0.576879    0.000809908
              7      -0.577304      -0.576939    0.000696483
              8      -0.574872      -0.576681    0.000655616
              9      -0.577064      -0.576724     0.00058415
             10       -0.57892      -0.576943    0.000565523
             11      -0.576528      -0.576905     0.00051537
             12       -0.57712      -0.576923    0.000472732
             13      -0.580088      -0.577167    0.000495096
             14      -0.578312      -0.577249    0.000466441
             15      -0.577528      -0.577267    0.000435717
             16       -0.57768      -0.577293    0.000409247
             17      -0.576568       -0.57725     0.00038739
             18      -0.575936      -0.577177    0.000372686
             19       -0.57832      -0.577237    0.000357891
             20      -0.574376      -0.577094    0.000367483
