              1       0.054164       0.054164              0
              2       0.042476        0.04832     0.00413233
              3       0.041128      0.0459227     0.00337948
              4         0.0635       0.050317      0.0045724
              5        0.07464      0.0551816     0.00568435
              6       0.037088       0.052166     0.00547878
              7       0.036104      0.0498714     0.00515424
              8       0.052932       0.050254     0.00452414
              9       0.052208      0.0504711     0.00402666
             10       0.040564      0.0494804     0.00374389
             11        0.04068      0.0486804     0.00348797
             12       0.049112      0.0487163     0.00319749
             13       0.047792      0.0486452     0.00295232
             14       0.043036      0.0482446     0.00276849
             15       0.075748      0.0500781     0.00313281
             16       0.047124      0.0498935     0.00294244
             17       0.049512      0.0498711     0.00276945
             18       0.059672      0.0504156     0.00266858
             19       0.036404      0.0496781     0.00262805
             20       0.048716        0.04963     0.00249708
              1       0.053448       0.053448              0
              2       0.043396       0.048422     0.00355392
              3       0.039804      0.0455493     0.00333391
              4       0.063836       0.050121     0.00468266
              5       0.072972      0.0546912     0.00554462
              6        0.03694      0.0517327     0.00535194
              7       0.036796      0.0495989     0.00499467
              8       0.052924      0.0500145      0.0043876
              9       0.052636      0.0503058     0.00390974
             10       0.039856      0.0492608     0.00365575
             11       0.040564      0.0484702     0.00340783
             12        0.05028       0.048621     0.00312718
             13       0.049524      0.0486905      0.0028874
             14       0.041412      0.0481706     0.00272756
             15       0.076248      0.0500424     0.00312264
             16       0.046948       0.049849     0.00293345
             17       0.049004      0.0497993     0.00276132
             18       0.060872      0.0504144     0.00267556
             19       0.035608      0.0496352     0.00264579
             20        0.04778      0.0495424     0.00251513
