              1       0.288813       0.288813              0
              2       0.287917       0.288365     0.00031685
              3       0.289758        0.28883    0.000434063
              4       0.290029       0.289129    0.000416437
              5       0.288913       0.289086     0.00033539
              6        0.28695        0.28873    0.000428684
              7       0.288101        0.28864    0.000376737
              8       0.289069       0.288694    0.000333431
              9       0.289129       0.288742    0.000299862
             10       0.287612       0.288629    0.000290381
             11       0.289655       0.288722    0.000278552
             12       0.289169        0.28876    0.000257808
             13       0.287392       0.288654    0.000258561
             14       0.288297       0.288629    0.000241346
             15       0.288929       0.288649    0.000226084
             16       0.288729       0.288654     0.00021201
             17       0.289352       0.288695    0.000203477
             18       0.289093       0.288717    0.000193368
             19       0.288245       0.288692    0.000184778
             20       0.290148       0.288765    0.000189339
              1       0.289296       0.289296              0
              2       0.288049       0.288673    0.000440856
              3       0.289535        0.28896    0.000376167
              4       0.289997       0.289219     0.00036055
              5       0.288793       0.289134    0.000298347
              6       0.287034       0.288784    0.000404852
              7       0.288573       0.288754    0.000348134
              8       0.289786       0.288883    0.000327653
              9       0.288693       0.288862    0.000291925
             10       0.287765       0.288752    0.000282605
             11       0.288961       0.288771    0.000257549
             12       0.288665       0.288762    0.000236238
             13       0.287179       0.288641     0.00024749
             14       0.288069         0.2886    0.000233153
             15       0.288461       0.288591    0.000217791
             16       0.288385       0.288578    0.000204556
             17       0.288941       0.288599    0.000193636
             18       0.289256       0.288636    0.000186289
             19       0.288065       0.288606    0.000178887
             20       0.290033       0.288677    0.000183627
