              1        2.31506        2.31506              0
              2        2.41615        2.36561      0.0357387
              3        2.48501        2.40541      0.0402951
              4        2.38698         2.4008      0.0304835
              5        2.39714        2.40007      0.0243956
              6        2.34361        2.39066      0.0220701
              7        2.49059        2.40493      0.0230771
              8        2.39967        2.40427      0.0202019
              9        2.41734        2.40573      0.0180093
             10        2.55453        2.42061      0.0214941
             11        2.45275        2.42353      0.0197378
             12        2.44767        2.42554      0.0181952
             13        2.51448        2.43238      0.0180359
             14        2.63374        2.44677      0.0217385
             15        2.47184        2.44844      0.0203535
             16        2.52206        2.45304      0.0195946
             17         2.4153        2.45082      0.0185673
             18        2.45727        2.45118      0.0175393
             19        2.44777          2.451      0.0166171
             20        2.41926        2.44941      0.0158618
              1        2.31117        2.31117              0
              2        2.42561        2.36839      0.0404614
              3        2.48357        2.40678      0.0413568
              4        2.38825        2.40215      0.0312761
              5        2.40696        2.40311      0.0250357
              6        2.34711        2.39378      0.0225358
              7        2.48448        2.40674      0.0227387
              8        2.40147        2.40608      0.0199059
              9        2.42373        2.40804      0.0177905
             10        2.56286        2.42352      0.0217279
             11        2.47848        2.42852       0.020319
             12        2.43261        2.42886      0.0186286
             13        2.50786        2.43494      0.0181599
             14        2.63697        2.44937      0.0218572
             15        2.49102        2.45214      0.0205757
             16        2.50745         2.4556      0.0195779
             17        2.43317        2.45428      0.0184707
             18         2.4657        2.45492      0.0174554
             19        2.44137         2.4542      0.0165513
             20        2.41814         2.4524      0.0158217
