              1       0.226253       0.226253              0
              2       0.225914       0.226083    0.000119812
              3       0.226911       0.226359     0.00023911
              4       0.227322         0.2266    0.000275033
              5       0.226386       0.226557    0.000223346
              6       0.225739       0.226421    0.000223893
              7       0.225696       0.226317    0.000214548
              8        0.22654       0.226345     0.00018953
              9       0.226429       0.226355    0.000168701
             10       0.226069       0.226326    0.000154229
             11       0.226632       0.226354    0.000142694
             12        0.22648       0.226364     0.00013119
             13       0.226567        0.22638    0.000122019
             14       0.226035       0.226355    0.000115763
             15       0.226412       0.226359    0.000108108
             16       0.226695        0.22638    0.000103366
             17       0.226764       0.226403    9.97291e-05
             18       0.226393       0.226402      9.419e-05
             19       0.225601        0.22636    9.82175e-05
             20       0.227811       0.226432     0.00011709
              1       0.226632       0.226632              0
              2       0.226054       0.226343    0.000204186
              3       0.227118       0.226602    0.000251075
              4       0.227027       0.226708    0.000209623
              5       0.226417        0.22665     0.00017558
              6        0.22571       0.226493    0.000204552
              7       0.226018       0.226425    0.000186249
              8       0.226557       0.226442    0.000163695
              9       0.225987       0.226391    0.000153121
             10       0.225994       0.226351    0.000142871
             11       0.226178       0.226336    0.000130752
             12       0.226473       0.226347    0.000120353
             13       0.226316       0.226345    0.000111119
             14       0.226025       0.226322    0.000105497
             15        0.22647       0.226332    9.89268e-05
             16       0.226202       0.226324    9.30756e-05
             17        0.22688       0.226356    9.31793e-05
             18       0.226461       0.226362    8.81823e-05
             19       0.226011       0.226344    8.54582e-05
             20       0.227713       0.226412    0.000105102
