              1       -0.50056       -0.50056              0
              2       -0.50168       -0.50112     0.00039598
              3      -0.498376      -0.500205    0.000792106
              4      -0.497008      -0.499406    0.000912212
              5       -0.50012      -0.499549    0.000740863
              6      -0.502256           -0.5     0.00074217
              7        -0.5024      -0.500343    0.000710942
              8      -0.499608      -0.500251    0.000627981
              9      -0.499976       -0.50022    0.000558948
             10      -0.501168      -0.500315    0.000511022
             11      -0.499304      -0.500223    0.000472761
             12      -0.499808      -0.500189    0.000434629
             13       -0.49952      -0.500137    0.000404228
             14       -0.50128      -0.500219    0.000383508
             15      -0.500032      -0.500206    0.000358143
             16      -0.499096      -0.500137    0.000342417
             17      -0.498864      -0.500062    0.000330361
             18      -0.500096      -0.500064    0.000312013
             19      -0.502712      -0.500203    0.000325232
             20      -0.495376      -0.499962     0.00038834
              1      -0.499304      -0.499304              0
              2      -0.501216       -0.50026    0.000675994
              3      -0.497688      -0.499403    0.000832533
              4      -0.497992       -0.49905    0.000695094
              5      -0.500016      -0.499243    0.000582306
              6      -0.502352      -0.499761    0.000677636
              7      -0.501336      -0.499986    0.000617041
              8      -0.499552      -0.499932    0.000542293
              9       -0.50144        -0.5001    0.000507264
             10      -0.501416      -0.500231    0.000473311
             11      -0.500808      -0.500284    0.000433178
             12      -0.499832      -0.500246    0.000398711
             13      -0.500352      -0.500254    0.000368125
             14      -0.501312       -0.50033    0.000349499
             15       -0.49984      -0.500297     0.00032772
             16      -0.500728      -0.500324    0.000308342
             17       -0.49848      -0.500216    0.000308695
             18      -0.499872      -0.500196    0.000292134
             19       -0.50136      -0.500258    0.000283105
             20      -0.495704       -0.50003    0.000348686
