              1        1.58024        1.58024              0
              2        1.69536         1.6378      0.0406998
              3        1.65719        1.64426      0.0276415
              4        1.64135        1.64353      0.0207407
              5          1.671        1.64903      0.0173047
              6        1.60973        1.64248       0.015611
              7         1.6774        1.64747      0.0141557
              8         1.5809        1.63915      0.0146286
              9        1.55794        1.63012      0.0155385
             10        1.66053        1.63316      0.0142791
             11        1.62282        1.63222      0.0130119
             12        1.61914        1.63113      0.0119732
             13        1.67246        1.63431      0.0114665
             14        1.64321        1.63495       0.010665
             15         1.6636        1.63686      0.0101236
             16        1.58907        1.63387     0.00992174
             17        1.67431        1.63625     0.00961907
             18        1.63537         1.6362      0.0090848
             19        1.68088        1.63855     0.00890578
             20        1.61545         1.6374      0.0085351
              1        1.57709        1.57709              0
              2        1.70879        1.64294      0.0465634
              3        1.65229        1.64606      0.0311465
              4        1.63099        1.64229      0.0235866
              5        1.68736         1.6513      0.0205193
              6        1.61059        1.64452      0.0181869
              7        1.67271        1.64855      0.0160284
              8        1.58549        1.64066      0.0158445
              9        1.57655        1.63354      0.0156033
             10        1.66747        1.63693      0.0144072
             11        1.63998        1.63721      0.0131001
             12        1.61369        1.63525      0.0121542
             13        1.67095          1.638      0.0115254
             14        1.65168        1.63897      0.0107435
             15        1.67015        1.64105      0.0102263
             16         1.5945        1.63814     0.00999247
             17        1.67209        1.64014     0.00960216
             18        1.62621        1.63937     0.00909985
             19        1.67485        1.64123     0.00881045
             20        1.60309        1.63933     0.00857391
