              1       0.044428       0.044428              0
              2       0.030932        0.03768     0.00477156
              3       0.025872       0.033744     0.00452184
              4       0.041984       0.035804     0.00383199
              5       0.049828      0.0386088     0.00396124
              6       0.024768       0.036302     0.00391551
              7       0.021732      0.0342206     0.00387004
              8       0.044516      0.0355075      0.0035939
              9       0.032736      0.0351996     0.00320774
             10        0.03606      0.0352856     0.00288812
             11       0.021628       0.034044     0.00288011
             12       0.027896      0.0335317     0.00268528
             13       0.032348      0.0334406     0.00248026
             14       0.030824      0.0332537     0.00231013
             15       0.050136      0.0343792     0.00241478
             16       0.027884      0.0339732     0.00229772
             17       0.040636      0.0343652     0.00219573
             18        0.04288      0.0348382     0.00212409
             19       0.034656      0.0348286     0.00201232
             20       0.040584      0.0351164     0.00193217
              1       0.043416       0.043416              0
              2       0.031596       0.037506       0.004179
              3       0.024932      0.0333147     0.00441286
              4       0.041872       0.035454     0.00379293
              5       0.048048      0.0379728     0.00377925
              6        0.02456      0.0357373     0.00375273
              7       0.022224      0.0338069     0.00367981
              8       0.044924      0.0351965     0.00347233
              9       0.033056      0.0349587     0.00309465
             10        0.03556      0.0350188     0.00278577
             11        0.02228      0.0338607     0.00276276
             12       0.029768      0.0335197      0.0025535
             13       0.032996      0.0334794     0.00235739
             14        0.02978      0.0332151     0.00220377
             15           0.05      0.0343341     0.00232364
             16        0.02712      0.0338833     0.00222172
             17        0.04004      0.0342454     0.00212035
             18       0.044796      0.0348316     0.00208199
             19       0.033516      0.0347623     0.00197356
             20       0.039492      0.0349988       0.001889
