              1        9.34765        9.34765              0
              2        8.12355         8.7356       0.432782
              3        8.32032        8.59717        0.30987
              4        7.63481        8.35658       0.312127
              5         9.0844        8.50215       0.281606
              6        7.78157        8.38205       0.259018
              7        8.18851         8.3544       0.223486
              8        7.99812        8.30987       0.199938
              9        8.93449        8.37927       0.189386
             10        8.28271        8.36961       0.170693
             11        8.65511        8.39557       0.157136
             12        8.14939        8.37505       0.145375
             13        8.27233        8.36715       0.134407
             14        8.34559        8.36561       0.124815
             15        9.24618        8.42432       0.129566
             16         9.5692        8.49587       0.139838
             17        7.86551        8.45879        0.13644
             18        9.18835        8.49932       0.134745
             19        9.08302        8.53004       0.131109
             20        7.28115         8.4676       0.138629
              1        9.31106        9.31106              0
              2        8.15703        8.73404       0.408011
              3        8.31945        8.59585       0.294483
              4        7.61709        8.35116       0.306079
              5        9.09796        8.50052       0.278935
              6        7.75063        8.37554       0.258937
              7        8.16884        8.34601       0.223623
              8        7.95729        8.29742        0.20088
              9        8.92976        8.36768       0.190451
             10        8.27426        8.35834       0.171635
             11        8.71119        8.39041       0.159001
             12         8.1378        8.36936       0.147138
             13        8.25789        8.36079       0.136069
             14        8.35508        8.36038       0.126351
             15        9.29072         8.4224       0.132277
             16        9.54295        8.49244       0.141339
             17        7.91673        8.45857       0.137021
             18        9.15679        8.49736       0.134788
             19        9.09205        8.52866       0.131278
             20        7.28942         8.4667       0.138567
