              1       0.429848       0.429848              0
              2       0.424748       0.427298     0.00180304
              3        0.43403       0.429542     0.00219135
              4       0.434376       0.430751     0.00194842
              5       0.432744       0.431149     0.00159899
              6       0.430375        0.43102     0.00133769
              7       0.427752       0.430553     0.00122536
              8        0.43104       0.430614      0.0010737
              9       0.427141       0.430228     0.00102141
             10       0.424539       0.429659     0.00106598
             11       0.424442       0.429185     0.00106941
             12       0.435246        0.42969     0.00109309
             13       0.428474       0.429597       0.001013
             14       0.426529       0.429378    0.000964049
             15        0.42989       0.429412    0.000900383
             16       0.430472       0.429478    0.000846545
             17       0.431082       0.429572    0.000801989
             18       0.426779       0.429417    0.000772298
             19       0.429349       0.429414    0.000731659
             20       0.429196       0.429403    0.000695157
              1       0.430777       0.430777              0
              2       0.425082        0.42793     0.00201336
              3       0.433671       0.429843     0.00205987
              4       0.435233       0.431191     0.00193602
              5       0.433187        0.43159     0.00158944
              6       0.431498       0.431574     0.00132461
              7       0.428585       0.431147     0.00120224
              8       0.432245       0.431285     0.00105976
              9       0.427182       0.430829      0.0010354
             10       0.425096       0.430256     0.00107895
             11       0.422965       0.429593      0.0011668
             12       0.436227       0.430146     0.00119338
             13       0.428266       0.430001      0.0011103
             14       0.427516       0.429824     0.00104509
             15       0.429474         0.4298    0.000975677
             16       0.431401         0.4299     0.00091981
             17       0.430514       0.429936    0.000866411
             18       0.426891       0.429767    0.000834637
             19       0.430209        0.42979    0.000791032
             20       0.428085       0.429705     0.00075606
