              1        0.18696        0.18696              0
              2       0.170696       0.178828     0.00575019
              3        0.16266       0.173439     0.00583598
              4        0.18898       0.177324     0.00552086
              5       0.247128       0.191285       0.013245
              6       0.166156       0.187097      0.0116809
              7        0.16256       0.183591       0.010525
              8       0.128796       0.176742      0.0112189
              9        0.17732       0.176806     0.00997251
             10       0.114536       0.170579      0.0107449
             11       0.178848       0.171331     0.00979438
             12          0.173        0.17147     0.00897917
             13         0.1876       0.172711     0.00837375
             14       0.113692       0.168495     0.00877282
             15       0.224024       0.172197     0.00893496
             16       0.185452       0.173025     0.00841484
             17       0.158996         0.1722     0.00796022
             18       0.134832       0.170124     0.00778399
             19       0.192644       0.171309     0.00746399
             20       0.195444       0.172516     0.00718768
              1       0.186976       0.186976              0
              2       0.171128       0.179052     0.00560311
              3       0.162508       0.173537     0.00585044
              4       0.188492       0.177276      0.0054531
              5       0.246412       0.191103      0.0131143
              6       0.166052       0.186928      0.0115741
              7       0.163132       0.183529      0.0104079
              8       0.128268       0.176621      0.0111663
              9        0.17812       0.176788     0.00992686
             10       0.114292       0.170538      0.0107224
             11       0.179304       0.171335     0.00977724
             12        0.17312       0.171484      0.0089636
             13       0.187904       0.172747     0.00836262
             14        0.11282       0.168466     0.00879281
             15       0.223836       0.172158     0.00894796
             16       0.185632          0.173     0.00842825
             17       0.158604       0.172153      0.0079749
             18        0.13624       0.170158     0.00777742
             19       0.191908       0.171303     0.00745185
             20       0.194592       0.172467     0.00716967
