              1      -0.782344      -0.782344              0
              2       -0.78528      -0.783812     0.00103803
              3      -0.779928      -0.782517     0.00126346
              4      -0.779728       -0.78182     0.00112367
              5      -0.780672       -0.78159    0.000922098
              6       -0.78204      -0.781665    0.000771454
              7      -0.783552      -0.781935    0.000706762
              8      -0.781656        -0.7819    0.000619275
              9      -0.783904      -0.782123     0.00058914
             10        -0.7854       -0.78245     0.00061466
             11      -0.785456      -0.782724    0.000616529
             12      -0.779224      -0.782432    0.000630366
             13      -0.783136      -0.782486    0.000584198
             14      -0.784256      -0.782613    0.000555979
             15       -0.78232      -0.782593    0.000519256
             16      -0.781984      -0.782555    0.000488196
             17      -0.781632      -0.782501    0.000462487
             18      -0.784112       -0.78259    0.000445373
             19      -0.782632      -0.782592    0.000421937
             20       -0.78272      -0.782599    0.000400889
              1      -0.781808      -0.781808              0
              2      -0.785088      -0.783448     0.00115966
              3      -0.780136      -0.782344     0.00118753
              4      -0.779232      -0.781566     0.00111679
              5      -0.780416      -0.781336     0.00091681
              6      -0.781392      -0.781345    0.000764056
              7      -0.783072      -0.781592     0.00069358
              8       -0.78096      -0.781513    0.000611365
              9       -0.78388      -0.781776    0.000597332
             10       -0.78508      -0.782106    0.000622302
             11      -0.786304      -0.782488    0.000672629
             12      -0.778656      -0.782169    0.000688217
             13      -0.783256      -0.782252     0.00064034
             14      -0.783688      -0.782355    0.000602757
             15       -0.78256      -0.782369    0.000562728
             16      -0.781448      -0.782311    0.000530491
             17       -0.78196       -0.78229    0.000499687
             18      -0.784048      -0.782388    0.000481373
             19      -0.782136      -0.782375     0.00045622
             20       -0.78336      -0.782424    0.000436061
