              1       0.043488       0.043488              0
              2        0.02932       0.036404     0.00500914
              3       0.028068      0.0336253     0.00403722
              4       0.040908       0.035446     0.00341385
              5       0.047932      0.0379432     0.00352812
              6       0.025192       0.035818     0.00352248
              7       0.022268      0.0338823     0.00351108
              8       0.040192       0.034671     0.00315954
              9       0.031028      0.0342662     0.00283429
             10       0.031664       0.034006     0.00256278
             11       0.021568      0.0328753     0.00256716
             12       0.026012      0.0323033      0.0024161
             13       0.029604      0.0320957     0.00223915
             14       0.030476        0.03198      0.0020822
             15        0.04958      0.0331533     0.00224982
             16       0.028804      0.0328815     0.00212556
             17       0.038624      0.0332193     0.00202719
             18       0.041268      0.0336664     0.00196327
             19       0.034676      0.0337196     0.00186065
             20       0.039516      0.0340094     0.00179005
              1        0.04248        0.04248              0
              2       0.029752       0.036116     0.00450003
              3       0.027084      0.0331053     0.00387851
              4       0.040528       0.034961     0.00332329
              5       0.046368      0.0372424     0.00335144
              6       0.025156       0.035228     0.00334389
              7        0.02252      0.0334126     0.00332265
              8        0.04078      0.0343335     0.00303226
              9       0.031312      0.0339978     0.00271386
             10       0.031336      0.0337316      0.0024555
             11       0.022152      0.0326789     0.00244754
             12       0.027848      0.0322763     0.00227644
             13       0.030136      0.0321117     0.00210728
             14       0.029164      0.0319011     0.00196725
             15       0.049428      0.0330696     0.00215535
             16       0.028204      0.0327655     0.00204198
             17       0.038184      0.0330842     0.00194658
             18       0.043068      0.0336389     0.00191583
             19       0.033656      0.0336398       0.001815
             20       0.038252      0.0338704     0.00173884
