              1        1.54184        1.54184              0
              2        1.63459        1.58821      0.0327899
              3        1.59683        1.59109      0.0219855
              4        1.56956         1.5857      0.0171354
              5        1.61471        1.59151      0.0146572
              6        1.58057        1.58968      0.0123271
              7        1.61353        1.59309      0.0110267
              8        1.52842          1.585      0.0122587
              9         1.4988        1.57543      0.0141524
             10        1.58797        1.57668      0.0127927
             11         1.5781        1.57681      0.0116304
             12        1.56087        1.57548      0.0107367
             13        1.62822        1.57954      0.0106496
             14        1.60242        1.58117      0.0100135
             15        1.60711         1.5829     0.00949404
             16        1.55876        1.58139     0.00901973
             17        1.63872        1.58477      0.0090978
             18         1.5993        1.58557     0.00862813
             19        1.62446        1.58762     0.00841329
             20        1.54747        1.58561     0.00822867
              1        1.53879        1.53879              0
              2        1.64322        1.59101      0.0369194
              3         1.5921        1.59137      0.0246147
              4        1.56265        1.58419      0.0194799
              5        1.63119        1.59359      0.0177075
              6        1.57988         1.5913      0.0149029
              7        1.60908        1.59384      0.0129885
              8         1.5305        1.58593      0.0135654
              9        1.51363        1.57789      0.0142393
             10        1.59542        1.57965      0.0129227
             11        1.59065        1.58065      0.0117865
             12        1.55484         1.5785      0.0109987
             13        1.62786        1.58229      0.0107883
             14         1.6089        1.58419      0.0101838
             15        1.61153        1.58602     0.00966652
             16        1.56212        1.58452     0.00917698
             17        1.63919        1.58774     0.00918326
             18        1.59245          1.588     0.00867681
             19        1.62161        1.58977     0.00839851
             20        1.53692        1.58713     0.00838396
