              1      -0.494216      -0.494216              0
              2      -0.494592      -0.494404    0.000132936
              3      -0.492104      -0.493637    0.000632223
              4      -0.489496      -0.492602     0.00101428
              5      -0.493248      -0.492731    0.000819614
              6       -0.49616      -0.493303    0.000859448
              7      -0.495768      -0.493655    0.000805606
              8       -0.49248      -0.493508    0.000718166
              9      -0.493512      -0.493508     0.00063837
             10      -0.494656      -0.493623    0.000584756
             11      -0.492368      -0.493509    0.000542616
             12      -0.493272      -0.493489    0.000497757
             13      -0.493648      -0.493502    0.000459618
             14      -0.494864      -0.493599     0.00043697
             15         -0.493      -0.493559    0.000409658
             16      -0.492848      -0.493515    0.000386457
             17      -0.491896      -0.493419    0.000375268
             18      -0.493136      -0.493404     0.00035475
             19       -0.49552      -0.493515    0.000353135
             20      -0.488464      -0.493262    0.000416097
              1      -0.493136      -0.493136              0
              2      -0.494024       -0.49358    0.000313955
              3      -0.491216      -0.492792    0.000676588
              4      -0.490752      -0.492282    0.000672734
              5      -0.493768      -0.492579    0.000600256
              6       -0.49628      -0.493196    0.000753159
              7      -0.494968      -0.493449     0.00068679
              8       -0.49252      -0.493333    0.000610683
              9      -0.494904      -0.493508    0.000567228
             10      -0.495048      -0.493662    0.000531011
             11      -0.493872      -0.493681    0.000483082
             12      -0.493224      -0.493643    0.000444322
             13       -0.49428      -0.493692    0.000412839
             14       -0.49444      -0.493745    0.000386795
             15      -0.493072        -0.4937    0.000363603
             16      -0.494176       -0.49373    0.000342091
             17      -0.491592      -0.493604    0.000344311
             18      -0.493272      -0.493586    0.000325677
             19      -0.494352      -0.493626    0.000311022
             20      -0.489048      -0.493397    0.000370245
