              1       0.220818       0.220818              0
              2        0.22071       0.220764    3.84071e-05
              3       0.221427       0.220985    0.000182244
              4       0.222175       0.221282    0.000291649
              5       0.221098       0.221245    0.000235651
              6       0.220256       0.221081    0.000247464
              7       0.220369       0.220979    0.000232032
              8       0.221319       0.221021     0.00020688
              9       0.221021       0.221021    0.000183893
             10       0.220691       0.220988    0.000168443
             11       0.221351       0.221021    0.000156323
             12       0.221091       0.221027    0.000143402
             13       0.220982       0.221024    0.000132413
             14       0.220631       0.220996     0.00012589
             15       0.221169       0.221007    0.000118027
             16       0.221213        0.22102    0.000111348
             17       0.221487       0.221047    0.000108129
             18        0.22113       0.221052    0.000102219
             19       0.220441        0.22102     0.00010177
             20        0.22247       0.221092     0.00011975
              1        0.22113        0.22113              0
              2       0.220874       0.221002    9.05549e-05
              3       0.221682       0.221229    0.000194742
              4       0.221815       0.221375    0.000193558
              5       0.220948        0.22129    0.000172709
              6       0.220221       0.221112     0.00021715
              7       0.220601       0.221039    0.000198002
              8       0.221307       0.221072    0.000176077
              9       0.220619       0.221022    0.000163541
             10       0.220578       0.220977    0.000153098
             11       0.220918       0.220972    0.000139277
             12       0.221104       0.220983    0.000128107
             13         0.2208       0.220969    0.000119026
             14       0.220754       0.220954    0.000111514
             15       0.221148       0.220967    0.000104832
             16        0.22083       0.220958     9.8628e-05
             17       0.221574       0.220994    9.92611e-05
             18       0.221091          0.221    9.38909e-05
             19       0.220779       0.220988    8.96644e-05
             20       0.222303       0.221054    0.000106596
