              1        1.32368        1.32368              0
              2        1.37598        1.34983      0.0184908
              3        1.36022         1.3533      0.0126474
              4        1.32906        1.34724      0.0108399
              5        1.34664        1.34712     0.00867257
              6        1.34747        1.34718     0.00722734
              7         1.3579        1.34871     0.00635522
              8        1.31022         1.3439     0.00715414
              9        1.28929        1.33783      0.0085538
             10         1.3657        1.34062      0.0081399
             11        1.32651        1.33934     0.00750024
             12        1.35815         1.3409     0.00703716
             13        1.36109        1.34246     0.00666499
             14        1.32319        1.34108     0.00632937
             15        1.35979        1.34233     0.00602904
             16        1.32132        1.34101     0.00579348
             17         1.3948        1.34418     0.00625712
             18        1.35364         1.3447     0.00593156
             19        1.36184        1.34561     0.00568756
             20         1.3292        1.34479     0.00546202
              1        1.32404        1.32404              0
              2        1.38436         1.3542      0.0213263
              3        1.36096        1.35645       0.014336
              4        1.32233        1.34792      0.0130456
              5         1.3703         1.3524      0.0111777
              6        1.35467        1.35277     0.00932117
              7        1.34966        1.35233     0.00800019
              8        1.31426        1.34757      0.0082956
              9         1.3043        1.34276     0.00865571
             10        1.37001        1.34549     0.00820785
             11        1.33698        1.34471     0.00749807
             12        1.35817        1.34584     0.00695659
             13        1.36814        1.34755     0.00662967
             14        1.33346        1.34654     0.00623206
             15        1.36261        1.34762     0.00590788
             16        1.32027        1.34591      0.0057806
             17        1.38852        1.34841     0.00595942
             18        1.35933        1.34902     0.00565911
             19        1.36326        1.34977     0.00541064
             20        1.32296        1.34843      0.0053035
