              1       0.196595       0.196595              0
              2       0.196665        0.19663    2.48301e-05
              3       0.196986       0.196748    9.83229e-05
              4       0.197506       0.196938      0.0001798
              5       0.197192       0.196989    0.000150854
              6       0.196066       0.196835    0.000188387
              7       0.196432       0.196777    0.000170049
              8       0.196737       0.196772    0.000148868
              9       0.196609       0.196754    0.000133423
             10       0.196091       0.196688    0.000135583
             11       0.196872       0.196705    0.000124282
             12       0.196365       0.196676    0.000117099
             13       0.196785       0.196685    0.000108389
             14       0.196565       0.196676    0.000100983
             15       0.196641       0.196674     9.4278e-05
             16       0.196693       0.196675     8.8393e-05
             17       0.196665       0.196674    8.31954e-05
             18       0.196646       0.196673    7.85879e-05
             19       0.196241        0.19665    7.76686e-05
             20       0.197267       0.196681    7.96818e-05
              1       0.197041       0.197041              0
              2       0.196744       0.196893    0.000104942
              3       0.196938       0.196908    7.10373e-05
              4       0.196927       0.196913    5.34385e-05
              5       0.196962       0.196922    4.36528e-05
              6       0.195934       0.196758    0.000154656
              7       0.196497        0.19672    0.000136988
              8         0.1966       0.196705    0.000120687
              9       0.196402       0.196672    0.000111881
             10       0.196026       0.196607    0.000117885
             11       0.196495       0.196597     0.00010761
             12       0.196376       0.196579    0.000100201
             13         0.1967       0.196588    9.29279e-05
             14       0.196339        0.19657    8.79711e-05
             15       0.196626       0.196574    8.21854e-05
             16       0.196408       0.196563    7.77015e-05
             17       0.196722       0.196573    7.36894e-05
             18       0.196561       0.196572    6.95982e-05
             19       0.196482       0.196567    6.60974e-05
             20       0.197254       0.196602    7.11619e-05
