              1      -0.462192      -0.462192              0
              2      -0.461888       -0.46204     0.00010748
              3      -0.460496      -0.461525    0.000426289
              4      -0.458232      -0.460702    0.000781426
              5        -0.4596      -0.460482    0.000655486
              6      -0.464472      -0.461147    0.000816683
              7      -0.462896      -0.461397    0.000737259
              8      -0.461576      -0.461419    0.000645442
              9      -0.462128      -0.461498    0.000578514
             10      -0.464368      -0.461785    0.000587565
             11      -0.460992      -0.461713    0.000538553
             12      -0.463184      -0.461835    0.000507438
             13      -0.461368      -0.461799    0.000469676
             14       -0.46232      -0.461837    0.000437597
             15      -0.461992      -0.461847    0.000408546
             16      -0.461768      -0.461842    0.000383042
             17      -0.461888      -0.461845     0.00036052
             18      -0.461968      -0.461852    0.000340556
             19       -0.46372       -0.46195    0.000336531
             20      -0.459272      -0.461816    0.000345315
              1      -0.460256      -0.460256              0
              2      -0.461544        -0.4609    0.000455377
              3      -0.460704      -0.460835    0.000308236
              4      -0.460752      -0.460814    0.000231868
              5        -0.4606      -0.460771    0.000189404
              6       -0.46504      -0.461483    0.000668381
              7      -0.462616      -0.461645    0.000592183
              8      -0.462168       -0.46171    0.000521762
              9      -0.463024      -0.461856    0.000483784
             10      -0.464648      -0.462135    0.000509643
             11      -0.462624       -0.46218    0.000465245
             12      -0.463136      -0.462259    0.000433247
             13      -0.461736      -0.462219    0.000401786
             14      -0.463296      -0.462296    0.000380379
             15      -0.462056       -0.46228    0.000355357
             16         -0.463      -0.462325    0.000335984
             17       -0.46164      -0.462285    0.000318628
             18      -0.462336      -0.462288    0.000300939
             19       -0.46268      -0.462308    0.000285808
             20      -0.459328      -0.462159    0.000307921
