              1       0.036004       0.036004              0
              2       0.025668       0.030836     0.00365433
              3       0.021356       0.027676     0.00354855
              4       0.037544       0.030143     0.00341287
              5       0.039732      0.0320608     0.00322442
              6        0.01942       0.029954     0.00330438
              7        0.01864      0.0283377     0.00320332
              8       0.033932       0.029037     0.00287822
              9       0.023828      0.0284582     0.00261596
             10       0.021644      0.0277768      0.0024415
             11       0.015452      0.0266564     0.00246326
             12       0.021016      0.0261863      0.0023024
             13       0.019928      0.0257049     0.00217504
             14       0.031248      0.0261009      0.0020554
             15       0.044832      0.0273496     0.00226617
             16        0.02276      0.0270628     0.00214262
             17       0.033592      0.0274468     0.00205071
             18       0.034148      0.0278191     0.00197029
             19       0.031784      0.0280278     0.00187761
             20       0.030268      0.0281398     0.00178707
              1       0.035652       0.035652              0
              2       0.026212       0.030932     0.00333754
              3       0.020432       0.027432      0.0036218
              4       0.037392       0.029922     0.00346823
              5        0.03818      0.0315736     0.00314333
              6          0.019       0.029478     0.00324363
              7       0.018908       0.027968     0.00311194
              8       0.034184       0.028745     0.00281828
              9       0.023732       0.028188     0.00255959
             10       0.020896      0.0274588     0.00240526
             11       0.016104      0.0264265     0.00239789
             12       0.022668      0.0261133     0.00221843
             13       0.020496      0.0256812     0.00208944
             14       0.030108      0.0259974     0.00196397
             15       0.045096      0.0272707     0.00220751
             16        0.02204      0.0269437     0.00209361
             17       0.032828      0.0272899     0.00199886
             18       0.035864      0.0277662     0.00194374
             19       0.030608      0.0279158     0.00184719
             20       0.029276      0.0279838     0.00175608
