              1        0.05744        0.05744              0
              2       0.038848       0.048144     0.00657326
              3         0.0371      0.0444627     0.00531397
              4        0.05834       0.047932     0.00499112
              5       0.065484      0.0514424     0.00507952
              6       0.035128      0.0487233     0.00490702
              7       0.034536      0.0466966     0.00460559
              8       0.050972       0.047231     0.00406078
              9       0.047736      0.0472871     0.00360997
             10       0.047072      0.0472656     0.00324904
             11       0.035388      0.0461858     0.00312796
             12       0.042132       0.045848     0.00288548
             13       0.044508      0.0457449     0.00266536
             14       0.040272       0.045354     0.00250348
             15       0.068792      0.0469165     0.00278179
             16       0.042776      0.0466577     0.00261994
             17        0.04732      0.0466967     0.00246611
             18       0.054024      0.0471038     0.00236247
             19       0.036748      0.0465587     0.00230014
             20       0.045044       0.046483     0.00218638
              1       0.057356       0.057356              0
              2       0.039976       0.048666     0.00614476
              3        0.03608      0.0444707     0.00533997
              4       0.058628        0.04801     0.00504331
              5       0.063744      0.0511568     0.00491938
              6       0.034732      0.0484193     0.00480109
              7         0.0352      0.0465309     0.00447123
              8       0.050928      0.0470805     0.00394597
              9       0.048212      0.0472062     0.00350953
             10        0.04642      0.0471276     0.00315946
             11       0.035492      0.0460698     0.00304416
             12       0.043528       0.045858     0.00279784
             13       0.046244      0.0458877     0.00258278
             14        0.03904      0.0453986     0.00244417
             15       0.069156      0.0469824     0.00274687
             16        0.04216       0.046681     0.00259167
             17        0.04676      0.0466856     0.00243922
             18       0.055136      0.0471551     0.00234845
             19       0.036044      0.0465703     0.00229651
             20       0.043872      0.0464354     0.00218564
