              1      -0.559424      -0.559424              0
              2       -0.56104      -0.560232    0.000571342
              3      -0.558856      -0.559773    0.000534164
              4       -0.55752       -0.55921    0.000631274
              5      -0.557776      -0.558923    0.000566434
              6      -0.563296      -0.559652    0.000815742
              7      -0.562488      -0.560057    0.000793463
              8      -0.560048      -0.560056    0.000694281
              9       -0.56108       -0.56017    0.000626392
             10      -0.564184      -0.560571    0.000680326
             11      -0.558408      -0.560375    0.000646276
             12      -0.558544      -0.560222    0.000610157
             13      -0.562168      -0.560372    0.000581294
             14      -0.560472      -0.560379    0.000539817
             15       -0.55928      -0.560306    0.000508776
             16      -0.560832      -0.560338     0.00047804
             17      -0.559192      -0.560271    0.000454652
             18      -0.559776      -0.560244    0.000430225
             19      -0.561512       -0.56031    0.000412729
             20      -0.557616      -0.560176    0.000413494
              1      -0.558632      -0.558632              0
              2      -0.560928       -0.55978    0.000811759
              3      -0.558728      -0.559429    0.000612246
              4      -0.557448      -0.558934    0.000628384
              5      -0.557752      -0.558698    0.000545365
              6       -0.56328      -0.559461    0.000832236
              7      -0.561432      -0.559743     0.00075947
              8       -0.55884       -0.55963     0.00067287
              9      -0.561992      -0.559892    0.000647268
             10      -0.564104      -0.560314    0.000706391
             11      -0.560624      -0.560342    0.000642737
             12      -0.559168      -0.560244    0.000596573
             13      -0.562928       -0.56045    0.000585319
             14      -0.561024      -0.560491    0.000544943
             15      -0.559728      -0.560441    0.000510984
             16      -0.561584      -0.560512     0.00048402
             17      -0.560152      -0.560491    0.000456011
             18      -0.559168      -0.560417    0.000436559
             19      -0.561288      -0.560463     0.00041598
             20      -0.557528      -0.560316    0.000420272
