              1        2.12623        2.12623              0
              2        2.26758        2.19691      0.0499754
              3        2.26774        2.22052      0.0384918
              4        2.19267        2.21356      0.0294916
              5        2.26066        2.22298      0.0250527
              6        2.18901        2.21732      0.0215072
              7         2.2683         2.2246      0.0196295
              8         2.1927        2.22061      0.0175762
              9           2.18         2.2161      0.0161922
             10        2.36867        2.23136      0.0205394
             11        2.24279         2.2324      0.0186984
             12        2.26471        2.23509       0.017333
             13        2.28021        2.23856      0.0163436
             14        2.35588        2.24694      0.0171908
             15        2.24399        2.24674      0.0160458
             16        2.24777        2.24681      0.0150431
             17        2.24869        2.24692      0.0141586
             18        2.30558        2.25018       0.013742
             19        2.28896        2.25222      0.0131694
             20        2.19993         2.2496      0.0127678
              1        2.11847        2.11847              0
              2        2.28745        2.20296      0.0597425
              3         2.2579        2.22127      0.0425431
              4        2.19501        2.21471      0.0324102
              5        2.26916         2.2256      0.0276978
              6        2.19426        2.22038      0.0235689
              7        2.25835         2.2258       0.020817
              8        2.19601        2.22208       0.018545
              9        2.18879        2.21838      0.0168492
             10        2.37922        2.23446      0.0215124
             11        2.26634        2.23736       0.019751
             12        2.24422        2.23793      0.0181133
             13        2.27956        2.24113      0.0170007
             14          2.364        2.24991      0.0179089
             15        2.26777         2.2511      0.0167545
             16        2.23692        2.25021      0.0157308
             17        2.26036        2.25081      0.0148168
             18        2.31023        2.25411      0.0143566
             19        2.28993          2.256      0.0137242
             20        2.19795         2.2531      0.0133414
