              1       0.275214       0.275214              0
              2       0.274489       0.274852    0.000256437
              3       0.275469       0.275057    0.000239655
              4       0.276066       0.275309     0.00028287
              5       0.275952       0.275438    0.000253791
              6       0.273473        0.27511     0.00036622
              7       0.273837       0.274929    0.000356217
              8       0.274934       0.274929    0.000311691
              9       0.274471       0.274878    0.000281188
             10       0.273072       0.274698    0.000305642
             11       0.275669       0.274786    0.000290335
             12       0.275608       0.274855    0.000274108
             13       0.273981       0.274787    0.000261122
             14       0.274744       0.274784    0.000242489
             15       0.275279       0.274817    0.000228553
             16       0.274582       0.274803    0.000214739
             17       0.275318       0.274833    0.000204238
             18       0.275056       0.274845    0.000193269
             19       0.274277       0.274815    0.000185399
             20       0.276023       0.274876    0.000185705
              1       0.275569       0.275569              0
              2       0.274539       0.275054    0.000364049
              3       0.275526       0.275211    0.000274585
              4       0.276098       0.275433    0.000281569
              5       0.275962       0.275539    0.000244351
              6        0.27348       0.275196    0.000373619
              7       0.274313        0.27507    0.000340882
              8       0.275476        0.27512    0.000302029
              9       0.274061       0.275003     0.00029052
             10       0.273108       0.274813    0.000317294
             11       0.274676       0.274801    0.000288695
             12       0.275329       0.274845    0.000267972
             13       0.273639       0.274752    0.000262923
             14       0.274496       0.274734    0.000244777
             15       0.275078       0.274757    0.000229532
             16       0.274244       0.274725    0.000217409
             17       0.274888       0.274734    0.000204832
             18       0.275329       0.274767    0.000196099
             19       0.274377       0.274747    0.000186848
             20       0.276063       0.274813    0.000188733
