              1       0.201222       0.201222              0
              2       0.201079       0.201151    5.05181e-05
              3       0.201481       0.201261    9.58512e-05
              4       0.202147       0.201482    0.000204832
              5       0.201588       0.201503    0.000164961
              6       0.200632       0.201358    0.000190967
              7       0.200828       0.201282    0.000178079
              8       0.201352       0.201291    0.000156028
              9       0.201116       0.201272    0.000139898
             10       0.200766       0.201221    0.000134739
             11       0.201415       0.201239    0.000123639
             12       0.201004       0.201219    0.000114872
             13        0.20139       0.201232    0.000106785
             14       0.201077       0.201221    9.97287e-05
             15       0.201226       0.201222    9.30806e-05
             16       0.201388       0.201232    8.78431e-05
             17       0.201419       0.201243    8.33614e-05
             18       0.201097       0.201235    7.91249e-05
             19       0.200931       0.201219    7.65645e-05
             20       0.202141       0.201265    8.54972e-05
              1       0.201606       0.201606              0
              2       0.201259       0.201432    0.000122575
              3         0.2015       0.201455    8.37581e-05
              4        0.20155       0.201479    6.61037e-05
              5       0.201427       0.201468    5.36923e-05
              6         0.2005       0.201307    0.000153917
              7       0.200886       0.201247     0.00014319
              8       0.201253       0.201248    0.000125293
              9       0.200896       0.201208    0.000117312
             10       0.200687       0.201156    0.000116615
             11       0.201006       0.201143    0.000106811
             12       0.201039       0.201134    9.82599e-05
             13       0.201249       0.201143    9.11013e-05
             14       0.200929       0.201128    8.58694e-05
             15        0.20124       0.201135    8.04696e-05
             16       0.200965       0.201124    7.61355e-05
             17       0.201461       0.201144    7.41918e-05
             18       0.201095       0.201141    7.01206e-05
             19       0.201166       0.201143    6.64423e-05
             20       0.202152       0.201193    8.00316e-05
