              1       0.037196       0.037196              0
              2        0.02602       0.031608     0.00395131
              3       0.020512      0.0279093     0.00400739
              4       0.037336       0.030266       0.003633
              5       0.041408      0.0324944     0.00352417
              6       0.021568      0.0306733     0.00337467
              7       0.020204      0.0291777     0.00320692
              8       0.034904      0.0298935     0.00288483
              9       0.024352      0.0292778     0.00262918
             10       0.021596      0.0285096     0.00247594
             11       0.016576      0.0274247     0.00247716
             12       0.021152       0.026902     0.00232522
             13         0.0211      0.0264557     0.00218877
             14       0.031964      0.0268491     0.00206749
             15       0.047292       0.028212     0.00233605
             16        0.02298       0.027885     0.00221282
             17       0.033436      0.0282115     0.00210661
             18        0.03596       0.028642     0.00203308
             19       0.032552      0.0288478     0.00193646
             20       0.031736      0.0289922     0.00184502
              1       0.036792       0.036792              0
              2       0.026464       0.031628      0.0036515
              3       0.019716      0.0276573     0.00405423
              4       0.037116       0.030022     0.00366598
              5       0.039856      0.0319888     0.00341992
              6       0.021244       0.030198     0.00328551
              7        0.02052      0.0288154     0.00309341
              8       0.035012        0.02959     0.00280203
              9       0.024628      0.0290387     0.00254435
             10       0.021164      0.0282512      0.0024087
             11       0.017324      0.0272578     0.00238579
             12       0.023064      0.0269083     0.00221242
             13       0.021736      0.0265105      0.0020777
             14       0.030748      0.0268131     0.00195122
             15        0.04742      0.0281869     0.00225345
             16       0.022168      0.0278107     0.00214378
             17         0.0328      0.0281042     0.00203766
             18       0.037828      0.0286444     0.00199478
             19       0.031556      0.0287977     0.00189567
             20       0.030864       0.028901      0.0018037
