              1        1.36723        1.36723              0
              2        1.42415        1.39569      0.0201235
              3        1.41036        1.40058      0.0139973
              4        1.37213        1.39347       0.012171
              5        1.39567        1.39391     0.00974477
              6        1.39457        1.39402     0.00812127
              7        1.40858         1.3961      0.0072226
              8        1.34008         1.3891     0.00910211
              9        1.32068        1.38149      0.0108088
             10        1.39832        1.38318     0.00985799
             11        1.38541        1.38338     0.00896389
             12        1.39848        1.38464     0.00830477
             13        1.40987        1.38658     0.00788953
             14        1.37505        1.38576     0.00736887
             15         1.3985         1.3866     0.00692644
             16        1.36845        1.38547     0.00658586
             17        1.42943        1.38806     0.00668695
             18        1.38832        1.38807     0.00631546
             19        1.41135         1.3893     0.00610081
             20        1.38035        1.38885     0.00581214
              1        1.37111        1.37111              0
              2        1.42785        1.39948      0.0200589
              3        1.40935        1.40277      0.0136397
              4        1.36638        1.39367       0.012913
              5        1.41669        1.39828      0.0111207
              6         1.4028        1.39903     0.00929279
              7        1.40233         1.3995      0.0079772
              8        1.34019        1.39209     0.00983954
              9        1.33729          1.386      0.0104618
             10        1.40554        1.38795     0.00959625
             11        1.39821        1.38889     0.00876904
             12         1.3957        1.38945     0.00805665
             13        1.41897        1.39172     0.00775021
             14        1.38232        1.39105     0.00722568
             15        1.40253        1.39182     0.00678439
             16        1.36665        1.39024      0.0065402
             17        1.42502        1.39229     0.00646748
             18        1.38807        1.39206     0.00611241
             19        1.41266        1.39314      0.0058861
             20        1.37312        1.39214     0.00567627
