              1      -0.468056      -0.468056              0
              2      -0.468648      -0.468352    0.000209304
              3      -0.466984      -0.467896    0.000397611
              4      -0.464208      -0.466974    0.000852344
              5      -0.466536      -0.466886    0.000686362
              6      -0.470496      -0.467488    0.000792938
              7      -0.469688      -0.467802    0.000739326
              8       -0.46752      -0.467767    0.000647752
              9      -0.468496      -0.467848    0.000580822
             10      -0.469944      -0.468058    0.000559282
             11      -0.467256      -0.467985    0.000513163
             12       -0.46896      -0.468066    0.000476792
             13       -0.46736      -0.468012    0.000443198
             14      -0.468656      -0.468058    0.000413924
             15       -0.46804      -0.468057     0.00038633
             16      -0.467368      -0.468014    0.000364574
             17       -0.46724      -0.467968    0.000345956
             18      -0.468576      -0.468002    0.000328381
             19      -0.469264      -0.468068    0.000317746
             20      -0.464232      -0.467876    0.000355064
              1      -0.466464      -0.466464              0
              2      -0.467904      -0.467184    0.000509117
              3      -0.466904      -0.467091    0.000347861
              4      -0.466696      -0.466992    0.000274532
              5      -0.467208      -0.467035    0.000222999
              6       -0.47104      -0.467703    0.000637019
              7      -0.469448      -0.467952    0.000592807
              8      -0.467928      -0.467949    0.000518714
              9      -0.469408      -0.468111    0.000485751
             10      -0.470272      -0.468327    0.000482853
             11      -0.468952      -0.468384    0.000442286
             12      -0.468816       -0.46842    0.000406891
             13      -0.467944      -0.468383    0.000377236
             14      -0.469272      -0.468447     0.00035559
             15      -0.467984      -0.468416     0.00033322
             16       -0.46912       -0.46846    0.000315286
             17      -0.467064      -0.468378    0.000307247
             18      -0.468584      -0.468389    0.000290391
             19      -0.468288      -0.468384    0.000275157
             20      -0.464184      -0.468174       0.000332
