              1        2.05814        2.05814              0
              2        1.97182        2.01498       0.030516
              3        2.14148        2.05715      0.0399909
              4        2.01233        2.04594       0.031524
              5        2.10426        2.05761      0.0272916
              6        2.17965        2.07795      0.0293607
              7        2.12534        2.08472      0.0259352
              8        2.02575        2.07735      0.0237178
              9        2.02111         2.0711      0.0218902
             10        2.16769        2.08076      0.0217281
             11        2.10407        2.08288      0.0198559
             12        2.04443        2.07967      0.0184579
             13        2.09742        2.08104      0.0170885
             14        2.02015        2.07669       0.016412
             15         2.0799         2.0769      0.0153192
             16        2.07944        2.07706      0.0143626
             17         2.1264        2.07996      0.0138079
             18        2.01151        2.07616      0.0135543
             19        2.13272        2.07914      0.0131637
             20        2.12433         2.0814       0.012698
              1        2.08851        2.08851              0
              2        2.01648         2.0525      0.0254679
              3        1.97634        2.02711      0.0267939
              4        2.06753        2.03721      0.0219185
              5        2.05569        2.04091      0.0178436
              6        2.08643         2.0485      0.0164037
              7        2.00422        2.04217      0.0152309
              8        2.02004        2.03941       0.013576
              9        2.10669        2.04688      0.0139751
             10        2.22725        2.06492      0.0212368
             11        2.01597        2.06047      0.0197669
             12        2.14923        2.06787      0.0194544
             13        2.01052        2.06345      0.0184512
             14        2.05281        2.06269      0.0171489
             15        2.04251        2.06135      0.0160583
             16          2.192        2.06951      0.0170046
             17        1.99114         2.0649      0.0166175
             18        1.97771        2.06006      0.0163852
             19          2.011        2.05748       0.015725
             20        1.92919        2.05106      0.0161942
