              1      -0.542536      -0.542536              0
              2      -0.543592      -0.543064    0.000373352
              3      -0.541616      -0.542581    0.000466115
              4      -0.541496       -0.54231    0.000421221
              5      -0.542928      -0.542434    0.000354647
              6       -0.54376      -0.542655    0.000357867
              7      -0.543328      -0.542751    0.000319409
              8      -0.545408      -0.543083    0.000417899
              9      -0.544416      -0.543231    0.000396846
             10      -0.547728      -0.543681    0.000556383
             11      -0.545056      -0.543806    0.000519659
             12      -0.542256      -0.543677    0.000492141
             13      -0.542576      -0.543592     0.00046151
             14      -0.546184      -0.543777    0.000464198
             15      -0.547392      -0.544018    0.000491845
             16      -0.542032      -0.543894    0.000476512
             17      -0.544832      -0.543949    0.000451665
             18      -0.543568      -0.543928    0.000427069
             19      -0.546144      -0.544045    0.000420216
             20      -0.546376      -0.544161    0.000415058
              1      -0.543384      -0.543384              0
              2      -0.542568      -0.542976      0.0002885
              3      -0.545424      -0.543792    0.000693467
              4      -0.542408      -0.543446    0.000600242
              5      -0.545216        -0.5438    0.000575186
              6      -0.541456      -0.543409    0.000597439
              7      -0.545616      -0.543725    0.000589419
              8      -0.544712      -0.543848    0.000528507
              9      -0.543824      -0.543845    0.000469791
             10      -0.546472      -0.544108    0.000490779
             11      -0.541184      -0.543842    0.000513125
             12      -0.544672      -0.543911    0.000475001
             13      -0.542912      -0.543834    0.000444639
             14      -0.544824      -0.543905     0.00041846
             15      -0.545008      -0.543979    0.000396969
             16      -0.542192      -0.543867    0.000387546
             17      -0.543032      -0.543818    0.000367849
             18      -0.543352      -0.543792    0.000348322
             19      -0.546224       -0.54392    0.000352725
             20      -0.543816      -0.543915    0.000335127
