              1       0.041212       0.041212              0
              2        0.03876       0.039986    0.000866913
              3       0.050636       0.043536     0.00295562
              4        0.05066       0.045317     0.00270052
              5       0.031056      0.0424648     0.00334297
              6       0.035384      0.0412847     0.00298686
              7         0.0322      0.0399869      0.0028281
              8       0.050212       0.041265     0.00274827
              9       0.039848      0.0411076     0.00244742
             10        0.03306      0.0403028     0.00233123
             11        0.03446      0.0397716     0.00217897
             12       0.043376       0.040072     0.00201799
             13       0.041328      0.0401686     0.00186507
             14        0.02768      0.0392766     0.00193344
             15       0.025104      0.0383317     0.00202228
             16       0.042832       0.038613     0.00191534
             17       0.043924      0.0389254     0.00182798
             18       0.044352      0.0392269     0.00175111
             19       0.038892      0.0392093     0.00165903
             20       0.043868      0.0394422     0.00159235
              1        0.03918        0.03918              0
              2       0.046788       0.042984     0.00268983
              3       0.043608       0.043192     0.00180125
              4        0.04184       0.042854     0.00138228
              5       0.036124       0.041508     0.00163469
              6       0.037696      0.0408727     0.00148057
              7        0.03504      0.0400394     0.00148513
              8       0.033368      0.0392055     0.00151565
              9        0.03432      0.0386627     0.00144117
             10       0.031744      0.0379708     0.00145367
             11       0.049264      0.0389975     0.00164457
             12       0.032072      0.0384203      0.0016056
             13        0.03584      0.0382218     0.00149431
             14       0.040984      0.0384191     0.00140054
             15       0.051464      0.0392888     0.00155389
             16       0.050168      0.0399687     0.00159863
             17       0.041144      0.0400379     0.00150609
             18       0.038144      0.0399327     0.00142609
             19       0.040856      0.0399813     0.00135186
             20       0.043028      0.0401336     0.00129282
