              1       0.262364       0.262364              0
              2       0.261938       0.262151    0.000150769
              3       0.262735       0.262346    0.000188074
              4       0.262783       0.262455    0.000169932
              5       0.262206       0.262405    0.000143062
              6        0.26187       0.262316    0.000144393
              7       0.262044       0.262277    0.000128873
              8       0.261202       0.262143    0.000168844
              9       0.261604       0.262083    0.000160333
             10        0.26026       0.261901    0.000225275
             11       0.261345        0.26185    0.000210381
             12       0.262477       0.261902     0.00019923
             13       0.262348       0.261937     0.00018683
             14       0.260888       0.261862    0.000187916
             15       0.260396       0.261764    0.000199171
             16       0.262567       0.261814    0.000192947
             17       0.261436       0.261792    0.000182877
             18       0.261947       0.261801     0.00017292
             19       0.260904       0.261753    0.000170141
             20        0.26081       0.261706    0.000168052
              1       0.262022       0.262022              0
              2       0.262351       0.262187    0.000116484
              3       0.261196       0.261856     0.00028056
              4       0.262416       0.261996    0.000242794
              5        0.26128       0.261853    0.000232654
              6       0.262799       0.262011    0.000241501
              7       0.261118       0.261883    0.000238305
              8       0.261485       0.261833    0.000213664
              9       0.261844       0.261835    0.000189927
             10       0.260771       0.261728    0.000198516
             11       0.262909       0.261836    0.000207471
             12       0.261501       0.261808    0.000192048
             13       0.262212       0.261839    0.000179782
             14       0.261439        0.26181    0.000169191
             15       0.261365       0.261781    0.000160498
             16       0.262503       0.261826    0.000156689
             17       0.262164       0.261846    0.000148731
             18       0.262035       0.261856    0.000140839
             19       0.260871       0.261804    0.000142645
             20       0.261847       0.261806    0.000135529
