              1      -0.922488      -0.922488              0
              2      -0.924504      -0.923496    0.000712764
              3      -0.933472      -0.926821     0.00275639
              4      -0.924032      -0.926124      0.0021537
              5      -0.922664      -0.925432     0.00183076
              6      -0.927392      -0.925759      0.0015545
              7       -0.92684      -0.925913     0.00134008
              8      -0.926272      -0.925958     0.00117332
              9      -0.930656       -0.92648     0.00115324
             10      -0.927936      -0.926626     0.00104707
             11      -0.929112      -0.926852    0.000975971
             12      -0.929048      -0.927035    0.000911641
             13      -0.924152      -0.926813    0.000868064
             14      -0.925752      -0.926737    0.000809361
             15      -0.921664      -0.926399     0.00082304
             16      -0.934088       -0.92688    0.000901042
             17      -0.933168      -0.927249    0.000920845
             18      -0.929216      -0.927359    0.000876145
             19      -0.920776      -0.927012    0.000895917
             20      -0.920296      -0.926676    0.000911887
              1      -0.921448      -0.921448              0
              2      -0.924624      -0.923036     0.00112289
              3      -0.933528      -0.926533     0.00295205
              4      -0.924056      -0.925914     0.00227808
              5       -0.92268      -0.925267     0.00191208
              6      -0.927272      -0.925601     0.00162233
              7      -0.926832      -0.925777     0.00140007
              8      -0.926304      -0.925843     0.00122661
              9        -0.9306      -0.926372      0.0011988
             10      -0.928112      -0.926546     0.00109148
             11      -0.929376      -0.926803     0.00102213
             12      -0.929128      -0.926997    0.000955144
             13      -0.923808      -0.926751    0.000912622
             14      -0.925688      -0.926675     0.00085059
             15      -0.921656      -0.926341    0.000857183
             16      -0.934312      -0.926839    0.000937272
             17      -0.933392      -0.927224    0.000958131
             18      -0.929248      -0.927337    0.000911473
             19       -0.92084      -0.926995     0.00092542
             20      -0.920296       -0.92666    0.000937808
