              1        37.0604        37.0604              0
              2        36.9011        36.9807      0.0563313
              3        44.4929        39.4848         2.0449
              4        38.4987        39.2383        1.54846
              5        35.9484        38.5803        1.37145
              6        39.6112        38.7521        1.15359
              7        40.1149        38.9468        1.00509
              8        38.5768        38.9005       0.880513
              9        42.1873        39.2657       0.855062
             10        38.3977        39.1789       0.773949
             11        42.9817        39.5246       0.776974
             12        38.1564        39.4106       0.720543
             13        38.4229        39.3347       0.669111
             14        38.0213        39.2408       0.627859
             15        36.9433        39.0877       0.604396
             16        45.5043        39.4887       0.686906
             17        43.7592        39.7399       0.690908
             18        41.9286        39.8615       0.663138
             19        35.5479        39.6345       0.665967
             20        34.7403        39.3898       0.676134
              1        36.1856        36.1856              0
              2        36.9233        36.5544       0.260813
              3        44.4763         39.195        2.16305
              4         38.486        39.0178        1.62954
              5        35.9189         38.398         1.4166
              6        39.5798         38.595        1.19411
              7        40.1039        38.8105         1.0428
              8        38.6071        38.7851       0.912761
              9        42.1845        39.1628       0.886055
             10        38.3525        39.0818       0.801146
             11         42.967         39.435       0.802404
             12        38.1362        39.3268         0.7428
             13        38.4353        39.2582       0.688819
             14        38.0694        39.1733       0.644831
             15        36.9688        39.0263       0.618363
             16        45.4816        39.4298        0.69905
             17         43.738        39.6832       0.702365
             18        41.9483         39.809       0.674524
             19        35.5405        39.5844       0.675401
             20        34.7225        39.3413       0.683981
