              1       0.387658       0.387658              0
              2       0.377972       0.382815     0.00342474
              3       0.334625       0.366752      0.0133128
              4       0.380242       0.370124       0.010403
              5       0.386814       0.373462     0.00884168
              6       0.364058       0.371895     0.00750569
              7       0.366721       0.371156     0.00646973
              8       0.369459       0.370944     0.00566449
              9       0.348282       0.368426     0.00556671
             10       0.361433       0.367726     0.00505377
             11       0.355752       0.366638     0.00471012
             12       0.356061       0.365756     0.00439931
             13       0.379665       0.366826     0.00418897
             14       0.371965       0.367193     0.00390581
             15       0.391612       0.368821     0.00397019
             16       0.331633       0.366497     0.00434952
             17       0.336102       0.364709     0.00444599
             18       0.355249       0.364183     0.00422994
             19       0.395868       0.365851     0.00432355
             20       0.398167       0.367467     0.00439895
              1       0.392647       0.392647              0
              2       0.377395       0.385021     0.00539263
              3       0.334353       0.368132      0.0142508
              4       0.380126        0.37113      0.0109991
              5       0.386737       0.374252     0.00923153
              6       0.364637       0.372649     0.00783077
              7        0.36676       0.371808     0.00675714
              8       0.369305       0.371495     0.00591973
              9       0.348553       0.368946     0.00578486
             10       0.360583        0.36811     0.00526648
             11       0.354475        0.36687     0.00493141
             12       0.355674       0.365937     0.00460788
             13       0.381318        0.36712     0.00440271
             14       0.372273       0.367488     0.00410358
             15        0.39165       0.369099     0.00413408
             16       0.330544       0.366689      0.0045238
             17       0.335014       0.364826     0.00462552
             18       0.355094       0.364285     0.00440004
             19       0.395561       0.365932     0.00446576
             20       0.398167       0.367543     0.00452398
