              1            0.7            0.7              0
              2       0.634072       0.667036      0.0233091
              3       0.420192       0.584755      0.0689562
              4         0.7171       0.617841      0.0591244
              5       0.651556       0.624584      0.0476824
              6       0.647248       0.628361      0.0398847
              7       0.666936       0.633872      0.0345655
              8       0.519772       0.619609      0.0330566
              9       0.623772       0.620072      0.0293869
             10       0.644548        0.62252      0.0265499
             11       0.690124       0.628665      0.0248374
             12        0.46784       0.615263      0.0261346
             13       0.613992       0.615166      0.0241244
             14       0.602836       0.614285      0.0224173
             15       0.479908       0.605326      0.0226422
             16       0.712764       0.612041      0.0222004
             17       0.643808        0.61391       0.020973
             18         0.7387       0.620843      0.0209223
             19       0.754564       0.627881      0.0209715
             20       0.651872        0.62908      0.0199572
              1       0.719652       0.719652              0
              2       0.633964       0.676808      0.0302953
              3        0.42034       0.591319       0.072665
              4        0.71734       0.622824      0.0609471
              5       0.651336       0.628526      0.0490237
              6        0.64692       0.631592      0.0409488
              7       0.666888       0.636634      0.0354081
              8       0.519556       0.621999      0.0338717
              9       0.624312       0.622256      0.0301092
             10        0.64408       0.624439      0.0271772
             11        0.69016       0.630413      0.0253548
             12       0.467512       0.616838      0.0266292
             13       0.614148       0.616631      0.0245816
             14       0.602804       0.615644      0.0228456
             15       0.480036       0.606603       0.023042
             16        0.71246       0.613219      0.0225317
             17       0.644272       0.615046      0.0212802
             18       0.738732       0.621917      0.0211783
             19         0.7542        0.62888      0.0211772
             20       0.651436       0.630007      0.0201483
