              1      -0.778304      -0.778304              0
              2      -0.782248      -0.780276     0.00139441
              3       -0.78204      -0.780864     0.00104626
              4       -0.78328      -0.781468    0.000943061
              5      -0.781304      -0.781435    0.000755019
              6      -0.782856      -0.781672    0.000665281
              7      -0.783872      -0.781986    0.000640187
              8      -0.786832      -0.782592    0.000796751
              9      -0.780056       -0.78231     0.00075641
             10      -0.786056      -0.782685    0.000767935
             11      -0.784328      -0.782834    0.000712504
             12      -0.783016      -0.782849     0.00065329
             13      -0.786424      -0.783124    0.000658368
             14      -0.782752      -0.783098    0.000611878
             15      -0.781672      -0.783003    0.000578421
             16      -0.780672      -0.782857    0.000560312
             17      -0.783872      -0.782917    0.000530524
             18      -0.784712      -0.783016     0.00051034
             19      -0.786512        -0.7832    0.000515576
             20      -0.786472      -0.783364    0.000515094
              1       -0.78172       -0.78172              0
              2        -0.7852       -0.78346     0.00123037
              3      -0.782568      -0.783163    0.000855417
              4      -0.782272       -0.78294    0.000669916
              5      -0.781016      -0.782555    0.000636931
              6      -0.783008      -0.782631    0.000535228
              7       -0.78304      -0.782689     0.00046195
              8      -0.786416      -0.783155    0.000594372
              9      -0.780296      -0.782837    0.000607316
             10       -0.78592      -0.783146    0.000619903
             11      -0.784032      -0.783226    0.000568762
             12      -0.783088      -0.783215    0.000521482
             13      -0.786944      -0.783502    0.000554689
             14        -0.7824      -0.783423    0.000520619
             15      -0.781328      -0.783283    0.000504295
             16      -0.781752      -0.783187    0.000481771
             17      -0.783696      -0.783217    0.000454359
             18      -0.785256      -0.783331    0.000443007
             19      -0.786552        -0.7835    0.000450969
             20      -0.785672      -0.783609    0.000441301
