              1       0.436834       0.436834              0
              2       0.430014       0.433424     0.00241114
              3       0.430375       0.432408     0.00180903
              4       0.428224       0.431362     0.00163134
              5        0.43165        0.43142     0.00130609
              6        0.42896        0.43101     0.00115094
              7       0.427196       0.430465     0.00110796
              8       0.422045       0.429412     0.00138173
              9       0.433809       0.429901     0.00131173
             10       0.423397       0.429251     0.00133206
             11       0.426404       0.428992     0.00123585
             12       0.428682       0.428966     0.00113313
             13       0.422756       0.428488     0.00114222
             14       0.429141       0.428535     0.00106159
             15       0.431013         0.4287     0.00100358
             16       0.432744       0.428953    0.000972161
             17       0.427196       0.428849    0.000920449
             18       0.425736       0.428677    0.000885412
             19       0.422603       0.428357    0.000894662
             20       0.422672       0.428073    0.000893937
              1       0.430929       0.430929              0
              2       0.424887       0.427908     0.00213616
              3        0.42946       0.428426     0.00148537
              4       0.429973       0.428812     0.00116331
              5       0.432148        0.42948     0.00110555
              6       0.428696       0.429349     0.00092897
              7       0.428641       0.429248     0.00080175
              8        0.42277       0.428438     0.00103241
              9       0.433394       0.428989     0.00105437
             10       0.423634       0.428453     0.00107635
             11       0.426918       0.428314    0.000987507
             12       0.428558       0.428334    0.000905423
             13       0.421849       0.427835    0.000963431
             14       0.429751       0.427972     0.00090428
             15       0.431608       0.428215    0.000875885
             16       0.430874       0.428381    0.000836766
             17       0.427502       0.428329    0.000789139
             18        0.42479       0.428132    0.000769401
             19       0.422533       0.427838    0.000783319
             20       0.424066       0.427649    0.000766519
