              1        0.20516        0.20516              0
              2       0.213916       0.209538     0.00309571
              3       0.186156       0.201744     0.00669006
              4       0.175548       0.195195      0.0075725
              5       0.170424       0.190241     0.00750564
              6       0.161928       0.185522     0.00759455
              7       0.170276       0.183344     0.00681477
              8       0.177392         0.1826      0.0060034
              9       0.165264       0.180674     0.00563691
             10       0.188096       0.181416     0.00512185
             11       0.152296       0.178769     0.00529636
             12        0.18928       0.179645      0.0049269
             13       0.155604       0.177795     0.00488265
             14         0.2001       0.179389     0.00478676
             15       0.162156        0.17824     0.00460344
             16       0.182876       0.178529     0.00432483
             17       0.191252       0.179278     0.00413468
             18        0.14038       0.177117     0.00443388
             19        0.15102       0.175743     0.00440813
             20       0.154544       0.174683     0.00431328
              1       0.200556       0.200556              0
              2        0.21376       0.207158     0.00466832
              3       0.186412       0.200243     0.00644725
              4        0.17554       0.194067     0.00721011
              5       0.170116       0.189277     0.00718524
              6       0.162088       0.184745     0.00727766
              7       0.170064       0.182648     0.00653322
              8       0.177564       0.182012     0.00574739
              9       0.165464       0.180174     0.00539491
             10        0.18852       0.181008     0.00491955
             11       0.152476       0.178415     0.00511059
             12        0.18936       0.179327     0.00476541
             13        0.15566       0.177506     0.00473382
             14       0.200148       0.179123     0.00466378
             15       0.162192       0.177995     0.00448738
             16       0.182832       0.178297     0.00421709
             17       0.191528       0.179075     0.00404021
             18        0.14056       0.176936     0.00434558
             19          0.151       0.175571     0.00432595
             20       0.154352        0.17451     0.00423775
