              1        7.48364        7.48364              0
              2        9.07577        8.27971       0.562905
              3        8.70081        8.42007       0.392381
              4        8.48556        8.43644       0.294627
              5        8.23626        8.39641       0.238406
              6        8.36739        8.39157       0.198721
              7        8.85197        8.45734        0.18089
              8        9.05848        8.53249       0.173184
              9        8.41973        8.51996       0.154394
             10        9.21361        8.58932       0.153749
             11        8.50104         8.5813       0.139981
             12        8.51977        8.57617        0.12841
             13         9.0974        8.61626       0.124634
             14        8.44211        8.60382       0.116351
             15        8.30934        8.58419       0.110238
             16        8.21111        8.56087       0.105786
             17        9.14669        8.59533       0.105026
             18        8.49753         8.5899      0.0993316
             19        8.42062        8.58099      0.0945024
             20        9.18479        8.61118      0.0944765
              1        8.51281        8.51281              0
              2          8.676         8.5944      0.0576969
              3        8.87869        8.68916      0.0864056
              4        8.45886        8.63159      0.0817666
              5        8.27529        8.56033      0.0913303
              6        8.35503        8.52611      0.0822688
              7        8.81005        8.56668       0.079892
              8        9.02267        8.62367      0.0879181
              9        8.46626        8.60618      0.0798703
             10        9.22648        8.66821      0.0928986
             11        8.49016        8.65203      0.0858519
             12        8.53145        8.64198      0.0792833
             13        9.06895        8.67482      0.0796978
             14        8.44438        8.65836      0.0756858
             15        8.31032        8.63516      0.0741114
             16        8.21048        8.60862      0.0740802
             17         9.1467        8.64027       0.076185
             18        8.48832        8.63183      0.0724187
             19        8.41996        8.62068      0.0694604
             20        9.15606        8.64745      0.0709583
