              1        0.02024        0.02024              0
              2       0.034068       0.027154     0.00488894
              3       0.028476      0.0275947     0.00327909
              4        0.03304       0.028956      0.0027273
              5       0.021032      0.0273712     0.00260186
              6       0.036148       0.028834     0.00254644
              7       0.027492      0.0286423     0.00218986
              8       0.027736       0.028529     0.00191906
              9       0.021072      0.0277004     0.00187619
             10        0.02998      0.0279284     0.00170236
             11       0.030268      0.0281411     0.00156083
             12       0.036448      0.0288333     0.00157682
             13       0.037304      0.0294849     0.00158444
             14       0.037016      0.0300229     0.00155991
             15       0.028584      0.0299269     0.00145887
             16       0.030388      0.0299558     0.00136797
             17       0.025436      0.0296899     0.00131308
             18        0.03054      0.0297371     0.00124098
             19       0.026884      0.0295869     0.00118472
             20       0.040724      0.0301438     0.00124952
              1       0.028016       0.028016              0
              2       0.035188       0.031602     0.00253568
              3        0.03094      0.0313813     0.00170003
              4       0.035096        0.03231     0.00150748
              5       0.017928      0.0294336     0.00284136
              6       0.032152      0.0298867     0.00240365
              7       0.035276      0.0306566     0.00218009
              8       0.024472      0.0298835     0.00204005
              9       0.026472      0.0295044     0.00184826
             10       0.024756      0.0290296     0.00172335
             11       0.025888       0.028744     0.00159017
             12       0.031532      0.0289763     0.00147453
             13        0.02764      0.0288735     0.00136468
             14       0.025864      0.0286586     0.00128403
             15       0.039572      0.0293861     0.00138934
             16       0.022928      0.0289825     0.00135988
             17       0.040484      0.0296591     0.00143837
             18       0.028544      0.0295971      0.0013598
             19       0.020072      0.0290958     0.00137754
             20       0.025464      0.0289142     0.00132058
