              1       0.221882       0.221882              0
              2       0.221187       0.221535     0.00024545
              3        0.22095        0.22134    0.000228249
              4       0.221162       0.221295    0.000175451
              5       0.220638       0.221164    0.000183109
              6       0.221891       0.221285    0.000188467
              7       0.219623       0.221048    0.000272745
              8       0.220797       0.221016    0.000240438
              9       0.220075       0.220912     0.00023539
             10       0.221063       0.220927    0.000212336
             11       0.221054       0.220938    0.000193346
             12       0.221162       0.220957     0.00017813
             13       0.221005       0.220961    0.000164466
             14       0.220541       0.220931    0.000155431
             15       0.221501       0.220969    0.000149638
             16       0.220534       0.220942    0.000142734
             17       0.220393       0.220909    0.000137943
             18       0.219998       0.220859    0.000139259
             19       0.221141       0.220874    0.000132722
             20        0.22159       0.220909    0.000130834
              1       0.222026       0.222026              0
              2       0.221893        0.22196    4.69976e-05
              3       0.220316       0.221412    0.000448428
              4       0.221542       0.221444    0.000337499
              5       0.220253       0.221206    0.000343922
              6       0.219579       0.220935    0.000378699
              7       0.220631       0.220892    0.000327079
              8       0.221489       0.220966    0.000294598
              9       0.220931       0.220962     0.00026189
             10       0.221107       0.220977    0.000236099
             11       0.221134       0.220991     0.00021507
             12       0.221132       0.221003    0.000197468
             13        0.22128       0.221024    0.000183422
             14       0.221432       0.221053    0.000172613
             15       0.221079       0.221055    0.000161114
             16       0.220814        0.22104    0.000151749
             17       0.221337       0.221057    0.000143826
             18       0.220481       0.221025    0.000139361
             19       0.220518       0.220999    0.000134564
             20       0.220899       0.220994    0.000127927
