              1        1.58692        1.58692              0
              2        1.62476        1.60584      0.0133777
              3        1.60257        1.60475     0.00896274
              4        1.56439        1.59466      0.0110252
              5        1.56856        1.58944     0.00997997
              6        1.53941         1.5811       0.011274
              7        1.58566        1.58175     0.00968221
              8        1.61024        1.58531     0.00910302
              9        1.58822        1.58564     0.00809729
             10        1.57466        1.58454     0.00736158
             11        1.65244        1.59071     0.00891204
             12        1.55342         1.5876     0.00869435
             13        1.59189        1.58793      0.0080318
             14        1.59245        1.58826     0.00746458
             15        1.60646        1.58947     0.00706496
             16        1.59153         1.5896     0.00662457
             17        1.56764        1.58831     0.00635961
             18        1.60387        1.58917     0.00606476
             19        1.59734         1.5896     0.00576077
             20        1.62162         1.5912     0.00569087
              1        1.61991        1.61991              0
              2        1.56373        1.59182      0.0198632
              3        1.57446        1.58604      0.0140596
              4        1.58179        1.58498      0.0105846
              5        1.59747        1.58747     0.00875749
              6        1.65516        1.59875      0.0126214
              7        1.59947        1.59886      0.0108188
              8        1.52758        1.58995      0.0126126
              9        1.60914        1.59208      0.0113901
             10        1.54982        1.58785       0.011007
             11        1.57584        1.58676      0.0100604
             12        1.57132        1.58547     0.00930397
             13        1.58896        1.58574     0.00859213
             14        1.51464        1.58066     0.00935975
             15         1.5873        1.58111     0.00874622
             16         1.6408        1.58484     0.00896004
             17        1.58995        1.58514     0.00843802
             18        1.63572        1.58795     0.00842416
             19        1.62114        1.58969     0.00815988
             20        1.60531        1.59048     0.00778913
