              1       -0.49052       -0.49052              0
              2      -0.492936      -0.491728    0.000854185
              3       -0.49376      -0.492405     0.00079381
              4      -0.493024       -0.49256    0.000610239
              5       -0.49484      -0.493016    0.000636144
              6      -0.490488      -0.492595    0.000654952
              7      -0.498336      -0.493415    0.000944334
              8      -0.494288      -0.493524    0.000832576
              9      -0.496784      -0.493886    0.000815062
             10      -0.493368      -0.493834    0.000735201
             11        -0.4934      -0.493795    0.000669425
             12      -0.493024      -0.493731    0.000616714
             13      -0.493568      -0.493718    0.000569401
             14      -0.495176      -0.493822    0.000538168
             15      -0.491848      -0.493691    0.000518135
             16        -0.4952      -0.493785    0.000494264
             17      -0.495688      -0.493897    0.000477698
             18      -0.497048      -0.494072     0.00048217
             19      -0.493096      -0.494021     0.00045952
             20      -0.491536      -0.493896    0.000453026
              1      -0.490016      -0.490016              0
              2       -0.49048      -0.490248    0.000164049
              3      -0.495952      -0.492149     0.00155628
              4      -0.491704      -0.492038     0.00117119
              5      -0.496168      -0.492864     0.00119319
              6      -0.498488      -0.493801     0.00131181
              7      -0.494864      -0.493953     0.00113316
              8      -0.491888      -0.493695     0.00102049
              9      -0.493824      -0.493709    0.000907204
             10      -0.493216       -0.49366    0.000817824
             11       -0.49312      -0.493611    0.000744948
             12      -0.493128      -0.493571    0.000683955
             13      -0.492616      -0.493497    0.000635274
             14      -0.492088      -0.493397    0.000597818
             15      -0.493312      -0.493391     0.00055799
             16      -0.494232      -0.493444    0.000525586
             17      -0.492416      -0.493383    0.000498133
             18      -0.495384      -0.493494    0.000482703
             19      -0.495256      -0.493587    0.000466118
             20      -0.493936      -0.493604    0.000443139
