              1       0.421385       0.421385              0
              2       0.436652       0.429018      0.0053977
              3       0.435357       0.431131     0.00399063
              4       0.435166        0.43214     0.00311784
              5       0.448947       0.435501     0.00390658
              6       0.437967       0.435912     0.00327703
              7       0.438646       0.436303     0.00283205
              8       0.434996       0.436139     0.00248275
              9       0.442311       0.436825     0.00229963
             10        0.44032       0.437175     0.00209606
             11       0.432722        0.43677     0.00194419
             12       0.438158       0.436885     0.00178561
             13       0.435463       0.436776     0.00165161
             14       0.443707       0.437271     0.00160613
             15       0.445737       0.437836     0.00159514
             16       0.425547       0.437067     0.00167014
             17       0.424459       0.436326     0.00172875
             18       0.445336       0.436826     0.00170363
             19       0.439112       0.436947     0.00161821
             20       0.437479       0.436973     0.00153751
              1       0.421876       0.421876              0
              2       0.437967       0.429922     0.00568903
              3       0.435293       0.431712      0.0040647
              4       0.435293       0.432607     0.00314558
              5       0.448715       0.435829     0.00382564
              6       0.438582       0.436288     0.00321543
              7       0.438752        0.43664     0.00277528
              8       0.435697       0.436522     0.00243087
              9       0.441675       0.437094      0.0022272
             10       0.440786       0.437464     0.00203485
             11       0.431808       0.436949     0.00191371
             12       0.437882       0.437027     0.00175581
             13       0.433806       0.436779     0.00163814
             14       0.442501       0.437188     0.00157128
             15       0.445801       0.437762     0.00156793
             16       0.424864       0.436956      0.0016643
             17       0.424075       0.436198     0.00173031
             18        0.44504        0.43669     0.00170247
             19       0.438646       0.436793     0.00161598
             20       0.437797       0.436843     0.00153596
