              1      -0.854584      -0.854584              0
              2      -0.848848      -0.851716     0.00202798
              3      -0.849336      -0.850923     0.00149915
              4      -0.849408      -0.850544     0.00117121
              5        -0.8442      -0.849275     0.00147166
              6      -0.848352      -0.849121      0.0012344
              7      -0.848096      -0.848975     0.00106672
              8      -0.849472      -0.849037    0.000935184
              9      -0.846712      -0.848779    0.000866221
             10      -0.847464      -0.848647    0.000789512
             11      -0.850328        -0.8488    0.000732376
             12       -0.84828      -0.848757    0.000672625
             13      -0.849296      -0.848798    0.000622163
             14      -0.846184      -0.848611    0.000605094
             15      -0.845416      -0.848398    0.000601085
             16      -0.853024      -0.848688    0.000629212
             17      -0.853432      -0.848967    0.000651159
             18      -0.845568      -0.848778    0.000641774
             19       -0.84792      -0.848733    0.000609582
             20      -0.848536      -0.848723    0.000579182
              1        -0.8544        -0.8544              0
              2      -0.848352      -0.851376     0.00213829
              3       -0.84936      -0.850704     0.00152748
              4       -0.84936      -0.850368     0.00118198
              5      -0.844288      -0.849152      0.0014412
              6       -0.84812       -0.84898     0.00121122
              7      -0.848056      -0.848848     0.00104536
              8      -0.849208      -0.848893    0.000915656
              9      -0.846952      -0.848677     0.00083893
             10      -0.847288      -0.848538    0.000766455
             11      -0.850672      -0.848732    0.000720903
             12      -0.848384      -0.848703    0.000661412
             13       -0.84992      -0.848797     0.00061712
             14       -0.84664      -0.848643    0.000591959
             15      -0.845392      -0.848426    0.000590837
             16       -0.85328       -0.84873    0.000626973
             17      -0.853576      -0.849015    0.000651693
             18       -0.84568      -0.848829    0.000641278
             19      -0.848096      -0.848791    0.000608687
             20      -0.848416      -0.848772    0.000578541
