              1        0.33486        0.33486              0
              2       0.326696       0.330778     0.00288641
              3       0.337532       0.333029     0.00266117
              4       0.285012       0.321025      0.0105859
              5       0.224068       0.301634      0.0193013
              6        0.26262       0.295131      0.0171447
              7       0.286936       0.293961      0.0147354
              8        0.30316        0.29511      0.0129383
              9       0.278764       0.293294      0.0116275
             10       0.265732       0.290538      0.0107864
             11       0.294444       0.290893      0.0098117
             12       0.363892       0.296976      0.0107152
             13       0.317372       0.298545      0.0100051
             14       0.304664       0.298982     0.00930003
             15       0.330416       0.301078       0.008913
             16       0.269588        0.29911     0.00857047
             17       0.289256        0.29853     0.00808591
             18       0.290912       0.298107     0.00764776
             19        0.31732       0.299118     0.00731179
             20       0.265216       0.297423     0.00713999
              1       0.332976       0.332976              0
              2       0.327188       0.330082     0.00204637
              3       0.337924       0.332696     0.00253308
              4       0.285296       0.320846      0.0104368
              5       0.224016        0.30148      0.0192288
              6       0.262576       0.294996      0.0170823
              7       0.286852       0.293833      0.0146815
              8       0.303312       0.295017       0.012894
              9        0.27856       0.293189      0.0115903
             10       0.265712       0.290441       0.010752
             11       0.293748       0.290742     0.00977878
             12       0.363988       0.296846      0.0107006
             13       0.316964       0.298393     0.00998878
             14       0.305176       0.298878     0.00928704
             15        0.33002       0.300954     0.00889695
             16        0.26966       0.298998     0.00855317
             17       0.288924       0.298405     0.00807054
             18       0.290712       0.297978     0.00763349
             19       0.316888       0.298973     0.00729632
             20       0.265168       0.297283      0.0071246
