              1        16.0565        16.0565              0
              2        16.5382        16.2974       0.170285
              3        14.8187        15.8045       0.418146
              4        15.4513        15.7162       0.322797
              5        16.0164        15.7762       0.263762
              6        14.2263        15.5179       0.322367
              7        15.3582        15.4951       0.277121
              8         15.918        15.5479       0.247471
              9        14.2861        15.4077       0.256635
             10        14.8017        15.3471        0.23802
             11        16.4527        15.4476       0.236654
             12        14.0144        15.3282       0.245225
             13        15.6327        15.3516       0.227477
             14         14.794        15.3118       0.214687
             15        14.1869        15.2368       0.213071
             16        16.7807        15.3333       0.220524
             17        16.6339        15.4098       0.220424
             18        14.5968        15.3646       0.212755
             19        16.0154        15.3989       0.204296
             20        15.9882        15.4283       0.196194
              1        15.9784        15.9784              0
              2        16.5989        16.2886       0.219366
              3        14.7959        15.7911       0.431787
              4        15.4369        15.7025       0.332795
              5        15.9676        15.7555       0.270426
              6        14.2102         15.498       0.325672
              7        15.4238        15.4874        0.27932
              8        15.9474        15.5449       0.250254
              9        14.3386        15.4109       0.255835
             10        14.7565        15.3454       0.238472
             11        16.4803        15.4486       0.238065
             12        14.0514        15.3322       0.245049
             13        15.6049        15.3532       0.227095
             14        14.7929        15.3131       0.214371
             15        14.1984        15.2388        0.21257
             16         16.758        15.3338       0.219468
             17        16.6279        15.4099       0.219363
             18        14.6356        15.3669       0.211352
             19        16.0066        15.4005       0.202893
             20        16.0045        15.4307       0.194982
