              1       0.380161       0.380161              0
              2       0.379113       0.379637    0.000370472
              3       0.381954       0.380409     0.00067718
              4       0.383998       0.381306    0.000928328
              5       0.381506       0.381346    0.000743519
              6       0.378105       0.380806     0.00079187
              7       0.378996       0.380548    0.000719711
              8       0.378514       0.380293    0.000673164
              9       0.380202       0.380283    0.000598443
             10       0.381763       0.380431    0.000556592
             11       0.378247       0.380233    0.000540254
             12       0.383543       0.380509     0.00056128
             13       0.381522       0.380587    0.000523495
             14       0.381166       0.380628    0.000487734
             15       0.385658       0.380963    0.000558727
             16       0.381456       0.380994    0.000524655
             17       0.382078       0.381058    0.000497652
             18       0.383304       0.381183    0.000485393
             19       0.383179       0.381288    0.000471087
             20       0.383899       0.381418    0.000465276
              1       0.381166       0.381166              0
              2       0.379313       0.380239    0.000655133
              3       0.381854       0.380777    0.000619637
              4       0.384031       0.381591    0.000843958
              5       0.381721       0.381617     0.00067557
              6       0.378747       0.381139    0.000712502
              7       0.379263       0.380871     0.00065919
              8       0.379512       0.380701     0.00059826
              9       0.379853       0.380607    0.000539148
             10       0.382169       0.380763    0.000507368
             11       0.376746       0.380398    0.000577928
             12       0.383419        0.38065    0.000582045
             13       0.380344       0.380626    0.000537748
             14       0.382045       0.380727    0.000508797
             15       0.385608       0.381053    0.000569505
             16       0.381481        0.38108     0.00053454
             17       0.381755       0.381119    0.000504569
             18       0.383006       0.381224      0.0004873
             19       0.382915       0.381313    0.000469706
             20       0.383163       0.381405    0.000455236
