              1      -0.698896      -0.698896              0
              2      -0.699904        -0.6994    0.000356382
              3      -0.697168      -0.698656    0.000652282
              4      -0.695192       -0.69779     0.00089543
              5        -0.6976      -0.697752     0.00071715
              6      -0.700872      -0.698272     0.00076321
              7      -0.700016      -0.698521    0.000693654
              8       -0.70048      -0.698766    0.000648726
              9      -0.698856      -0.698776    0.000576722
             10      -0.697352      -0.698634    0.000536342
             11      -0.700736      -0.698825    0.000520526
             12      -0.695632      -0.698559    0.000540888
             13      -0.697584      -0.698484    0.000504451
             14      -0.697928      -0.698444    0.000469978
             15      -0.693584       -0.69812    0.000538876
             16      -0.697648       -0.69809    0.000506003
             17      -0.697048      -0.698029     0.00047994
             18      -0.695864      -0.697909    0.000468108
             19      -0.695984      -0.697808    0.000454301
             20      -0.695288      -0.697682    0.000448714
              1      -0.697928      -0.697928              0
              2      -0.699712       -0.69882    0.000630739
              3      -0.697264      -0.698301    0.000596789
              4       -0.69516      -0.697516    0.000814187
              5      -0.697392      -0.697491    0.000651727
              6      -0.700256      -0.697952    0.000686958
              7       -0.69976       -0.69821    0.000635525
              8       -0.69952      -0.698374    0.000576785
              9      -0.699192      -0.698465     0.00051981
             10       -0.69696      -0.698314    0.000489128
             11      -0.702176      -0.698665    0.000556561
             12      -0.695752      -0.698423    0.000560641
             13       -0.69872      -0.698446    0.000517981
             14       -0.69708      -0.698348     0.00049008
             15      -0.693632      -0.698034    0.000549071
             16      -0.697624      -0.698008    0.000515351
             17       -0.69736       -0.69797    0.000486444
             18      -0.696152      -0.697869    0.000469786
             19       -0.69624      -0.697783    0.000452815
             20         -0.696      -0.697694    0.000438864
