              1        0.12718        0.12718              0
              2       0.102928       0.115054     0.00857438
              3       0.097968       0.109359     0.00736886
              4       0.135552       0.115907      0.0079186
              5       0.121856       0.117097     0.00642365
              6       0.086108       0.111932     0.00713333
              7       0.060268       0.104551     0.00916926
              8         0.0906       0.102807     0.00818727
              9       0.088808       0.101252     0.00742387
             10       0.074028      0.0985296     0.00716327
             11        0.09196      0.0979324     0.00653692
             12       0.074684       0.095995      0.0062727
             13       0.077968      0.0946083     0.00594148
             14       0.091672      0.0943986     0.00552079
             15       0.128264      0.0966563     0.00559536
             16       0.114096      0.0977462     0.00535077
             17        0.09418      0.0975365     0.00504012
             18       0.099984      0.0976724     0.00476195
             19       0.095824      0.0975752     0.00451232
             20       0.097076      0.0975502     0.00428677
              1       0.126912       0.126912              0
              2       0.103476       0.115194     0.00828588
              3        0.09748       0.109289     0.00733192
              4       0.135176       0.115761     0.00785176
              5       0.121172       0.116843     0.00635555
              6       0.086184       0.111733      0.0070576
              7       0.060764       0.104452     0.00905752
              8       0.091024       0.102774     0.00807936
              9       0.088944       0.101237     0.00732632
             10       0.073908       0.098504     0.00708509
             11       0.092064      0.0979185     0.00646514
             12       0.075188      0.0960243     0.00619766
             13       0.078712      0.0946926     0.00586225
             14       0.090224      0.0943734      0.0054522
             15        0.12816      0.0966259     0.00553446
             16       0.114304      0.0977308      0.0052977
             17       0.093876       0.097504     0.00499092
             18       0.101736      0.0977391     0.00471918
             19       0.095276      0.0976095     0.00447258
             20       0.096608      0.0975594     0.00424923
