              1        4.96214        4.96214              0
              2        4.64123        4.80168       0.113459
              3        5.27849        4.96062       0.150205
              4        4.96768        4.96238       0.112664
              5         5.0315        4.97621      0.0909757
              6        5.23868        5.01995      0.0856871
              7        4.92537        5.00644      0.0745039
              8        4.87463        4.98996      0.0669879
              9        4.54238        4.94023      0.0757893
             10        4.79495         4.9257      0.0695889
             11        4.86792        4.92045      0.0634606
             12        4.85646        4.91512      0.0583958
             13        5.00802        4.92227      0.0543394
             14         4.6637         4.9038      0.0535045
             15        4.53561        4.87925      0.0552818
             16        5.04563        4.88965      0.0527956
             17        4.75626         4.8818      0.0502697
             18        5.00353        4.88857      0.0479297
             19        4.90268        4.88931      0.0454128
             20        4.13356        4.85152      0.0567252
              1        4.96346        4.96346              0
              2        4.64781        4.80563       0.111599
              3        5.27205         4.9611       0.147138
              4        4.97311        4.96411       0.110384
              5        5.02478        4.97624      0.0889719
              6        5.22552        5.01779      0.0832804
              7        4.92253        5.00418      0.0724865
              8        4.83066        4.98249      0.0665916
              9        4.55594        4.93509      0.0741648
             10        4.80489        4.92207      0.0678817
             11        4.89726        4.91982      0.0617481
             12        4.83575        4.91281      0.0569984
             13        5.00846        4.92017      0.0530867
             14        4.68229        4.90318      0.0519429
             15        4.55465        4.87994      0.0534247
             16        5.04619        4.89033      0.0510861
             17        4.78363        4.88406      0.0484651
             18        5.02913        4.89212      0.0464379
             19        4.91402        4.89327      0.0440082
             20        4.13079        4.85515      0.0559345
