              1       -0.51388       -0.51388              0
              2      -0.515664      -0.514772    0.000630739
              3        -0.5132      -0.514248    0.000599887
              4      -0.509808      -0.513138     0.00106137
              5      -0.513264      -0.513163    0.000849392
              6      -0.515904       -0.51362    0.000821528
              7      -0.516264      -0.513998    0.000786217
              8      -0.513248      -0.513904    0.000693503
              9      -0.514472      -0.513967    0.000619312
             10      -0.515776      -0.514148      0.0005832
             11      -0.512656      -0.514012    0.000545726
             12      -0.512904       -0.51392    0.000508005
             13      -0.514384      -0.513956     0.00047018
             14      -0.515184      -0.514043    0.000444706
             15      -0.514128      -0.514049    0.000415095
             16      -0.512208      -0.513934    0.000404786
             17      -0.511848      -0.513811     0.00039914
             18      -0.513952      -0.513819    0.000377042
             19      -0.515856      -0.513926    0.000372127
             20      -0.508928      -0.513676    0.000429316
              1      -0.512736      -0.512736              0
              2      -0.514672      -0.513704    0.000684479
              3        -0.5122      -0.513203    0.000613012
              4      -0.511376      -0.512746    0.000606454
              5       -0.51328      -0.512853    0.000494478
              6      -0.515776       -0.51334    0.000606301
              7      -0.514976      -0.513574    0.000562933
              8      -0.512896      -0.513489      0.0004989
              9      -0.515272      -0.513687    0.000481196
             10      -0.515768      -0.513895    0.000475947
             11      -0.514232      -0.513926    0.000433663
             12      -0.512984      -0.513847    0.000404564
             13      -0.514776      -0.513919    0.000379699
             14       -0.51532      -0.514019    0.000365531
             15       -0.51388       -0.51401    0.000341279
             16      -0.513112      -0.513953    0.000324528
             17      -0.512144      -0.513847    0.000322421
             18      -0.513504      -0.513828    0.000305072
             19       -0.51448      -0.513862    0.000290939
             20      -0.509136      -0.513626    0.000359785
