              1        1.70128        1.70128              0
              2         1.8234        1.76234      0.0431753
              3         1.7906        1.77176      0.0297937
              4         1.7533        1.76715         0.0227
              5        1.76183        1.76608      0.0181849
              6        1.74616        1.76276      0.0154541
              7        1.78911        1.76653      0.0136972
              8        1.69442        1.75751      0.0146534
              9        1.66614        1.74736      0.0161644
             10        1.81151        1.75378      0.0157697
             11        1.73321        1.75191      0.0144465
             12        1.73639        1.75061      0.0133004
             13         1.7965        1.75414       0.012737
             14        1.77227        1.75544      0.0118929
             15        1.77335        1.75663      0.0111598
             16        1.70803        1.75359      0.0108679
             17        1.80197        1.75644      0.0105945
             18         1.7787        1.75768      0.0100779
             19        1.79025        1.75939     0.00969219
             20        1.70978        1.75691     0.00951976
              1        1.69337        1.69337              0
              2        1.83829        1.76583      0.0512347
              3        1.78392        1.77186      0.0345096
              4        1.75413        1.76743      0.0261654
              5        1.78278         1.7705      0.0211117
              6        1.74526        1.76629      0.0180071
              7        1.78142        1.76845      0.0155638
              8        1.69978        1.75987      0.0158093
              9        1.67576        1.75052      0.0165863
             10        1.82282        1.75775      0.0164278
             11        1.74443        1.75654      0.0149789
             12        1.72634        1.75403      0.0139405
             13         1.7902        1.75681       0.013143
             14        1.78177        1.75859      0.0123246
             15        1.78462        1.76033      0.0116244
             16        1.71094        1.75724      0.0113003
             17        1.80396        1.75999      0.0109647
             18         1.7767        1.76092      0.0103948
             19        1.78836        1.76236      0.0099475
             20        1.70047        1.75927     0.00991982
