              1        0.23758        0.23758              0
              2       0.236987       0.237283    0.000209638
              3       0.237805       0.237457    0.000199279
              4       0.238926       0.237824    0.000351258
              5       0.237784       0.237816    0.000281099
              6       0.236907       0.237665    0.000272057
              7       0.236787       0.237539    0.000260492
              8       0.237789       0.237571    0.000229797
              9       0.237383        0.23755    0.000205205
             10        0.23695        0.23749    0.000193263
             11       0.237985       0.237535    0.000180871
             12       0.237903       0.237566    0.000168385
             13       0.237413       0.237554    0.000155843
             14       0.237147       0.237525      0.0001474
             15       0.237498       0.237523    0.000137585
             16       0.238134       0.237561    0.000134177
             17       0.238253       0.237602    0.000132309
             18       0.237556       0.237599    0.000124983
             19       0.236923       0.237564    0.000123369
             20       0.239215       0.237646     0.00014217
              1       0.237959       0.237959              0
              2       0.237317       0.237638    0.000227027
              3       0.238136       0.237804    0.000203245
              4       0.238409       0.237955     0.00020092
              5       0.237779        0.23792    0.000163804
              6        0.23695       0.237758    0.000201066
              7       0.237216       0.237681    0.000186677
              8       0.237906       0.237709    0.000165453
              9       0.237117       0.237643     0.00015959
             10       0.236952       0.237574    0.000157879
             11       0.237463       0.237564    0.000143849
             12       0.237877        0.23759    0.000134204
             13       0.237282       0.237566    0.000125951
             14       0.237101       0.237533    0.000121255
             15        0.23758       0.237536    0.000113211
             16       0.237834       0.237555    0.000107658
             17       0.238155        0.23759    0.000106954
             18       0.237705       0.237597      0.0001012
             19       0.237381       0.237585    9.65098e-05
             20       0.239147       0.237663    0.000119148
