              1       0.049276       0.049276              0
              2       0.031164        0.04022     0.00640356
              3        0.02512      0.0351867     0.00592573
              4       0.045664       0.037806     0.00498974
              5       0.051492      0.0405432     0.00468276
              6        0.02844       0.038526     0.00431495
              7       0.025524      0.0366686     0.00407876
              8       0.048128       0.038101     0.00381216
              9       0.033776      0.0376204     0.00341874
             10       0.038212      0.0376796     0.00307738
             11       0.023456      0.0363865     0.00305723
             12       0.025448       0.035475     0.00293521
             13       0.037596      0.0356382     0.00271395
             14         0.0319      0.0353711      0.0025332
             15       0.049864      0.0363373     0.00254191
             16       0.028396       0.035841     0.00243101
             17       0.041352      0.0361652     0.00230953
             18       0.041744      0.0364751     0.00220192
             19        0.03644      0.0364733     0.00208603
             20       0.041104      0.0367048     0.00199454
              1       0.048484       0.048484              0
              2       0.031924       0.040204     0.00585484
              3        0.02416       0.034856     0.00585684
              4       0.045576       0.037536      0.0049681
              5       0.050088      0.0400464     0.00456489
              6       0.028252      0.0380807     0.00420607
              7       0.026332      0.0364023     0.00392582
              8        0.04878      0.0379495     0.00372753
              9       0.034156       0.037528     0.00333711
             10       0.037556      0.0375308      0.0030034
             11       0.023904       0.036292     0.00297489
             12       0.027556       0.035564     0.00281465
             13       0.037964      0.0357486     0.00260419
             14       0.030844      0.0353983     0.00244162
             15       0.049688      0.0363509     0.00245768
             16       0.027508      0.0357982      0.0023654
             17       0.041056      0.0361075     0.00224639
             18       0.043496       0.036518     0.00215877
             19       0.035592      0.0364693      0.0020457
             20       0.039768      0.0366342     0.00195005
