              1        1.38881        1.38881              0
              2        1.34217        1.36549      0.0164883
              3        1.35718        1.36272      0.0112227
              4        1.31439        1.35064       0.013429
              5        1.34151        1.34881      0.0108666
              6        1.36772        1.35196     0.00950137
              7        1.34444        1.35089     0.00820463
              8        1.34907        1.35066     0.00718218
              9        1.33695        1.34914     0.00654366
             10        1.36657        1.35088     0.00611707
             11        1.34307        1.35017       0.005602
             12        1.39156        1.35362     0.00610553
             13        1.34584        1.35302     0.00566515
             14        1.38573        1.35536     0.00572208
             15        1.34887        1.35492     0.00535692
             16        1.35321        1.35482     0.00502319
             17        1.38164         1.3564     0.00496933
             18         1.3467        1.35586     0.00472235
             19        1.37554        1.35689     0.00458608
             20        1.33517        1.35581     0.00448357
              1        1.36142        1.36142              0
              2        1.36622        1.36382     0.00169706
              3        1.37269        1.36678     0.00266558
              4        1.33675        1.35927     0.00680252
              5        1.34737        1.35689     0.00584355
              6        1.35552        1.35666      0.0048741
              7        1.36174        1.35739     0.00423141
              8        1.38262        1.36054     0.00473386
              9        1.34461        1.35877      0.0045267
             10        1.40827        1.36372     0.00621663
             11        1.32993        1.36065     0.00636548
             12         1.3496        1.35973     0.00590124
             13           1.41         1.3636     0.00659368
             14        1.30365        1.35931     0.00738315
             15         1.3763        1.36045      0.0069772
             16        1.36962        1.36102     0.00656466
             17        1.34957        1.36035     0.00621297
             18        1.29592        1.35677     0.00682142
             19         1.3451        1.35615     0.00648998
             20        1.37584        1.35714     0.00623966
