              1       0.032708       0.032708              0
              2       0.033104       0.032906    0.000140007
              3       0.033344       0.033052    0.000151402
              4       0.026948       0.031526     0.00132642
              5       0.024308      0.0300824     0.00167129
              6       0.022432      0.0288073     0.00181509
              7       0.029136      0.0288543      0.0015564
              8       0.037572       0.029944     0.00170108
              9       0.026764      0.0295907     0.00154833
             10       0.017192      0.0283508     0.00182356
             11        0.03078      0.0285716      0.0016711
             12        0.02952      0.0286507     0.00153371
             13       0.025248      0.0283889      0.0014379
             14       0.031812      0.0286334     0.00135582
             15       0.016724      0.0278395     0.00147975
             16       0.028952       0.027909      0.0013889
             17       0.033588      0.0282431     0.00134677
             18       0.025992       0.028118     0.00127775
             19       0.022124      0.0278025     0.00124883
             20       0.023916      0.0276082     0.00120142
              1       0.029388       0.029388              0
              2       0.024392        0.02689     0.00176635
              3       0.025948       0.026576     0.00120515
              4         0.0225       0.025557     0.00126323
              5       0.023624      0.0251704      0.0010681
              6        0.04088      0.0277887     0.00255049
              7       0.031832      0.0283663      0.0022506
              8       0.026336      0.0281125     0.00198353
              9       0.023404      0.0275893     0.00183083
             10       0.034092      0.0282396     0.00175944
             11       0.025796      0.0280175     0.00161346
             12       0.031076      0.0282723       0.001499
             13        0.02518      0.0280345     0.00140244
             14       0.031268      0.0282654     0.00132114
             15       0.029892      0.0283739     0.00123751
             16         0.0288      0.0284005     0.00116045
             17       0.023616      0.0281191      0.0011258
             18       0.028776      0.0281556     0.00106385
             19       0.025388      0.0280099     0.00101778
             20       0.025348      0.0278768    0.000975554
