              1       0.196402       0.196402              0
              2       0.196558        0.19648    5.49645e-05
              3       0.196768       0.196576    8.66136e-05
              4       0.196999       0.196682     0.00011223
              5       0.197067       0.196759    0.000113173
              6       0.195998       0.196632    0.000149341
              7       0.196092       0.196555    0.000146548
              8        0.19589       0.196472    0.000149966
              9       0.197063       0.196537       0.000147
             10       0.196111       0.196495    0.000138346
             11       0.196875       0.196529    0.000130021
             12       0.197148       0.196581    0.000128997
             13       0.197372       0.196642    0.000132652
             14       0.196805       0.196653    0.000123689
             15       0.197302       0.196697    0.000122773
             16       0.196495       0.196684    0.000115746
             17        0.19641       0.196668    0.000110058
             18       0.196776       0.196674    0.000104106
             19        0.19687       0.196684    9.91358e-05
             20       0.197499       0.196725    0.000102199
              1       0.196844       0.196844              0
              2       0.196343       0.196593    0.000177137
              3       0.196308       0.196498    0.000141396
              4       0.197333       0.196707    0.000209637
              5       0.196576       0.196681    0.000169335
              6       0.196187       0.196599    0.000159858
              7       0.195677       0.196467    0.000183346
              8       0.196198       0.196433    0.000163475
              9       0.196945        0.19649    0.000154892
             10       0.196704       0.196512    0.000140866
             11        0.19648       0.196509    0.000128089
             12       0.196958       0.196546     0.00012277
             13       0.195884       0.196495    0.000123435
             14       0.196589       0.196502      0.0001148
             15       0.196689       0.196514    0.000107821
             16       0.196746       0.196529     0.00010205
             17       0.196556        0.19653    9.60596e-05
             18       0.196465       0.196527    9.07915e-05
             19       0.196241       0.196512    8.72512e-05
             20       0.197218       0.196547    8.97437e-05
