              1      -0.463024      -0.463024              0
              2      -0.462352      -0.462688    0.000237588
              3       -0.46144      -0.462272    0.000374778
              4       -0.46044      -0.461814    0.000486139
              5      -0.460144       -0.46148    0.000490405
              6      -0.464768      -0.462028     0.00064596
              7       -0.46436      -0.462361    0.000633791
              8      -0.465232       -0.46272    0.000648248
              9       -0.46016      -0.462436     0.00063557
             10       -0.46428       -0.46262    0.000598178
             11      -0.460976      -0.462471    0.000562159
             12      -0.459792      -0.462247    0.000557869
             13      -0.458816      -0.461983    0.000574012
             14       -0.46128      -0.461933    0.000535205
             15       -0.45912      -0.461746    0.000531369
             16      -0.462624        -0.4618    0.000500986
             17      -0.462992      -0.461871    0.000476394
             18      -0.461408      -0.461845     0.00045062
             19         -0.461        -0.4618    0.000429092
             20      -0.458264      -0.461624    0.000442573
              1      -0.461112      -0.461112              0
              2       -0.46328      -0.462196    0.000766504
              3      -0.463432      -0.462608    0.000611789
              4      -0.458984      -0.461702    0.000908935
              5      -0.462272      -0.461816    0.000734262
              6      -0.463952      -0.462172    0.000692833
              7      -0.466144      -0.462739    0.000792871
              8      -0.463904      -0.462885    0.000706999
              9      -0.460672      -0.462639    0.000669839
             10       -0.46172      -0.462547    0.000609129
             11      -0.462688       -0.46256    0.000553888
             12      -0.460616      -0.462398    0.000530893
             13      -0.465256      -0.462618    0.000533637
             14      -0.462216      -0.462589    0.000496291
             15      -0.461784      -0.462535    0.000466099
             16      -0.461536      -0.462473    0.000441134
             17       -0.46236      -0.462466    0.000415235
             18      -0.462752      -0.462482    0.000392469
             19       -0.46372      -0.462547    0.000377181
             20      -0.459488      -0.462394    0.000388103
