              1      -0.796104      -0.796104              0
              2      -0.794152      -0.795128    0.000690136
              3      -0.798704       -0.79632     0.00107653
              4      -0.793328      -0.795572     0.00103514
              5      -0.794408      -0.795339    0.000853892
              6      -0.796456      -0.795525    0.000731583
              7      -0.800736       -0.79627    0.000931753
              8      -0.797672      -0.796445    0.000831608
              9      -0.797208       -0.79653    0.000743516
             10      -0.799032       -0.79678    0.000710022
             11      -0.798104        -0.7969    0.000655597
             12       -0.79672      -0.796885    0.000601136
             13      -0.793584      -0.796631    0.000606166
             14      -0.796208      -0.796601    0.000563623
             15       -0.79356      -0.796398    0.000561329
             16       -0.79356      -0.796221    0.000553569
             17      -0.795264      -0.796165    0.000523861
             18       -0.79088      -0.795871    0.000571134
             19      -0.797888      -0.795977    0.000550851
             20      -0.791952      -0.795776    0.000558868
              1        -0.7912        -0.7912              0
              2      -0.793448      -0.792324    0.000794788
              3      -0.798384      -0.794344     0.00173234
              4      -0.793656      -0.794172     0.00130777
              5      -0.793984      -0.794134     0.00104676
              6      -0.796984      -0.794609    0.000974099
              7      -0.801128      -0.795541     0.00120019
              8      -0.797568      -0.795794     0.00107659
              9      -0.797344      -0.795966    0.000970644
             10      -0.799288      -0.796298    0.000928681
             11      -0.798608      -0.796508    0.000867666
             12      -0.796664      -0.796521    0.000795458
             13      -0.793232      -0.796268    0.000773465
             14      -0.796664      -0.796297    0.000718733
             15        -0.7934      -0.796103    0.000696276
             16       -0.79384      -0.795962    0.000666975
             17      -0.795216      -0.795918    0.000629183
             18      -0.790736       -0.79563      0.0006568
             19       -0.79768      -0.795738     0.00063103
             20       -0.79108      -0.795505     0.00064102
