              1       0.178748       0.178748              0
              2       0.171932        0.17534     0.00240982
              3       0.146544       0.165741     0.00800025
              4       0.199944       0.174292     0.00953088
              5        0.19032       0.177498     0.00814597
              6         0.1604       0.174648     0.00726966
              7       0.156268       0.172022     0.00668854
              8       0.228068       0.179028     0.00878615
              9         0.2275       0.184414     0.00931549
             10       0.216656       0.187638     0.00892449
             11       0.186776        0.18756     0.00811352
             12       0.193872       0.188086     0.00745442
             13       0.137396       0.184186      0.0078347
             14       0.180252       0.183905     0.00728012
             15       0.185016       0.183979     0.00679515
             16       0.158332       0.182376      0.0065568
             17       0.235688       0.185512     0.00688029
             18       0.184152       0.185437     0.00649846
             19       0.184008       0.185362     0.00615688
             20       0.156988       0.183943     0.00601026
              1       0.196904       0.196904              0
              2       0.171608       0.184256     0.00894349
              3       0.146504       0.171672      0.0118794
              4       0.198816       0.178458      0.0106732
              5       0.191132       0.180993     0.00883445
              6       0.159992       0.177493     0.00802551
              7        0.15682       0.174539     0.00740246
              8         0.2287       0.181309     0.00905859
              9       0.226156       0.186292     0.00932239
             10       0.216524       0.189316      0.0088668
             11       0.187256       0.189128      0.0080627
             12       0.193824        0.18952      0.0074003
             13        0.13774       0.185537     0.00782991
             14       0.180488       0.185176     0.00727893
             15       0.184704       0.185145     0.00679374
             16       0.158572       0.183484     0.00656899
             17       0.236692       0.186614     0.00688798
             18       0.184164       0.186478     0.00650666
             19       0.184564       0.186377     0.00616498
             20       0.157824       0.184949     0.00601977
