              1       0.432678       0.432678              0
              2       0.436345       0.434511     0.00129666
              3       0.427779       0.432267     0.00202608
              4       0.437891       0.433673     0.00194716
              5       0.435865       0.434111     0.00160631
              6       0.432015       0.433762     0.00137605
              7       0.423939       0.432359     0.00175474
              8       0.429725        0.43203     0.00156598
              9       0.430599       0.431871     0.00140002
             10        0.42716         0.4314     0.00133693
             11       0.428911       0.431173     0.00123439
             12       0.431518       0.431202     0.00113186
             13       0.437411        0.43168     0.00114111
             14       0.432482       0.431737     0.00106104
             15       0.437456       0.432118     0.00105658
             16       0.437456       0.432452     0.00104188
             17       0.434257       0.432558     0.00098599
             18       0.442473       0.433109      0.0010741
             19       0.429318       0.432909     0.00103594
             20       0.440468       0.433287     0.00105082
              1       0.441874       0.441874              0
              2       0.437666        0.43977     0.00148802
              3       0.428383       0.435974     0.00325419
              4       0.437276         0.4363     0.00245685
              5        0.43666       0.436372     0.00196654
              6       0.431021        0.43548     0.00182983
              7       0.423197       0.433725     0.00225813
              8       0.429921        0.43325     0.00202531
              9       0.430343       0.432927     0.00182584
             10       0.426676       0.432302     0.00174698
             11        0.42796       0.431907     0.00163215
             12       0.431624       0.431883     0.00149631
             13       0.438071       0.432359     0.00145493
             14       0.431624       0.432307     0.00135195
             15       0.437756        0.43267     0.00130972
             16       0.436931       0.432936     0.00125464
             17       0.434347       0.433019     0.00118358
             18       0.442742        0.43356     0.00123493
             19        0.42971       0.433357     0.00118644
             20       0.442099       0.433794     0.00120494
