              1        9.92362        9.92362              0
              2        9.02929        9.47645       0.316194
              3        10.0737        9.67555       0.266197
              4        9.17942        9.55152        0.22671
              5        9.79192         9.5996       0.186397
              6        9.92641        9.65407       0.163095
              7        10.1515        9.72512       0.154502
              8        9.73221        9.72601       0.135192
              9        9.29927        9.67859       0.128216
             10         9.7251        9.68324       0.115479
             11         9.3895        9.65654       0.108024
             12        9.06403        9.60716       0.109728
             13        8.92397        9.55461       0.113175
             14        8.73349        9.49596       0.119325
             15        8.71795        9.44409       0.122123
             16        9.07838        9.42123        0.11661
             17        9.58353        9.43078       0.110141
             18        8.46937        9.37737       0.116253
             19        10.1314        9.41706       0.116713
             20        9.28663        9.41054       0.111059
              1        8.84487        8.84487              0
              2        9.02971        8.93729       0.065352
              3        10.0859        9.32014        0.31562
              4        9.15403        9.27862       0.239432
              5        9.78231        9.37935        0.21168
              6        9.93228        9.47151       0.195433
              7        10.1421        9.56731       0.189548
              8        9.70943        9.58508       0.166685
              9        9.30217        9.55365       0.151099
             10          9.749        9.57318       0.137246
             11        9.35529        9.55337       0.126191
             12        9.10734         9.5162       0.121025
             13        8.95822        9.47328       0.119084
             14         8.7576        9.42216       0.121054
             15         8.7014        9.37411       0.122148
             16        9.05117        9.35393        0.11617
             17        9.59122        9.36788       0.110172
             18        8.49253        9.31925       0.114281
             19        10.1196        9.36138       0.115769
             20        9.32023        9.35932       0.109999
