              1       0.056472       0.056472              0
              2        0.03674       0.046606     0.00697632
              3       0.034832      0.0426813     0.00564795
              4       0.054808       0.045713     0.00498364
              5       0.061532      0.0488768     0.00488908
              6       0.034928       0.046552     0.00459383
              7        0.02592      0.0436046      0.0047907
              8       0.052824       0.044757     0.00432825
              9       0.039828      0.0442093     0.00388183
             10       0.044132      0.0442016     0.00349365
             11         0.0335      0.0432287     0.00330873
             12       0.037404      0.0427433      0.0030684
             13        0.04066      0.0425831     0.00283655
             14         0.0326        0.04187      0.0027221
             15        0.06298      0.0432773     0.00288155
             16       0.036884      0.0428778     0.00272902
             17       0.045264      0.0430181     0.00257209
             18        0.04834      0.0433138     0.00244613
             19       0.035048      0.0428787     0.00235576
             20       0.041532      0.0428114     0.00223893
              1       0.056276       0.056276              0
              2       0.037816       0.047046      0.0065266
              3       0.033764      0.0426187     0.00565679
              4       0.055148       0.045751      0.0050357
              5       0.060004      0.0486016      0.0047676
              6       0.034548      0.0462593     0.00451183
              7       0.026748       0.043472     0.00464921
              8       0.052804      0.0446385     0.00421186
              9       0.040052      0.0441289     0.00377458
             10        0.04362       0.044078     0.00339746
             11       0.033392      0.0431065      0.0032245
             12       0.039076      0.0427707     0.00297323
             13       0.041644       0.042684     0.00274579
             14       0.031748      0.0419029     0.00265845
             15       0.062796      0.0432957     0.00282263
             16       0.036496      0.0428707     0.00267801
             17       0.044844      0.0429868       0.002523
             18       0.049488       0.043348     0.00240855
             19       0.034264      0.0428699     0.00232875
             20       0.040612       0.042757     0.00221505
