              1        2.00293        2.00293              0
              2        2.07788         2.0404      0.0264975
              3        2.08344        2.05475      0.0211959
              4        2.08307        2.06183      0.0170385
              5        2.09704        2.06887      0.0150159
              6          1.989        2.05556      0.0174431
              7        2.11984        2.06474      0.0171995
              8        2.00265        2.05698      0.0167095
              9        2.02288        2.05319      0.0152764
             10        2.14622         2.0625      0.0163377
             11        2.02234        2.05885      0.0152548
             12        2.04344        2.05756      0.0140375
             13        2.12543        2.06278      0.0138946
             14        2.12093        2.06694      0.0135085
             15        2.07779        2.06766      0.0126273
             16         2.0112        2.06413      0.0123214
             17         2.0524        2.06344      0.0116159
             18        2.13294         2.0673      0.0115945
             19        2.12399        2.07028      0.0113616
             20        2.02722        2.06813      0.0109956
              1        1.98375        1.98375              0
              2        2.08803        2.03589      0.0368696
              3        2.07272        2.04817       0.026545
              4        2.09194        2.05911      0.0220488
              5        2.10923        2.06913      0.0197868
              6        1.99247        2.05636      0.0201972
              7        2.11134        2.06421      0.0187773
              8        2.00556        2.05688      0.0178041
              9        2.03162        2.05407      0.0160455
             10        2.15351        2.06402      0.0172492
             11         2.0471        2.06248      0.0157495
             12        2.02603        2.05944       0.014727
             13         2.1194        2.06406      0.0142982
             14        2.12507        2.06841      0.0139253
             15        2.09352        2.07009      0.0130972
             16        2.00911        2.06628      0.0128212
             17        2.06052        2.06594      0.0120715
             18        2.13243        2.06963      0.0119527
             19        2.12128        2.07235      0.0116287
             20         2.0181        2.06964      0.0113592
