              1      -0.543704      -0.543704              0
              2      -0.545704      -0.544704    0.000707107
              3      -0.543736      -0.544381    0.000540029
              4      -0.541256        -0.5436    0.000788609
              5      -0.541384      -0.543157     0.00074509
              6      -0.546024      -0.543635    0.000758831
              7      -0.546272      -0.544011    0.000738055
              8      -0.543608      -0.543961    0.000647519
              9      -0.544344      -0.544004    0.000576969
             10      -0.547816      -0.544385    0.000632816
             11       -0.54304      -0.544263    0.000586978
             12      -0.542776      -0.544139     0.00055098
             13      -0.546544      -0.544324    0.000538769
             14      -0.543768      -0.544284    0.000501745
             15       -0.54376      -0.544249     0.00046951
             16      -0.543304       -0.54419    0.000443866
             17      -0.541952      -0.544058    0.000436843
             18       -0.54292      -0.543995    0.000417126
             19       -0.54432      -0.544012    0.000395523
             20       -0.54088      -0.543856    0.000405569
              1      -0.542768      -0.542768              0
              2      -0.544768      -0.543768    0.000707107
              3      -0.542928      -0.543488    0.000523917
              4       -0.54208      -0.543136    0.000497321
              5      -0.541072      -0.542723    0.000542783
              6        -0.5462      -0.543303    0.000695996
              7      -0.545024      -0.543549    0.000638533
              8      -0.542536      -0.543422    0.000571123
              9      -0.545512      -0.543654    0.000552864
             10      -0.547688      -0.544058    0.000627715
             11      -0.545088      -0.544151    0.000577597
             12      -0.543088      -0.544063    0.000536217
             13      -0.547104      -0.544297    0.000543615
             14      -0.544376      -0.544302    0.000504814
             15      -0.543488      -0.544248     0.00047407
             16      -0.544072      -0.544237    0.000444568
             17        -0.5426      -0.544141    0.000428719
             18      -0.542168      -0.544031    0.000418675
             19      -0.544136      -0.544037    0.000396676
             20      -0.540768      -0.543873    0.000409126
