              1       0.261892       0.261892              0
              2       0.261082       0.261487     0.00028641
              3        0.26188       0.261618    0.000218739
              4        0.26288       0.261934     0.00031867
              5       0.262828       0.262113    0.000301027
              6       0.260952       0.261919    0.000306725
              7       0.260852       0.261767    0.000298416
              8       0.261931       0.261787    0.000261822
              9       0.261634        0.26177    0.000233287
             10       0.260224       0.261616     0.00025614
             11       0.262161       0.261665    0.000237602
             12       0.262267       0.261715    0.000223039
             13       0.260741        0.26164    0.000218104
             14       0.261867       0.261657    0.000203123
             15        0.26187       0.261671    0.000190079
             16       0.262054       0.261695    0.000179703
             17         0.2626       0.261748     0.00017684
             18       0.262209       0.261774    0.000168862
             19       0.261643       0.261767    0.000160114
             20       0.263031        0.26183    0.000164118
              1       0.262271       0.262271              0
              2       0.261462       0.261866    0.000285918
              3       0.262206       0.261979    0.000211858
              4       0.262548       0.262122    0.000201003
              5       0.262954       0.262288    0.000219156
              6       0.260881       0.262054    0.000281397
              7       0.261358       0.261954     0.00025814
              8       0.262364       0.262005    0.000230903
              9        0.26116       0.261912     0.00022353
             10       0.260276       0.261748    0.000254073
             11       0.261332        0.26171     0.00023377
             12       0.262141       0.261746    0.000217033
             13       0.260514       0.261651    0.000220076
             14       0.261621       0.261649    0.000204368
             15        0.26198       0.261671    0.000191928
             16       0.261744       0.261676    0.000179986
             17       0.262338       0.261715    0.000173569
             18       0.262513       0.261759    0.000169492
             19       0.261718       0.261757    0.000160585
             20       0.263076       0.261823    0.000165554
