              1       0.282067       0.282067              0
              2       0.282498       0.282283    0.000152272
              3       0.280684        0.28175    0.000446867
              4       0.283523       0.282193    0.000509611
              5       0.281803       0.282115    0.000413628
              6       0.281715       0.282048    0.000350006
              7       0.280315       0.281801    0.000377584
              8       0.282048       0.281832    0.000331653
              9       0.282483       0.281904    0.000302595
             10       0.281386       0.281852    0.000276735
             11       0.280942       0.281769    0.000263658
             12       0.281162       0.281719    0.000246495
             13       0.281765       0.281722    0.000227559
             14        0.28142       0.281701    0.000212328
             15       0.281048       0.281657    0.000202579
             16       0.282581       0.281715    0.000197975
             17       0.282675       0.281771    0.000194222
             18       0.280585       0.281706    0.000194298
             19       0.281568       0.281698    0.000184207
             20       0.282207       0.281724    0.000176745
              1       0.282623       0.282623              0
              2       0.281844       0.282233    0.000275209
              3        0.28117       0.281879    0.000342728
              4       0.283962         0.2824    0.000519211
              5       0.282377       0.282395    0.000415389
              6       0.280881       0.282143    0.000415791
              7       0.282245       0.282157    0.000356648
              8        0.28341       0.282314    0.000344723
              9       0.282755       0.282363    0.000309877
             10       0.281177       0.282244    0.000300718
             11       0.281606       0.282186    0.000278931
             12        0.28109       0.282095    0.000270234
             13        0.28181       0.282073    0.000250334
             14       0.282033        0.28207    0.000232469
             15       0.282162       0.282076    0.000217051
             16       0.283598       0.282171    0.000223352
             17       0.280444        0.28207    0.000232177
             18       0.281454       0.282036    0.000221784
             19       0.280524       0.281956    0.000223926
             20       0.280379       0.281877     0.00022618
