              1      -0.567744      -0.567744              0
              2      -0.566832      -0.567288    0.000322441
              3      -0.570664      -0.568413    0.000943641
              4      -0.564656      -0.567474     0.00107826
              5      -0.568304       -0.56764    0.000875292
              6      -0.568488      -0.567781    0.000740733
              7       -0.57144      -0.568304    0.000798292
              8      -0.567784      -0.568239    0.000701147
              9      -0.566864      -0.568086     0.00063967
             10      -0.569184      -0.568196    0.000585047
             11       -0.57012      -0.568371    0.000557394
             12      -0.569656      -0.568478    0.000521131
             13      -0.568384      -0.568471    0.000481094
             14      -0.569112      -0.568517    0.000448905
             15      -0.569896      -0.568609    0.000428294
             16      -0.566656      -0.568487     0.00041855
             17      -0.566456      -0.568367    0.000410618
             18      -0.570872      -0.568506    0.000410712
             19        -0.5688      -0.568522    0.000389386
             20      -0.567448      -0.568468    0.000373599
              1      -0.566568      -0.566568              0
              2      -0.568216      -0.567392    0.000582656
              3       -0.56964      -0.568141    0.000724719
              4       -0.56372      -0.567036      0.0011008
              5      -0.567088      -0.567046    0.000880687
              6      -0.570248       -0.56758    0.000880848
              7      -0.567368       -0.56755    0.000755533
              8      -0.564896      -0.567218    0.000730289
              9      -0.566288      -0.567115    0.000656415
             10      -0.569624      -0.567366    0.000636934
             11       -0.56872      -0.567489    0.000590812
             12      -0.569808      -0.567682    0.000572318
             13      -0.568288      -0.567729    0.000530188
             14      -0.567816      -0.567735    0.000492355
             15      -0.567544      -0.567722    0.000459695
             16      -0.564496       -0.56752    0.000473123
             17      -0.571168      -0.567735    0.000491541
             18       -0.56904      -0.567808    0.000469549
             19         -0.571      -0.567976    0.000473946
             20      -0.571304      -0.568142    0.000478576
