              1        2.35868        2.35868              0
              2        2.37635        2.36751     0.00624809
              3        2.34117        2.35873     0.00829188
              4        2.32929        2.35137      0.0089065
              5        2.36904        2.35491     0.00779493
              6        2.30647        2.34683     0.00982384
              7        2.43287        2.35912      0.0141562
              8        2.25931        2.34665      0.0170186
              9        2.23189         2.3339      0.0193229
             10         2.2891        2.32942      0.0179022
             11        2.45318        2.34067      0.0194923
             12        2.26412        2.33429      0.0188828
             13        2.45916         2.3439      0.0197226
             14        2.15433        2.33035      0.0224866
             15        2.24796        2.32486       0.021648
             16        2.36011        2.32706      0.0204068
             17        2.27733        2.32414       0.019415
             18        2.44385        2.33079      0.0194422
             19        2.44913        2.33702      0.0193909
             20         2.5077        2.34555      0.0202123
              1        2.37648        2.37648              0
              2        2.29999        2.33824      0.0270416
              3        2.36087        2.34578      0.0190512
              4        2.26884        2.32655      0.0219467
              5        2.22189        2.30562      0.0256658
              6        2.27296        2.30017      0.0219577
              7        2.41112        2.31602      0.0238649
              8        2.22407        2.30453      0.0234871
              9         2.4407        2.31966      0.0252855
             10         2.3383        2.32152      0.0228256
             11        2.21992        2.31229      0.0225422
             12        2.38132        2.31804      0.0213851
             13        2.35465        2.32086      0.0199247
             14        2.40778        2.32706      0.0194449
             15        2.26845        2.32316       0.018537
             16        2.28873        2.32101      0.0175029
             17        2.41603         2.3266      0.0173429
             18        2.31219        2.32579      0.0163979
             19        2.36455        2.32783      0.0156612
             20         2.3989        2.33139      0.0152758
