              1       0.037616       0.037616              0
              2       0.060748       0.049182      0.0081784
              3        0.05778       0.052048     0.00593323
              4       0.048148       0.051073     0.00452932
              5       0.042516      0.0493616     0.00393352
              6       0.044404      0.0485353     0.00336359
              7       0.033964      0.0464537     0.00346789
              8        0.06048       0.048207     0.00344926
              9       0.039028      0.0471871     0.00321325
             10       0.042156       0.046684     0.00293105
             11       0.049008      0.0468953     0.00267219
             12       0.053748      0.0474663     0.00250979
             13       0.046976      0.0474286     0.00231701
             14       0.063204      0.0485554     0.00240998
             15       0.039088      0.0479243      0.0023305
             16       0.069124      0.0492493     0.00253365
             17       0.050732      0.0493365     0.00238612
             18         0.0501      0.0493789     0.00225393
             19       0.049932       0.049408     0.00213549
             20       0.040036      0.0489394     0.00207949
              1       0.056516       0.056516              0
              2       0.035084         0.0458     0.00757736
              3       0.050412      0.0473373     0.00520519
              4       0.051896       0.048477     0.00402672
              5       0.041036      0.0469888     0.00348555
              6       0.048204      0.0471913      0.0029105
              7       0.044496      0.0468063     0.00252006
              8        0.03806       0.045713     0.00243066
              9       0.056584      0.0469209     0.00244234
             10       0.037924      0.0460212       0.002358
             11       0.050148      0.0463964     0.00217328
             12        0.04896        0.04661     0.00200264
             13       0.049772      0.0468532     0.00186331
             14       0.047328      0.0468871     0.00173052
             15       0.053552      0.0473315     0.00167122
             16       0.045724       0.047231     0.00156979
             17       0.043892      0.0470346     0.00148968
             18       0.047324      0.0470507     0.00140701
             19       0.049396      0.0471741     0.00133836
             20       0.048208      0.0472258     0.00127244
