              1        0.10586        0.10586              0
              2       0.095272       0.100566     0.00374342
              3       0.086664       0.095932     0.00453256
              4       0.108264       0.099015     0.00432258
              5       0.114348       0.102082     0.00441378
              6       0.067052      0.0962433     0.00647559
              7       0.050596      0.0897223     0.00820105
              8       0.098468      0.0908155     0.00724842
              9       0.078384      0.0894342     0.00657333
             10        0.08124      0.0886148     0.00596685
             11       0.087956      0.0885549     0.00542471
             12        0.06854       0.086887     0.00522278
             13          0.073      0.0858188     0.00492906
             14       0.088452      0.0860069     0.00458057
             15       0.114196      0.0878861     0.00464473
             16       0.103116       0.088838      0.0044509
             17       0.089824       0.088896     0.00418946
             18         0.0806      0.0884351     0.00398199
             19        0.08154      0.0880722     0.00378891
             20       0.091716      0.0882544     0.00360384
              1         0.1054         0.1054              0
              2        0.09548        0.10044     0.00350725
              3       0.085956       0.095612     0.00458331
              4         0.1079       0.098684     0.00434674
              5       0.113712        0.10169     0.00439536
              6       0.067128      0.0959293     0.00640833
              7       0.051268      0.0895491     0.00806616
              8       0.099288      0.0907665     0.00714917
              9       0.078816      0.0894387     0.00647695
             10        0.08054      0.0885488     0.00589007
             11        0.08806      0.0885044     0.00535477
             12        0.06918       0.086894     0.00514499
             13       0.074168      0.0859151     0.00484146
             14        0.08694      0.0859883     0.00449619
             15       0.113992      0.0878552     0.00456762
             16       0.103588      0.0888385     0.00438671
             17       0.089548      0.0888802     0.00412887
             18       0.082352      0.0885176     0.00391538
             19         0.0813      0.0881377     0.00372769
             20       0.090868      0.0882742     0.00354381
