              1       0.365113       0.365113              0
              2       0.361851       0.363482     0.00115355
              3       0.365281       0.364082    0.000911582
              4       0.365135       0.364345    0.000720743
              5       0.367376       0.364951    0.000791424
              6       0.362099       0.364476    0.000789474
              7       0.361632       0.364069    0.000774215
              8       0.363776       0.364033    0.000678309
              9       0.364358       0.364069    0.000603902
             10       0.365629       0.364225    0.000563304
             11       0.365955       0.364382    0.000533614
             12       0.366709       0.364576    0.000523202
             13       0.362872       0.364445    0.000499103
             14        0.36435       0.364438    0.000463499
             15       0.369341       0.364765    0.000535575
             16       0.362836       0.364645    0.000515497
             17       0.364387       0.364629    0.000485397
             18       0.367961       0.364814    0.000492466
             19       0.366825        0.36492    0.000477783
             20       0.366927       0.365021    0.000464306
              1        0.36605        0.36605              0
              2       0.362157       0.364104     0.00137617
              3       0.365389       0.364532     0.00098193
              4       0.365026       0.364656    0.000744177
              5       0.367759       0.365276    0.000813999
              6       0.362405       0.364798    0.000806798
              7       0.361822       0.364373    0.000795733
              8       0.364554       0.364395    0.000696588
              9       0.364168        0.36437    0.000619646
             10       0.366238       0.364557    0.000585165
             11        0.36419       0.364524    0.000532917
             12       0.366695       0.364705    0.000518315
             13       0.362639       0.364546    0.000502211
             14       0.365063       0.364583    0.000467694
             15       0.369211       0.364891    0.000528586
             16       0.362756       0.364758    0.000512124
             17       0.364401       0.364737    0.000482428
             18       0.367824       0.364908     0.00048516
             19       0.366224       0.364977     0.00046454
             20       0.366485       0.365053    0.000447384
