              1        4.08041        4.08041              0
              2        4.12406        4.10224      0.0154312
              3        4.52987        4.24478       0.116841
              4        4.30252        4.25921      0.0885176
              5        4.20125        4.24762      0.0715692
              6        4.33856        4.26278      0.0612247
              7        4.26238        4.26272      0.0524783
              8        4.26619        4.26315      0.0459203
              9        4.06777        4.24145      0.0456623
             10        4.41131        4.25843      0.0441427
             11        4.26432        4.25897       0.040133
             12        4.30306        4.26264      0.0369564
             13         4.3025        4.26571      0.0342405
             14        4.33953        4.27098      0.0321983
             15         4.0814        4.25834      0.0324376
             16        4.38524        4.26627      0.0313649
             17        4.09116        4.25597      0.0311655
             18        4.35619        4.26154      0.0299273
             19        4.32124        4.26468      0.0285166
             20        3.86746        4.24482      0.0332963
              1         4.0921         4.0921              0
              2        4.12653        4.10932      0.0121715
              3        4.52975        4.24946       0.114715
              4        4.31666        4.26626      0.0872575
              5        4.18765        4.25054      0.0712085
              6        4.32842        4.26352      0.0605119
              7        4.26541        4.26379       0.051868
              8        4.24418        4.26134      0.0454423
              9         4.0928        4.24261      0.0440832
             10        4.40863        4.25921      0.0426866
             11        4.29195        4.26219      0.0389097
             12        4.28544        4.26413      0.0357154
             13        4.29253        4.26631      0.0330348
             14        4.36254        4.27319      0.0313821
             15        4.09153        4.26108      0.0315401
             16        4.39699        4.26957      0.0306915
             17        4.11836        4.26068      0.0301474
             18        4.36938        4.26671      0.0290711
             19        4.34117        4.27063      0.0278039
             20        3.84417        4.24931      0.0336099
