              1      -0.675696      -0.675696              0
              2       -0.67928      -0.677488     0.00126714
              3      -0.675512      -0.676829     0.00100142
              4      -0.675672       -0.67654     0.00079176
              5        -0.6732      -0.675872    0.000870738
              6      -0.679008      -0.676395    0.000868428
              7       -0.67952      -0.676841    0.000851438
              8      -0.677168      -0.676882    0.000745988
              9      -0.676528      -0.676843    0.000664136
             10      -0.675128      -0.676671    0.000619462
             11      -0.674768      -0.676498    0.000586812
             12      -0.673936      -0.676285    0.000575446
             13       -0.67816      -0.676429    0.000548965
             14      -0.676536      -0.676437    0.000509806
             15      -0.671024      -0.676076    0.000589854
             16        -0.6782      -0.676208    0.000567733
             17      -0.676496      -0.676225    0.000534589
             18      -0.672552      -0.676021    0.000542446
             19      -0.673808      -0.675905    0.000526256
             20      -0.673696      -0.675794    0.000511401
              1      -0.674664      -0.674664              0
              2      -0.678944      -0.676804     0.00151321
              3      -0.675392      -0.676333     0.00107952
              4      -0.675792      -0.676198    0.000818083
              5      -0.672776      -0.675514     0.00089613
              6      -0.678672       -0.67604    0.000888024
              7      -0.679312      -0.676507    0.000875584
              8      -0.676312      -0.676483    0.000766476
              9      -0.676736      -0.676511    0.000681828
             10      -0.674456      -0.676306    0.000643872
             11      -0.676712      -0.676343    0.000586397
             12      -0.673952      -0.676143    0.000570366
             13      -0.678416      -0.676318    0.000552635
             14      -0.675752      -0.676278    0.000514638
             15      -0.671168      -0.675937    0.000582255
             16      -0.678288      -0.676084    0.000564099
             17       -0.67648      -0.676107    0.000531397
             18      -0.672704      -0.675918    0.000534454
             19      -0.674472      -0.675842    0.000511716
             20      -0.674184      -0.675759    0.000492801
