              1       0.255486       0.255486              0
              2       0.254258       0.254872    0.000434124
              3       0.255008       0.254917    0.000291794
              4       0.255224       0.254994    0.000228703
              5        0.25436       0.254867    0.000215271
              6       0.255934       0.255045    0.000241955
              7       0.255845       0.255159    0.000232837
              8       0.255458       0.255197    0.000206704
              9       0.255088       0.255185    0.000184086
             10       0.255553       0.255221    0.000169329
             11       0.254814       0.255184    0.000157936
             12       0.256327        0.25528    0.000171074
             13       0.254922       0.255252    0.000160111
             14       0.256226       0.255322    0.000163077
             15       0.253998       0.255233    0.000174464
             16       0.256507       0.255313    0.000180821
             17       0.255943        0.25535    0.000173946
             18       0.255596       0.255364    0.000164819
             19       0.255815       0.255387    0.000157842
             20       0.255042        0.25537    0.000150891
              1       0.255735       0.255735              0
              2       0.256158       0.255946    0.000149744
              3        0.25448       0.255458    0.000411292
              4       0.255301       0.255419    0.000310331
              5       0.256975        0.25573    0.000373057
              6       0.255295       0.255657    0.000317849
              7       0.256167        0.25573    0.000280668
              8       0.255827       0.255742    0.000245844
              9       0.255261       0.255689     0.00022427
             10       0.254981       0.255618    0.000212733
             11       0.255135       0.255574    0.000197879
             12       0.255098       0.255534    0.000185328
             13       0.255962       0.255567    0.000173965
             14       0.256146       0.255609    0.000166377
             15       0.255381       0.255593    0.000155975
             16       0.255707         0.2556    0.000146388
             17       0.255446       0.255591     0.00013806
             18       0.254347       0.255522     0.00014667
             19       0.255181       0.255504    0.000140047
             20       0.256213        0.25554    0.000137459
