              1        1.97507        1.97507              0
              2        2.05401        2.01454      0.0279083
              3        1.95662        1.99523      0.0243859
              4        2.02457        2.00257      0.0193614
              5        2.04719        2.01149      0.0174246
              6        1.94334        2.00013      0.0178427
              7        1.99153         1.9989       0.015336
              8        1.86366          1.982      0.0207394
              9        1.91158        1.97417      0.0198562
             10        1.97931        1.97469      0.0178772
             11        1.98911          1.976         0.0163
             12        2.00959         1.9788      0.0151801
             13        1.97013        1.97813       0.014027
             14        1.95611        1.97656       0.013113
             15        1.97456        1.97642      0.0122395
             16        1.90831        1.97217      0.0121925
             17        1.98022        1.97264      0.0114845
             18        1.99783        1.97404      0.0109314
             19        2.05681         1.9784      0.0111905
             20        2.03925        1.98144      0.0110368
              1        1.94882        1.94882              0
              2        2.05759        2.00321      0.0384548
              3        2.00943        2.00528      0.0256923
              4        1.99794        2.00344      0.0193348
              5        1.85172         1.9731      0.0312398
              6        1.98743        1.97549      0.0261243
              7        1.94748        1.97149      0.0226967
              8        2.09131        1.98646       0.024304
              9        1.98373        1.98616      0.0216055
             10        1.95254         1.9828      0.0197047
             11        1.98432        1.98294      0.0179139
             12        1.98727         1.9833      0.0164247
             13        1.94982        1.98072      0.0153618
             14        1.97975        1.98065      0.0142647
             15        1.96325        1.97949      0.0133608
             16        1.99822        1.98066      0.0125769
             17        1.97505        1.98033      0.0118414
             18        2.00573        1.98174      0.0112673
             19        1.99663        1.98253      0.0107015
             20        1.93868        1.98034      0.0103886
