              1      -0.536168      -0.536168              0
              2      -0.539352       -0.53776     0.00112571
              3      -0.537408      -0.537643    0.000756566
              4      -0.536848      -0.537444    0.000592935
              5      -0.539088      -0.537773    0.000558116
              6         -0.535      -0.537311    0.000627923
              7      -0.535232      -0.537014    0.000604371
              8       -0.53624      -0.536917    0.000536507
              9        -0.5372      -0.536948    0.000477816
             10      -0.535992      -0.536853    0.000439503
             11      -0.537912      -0.536949     0.00040996
             12      -0.533976      -0.536701    0.000444401
             13      -0.537632      -0.536773    0.000415942
             14       -0.53424      -0.536592    0.000423757
             15      -0.540024      -0.536821    0.000453084
             16      -0.533504      -0.536614    0.000469802
             17      -0.534976      -0.536517    0.000451933
             18       -0.53588      -0.536482     0.00042821
             19      -0.535312       -0.53642    0.000410075
             20       -0.53732      -0.536465    0.000392031
              1       -0.53552       -0.53552              0
              2      -0.534416      -0.534968    0.000390323
              3      -0.538776      -0.536237     0.00106857
              4      -0.536648       -0.53634    0.000806347
              5       -0.53228      -0.535528    0.000971391
              6      -0.536664      -0.535717    0.000827738
              7      -0.534392      -0.535528    0.000730823
              8       -0.53528      -0.535497    0.000640127
              9      -0.536752      -0.535636    0.000583993
             10       -0.53748      -0.535821    0.000553928
             11       -0.53708      -0.535935    0.000515264
             12      -0.537176      -0.536039    0.000482587
             13      -0.534928      -0.535953    0.000452965
             14      -0.534448      -0.535846    0.000433182
             15       -0.53644      -0.535885    0.000406111
             16      -0.535592      -0.535867    0.000381143
             17      -0.536272      -0.535891    0.000359467
             18       -0.53912       -0.53607    0.000381646
             19       -0.53696      -0.536117    0.000364421
             20      -0.534272      -0.536025    0.000357686
