              1       0.046132       0.046132              0
              2       0.042212       0.044172     0.00138593
              3       0.041564      0.0433027     0.00116512
              4       0.041832       0.042935    0.000930047
              5       0.039476      0.0422432    0.000967709
              6       0.030256      0.0402453     0.00199413
              7        0.03712      0.0397989     0.00175852
              8         0.0307      0.0386615      0.0018707
              9       0.031744      0.0378929     0.00181388
             10       0.044104       0.038514     0.00173558
             11       0.043464       0.038964      0.0016351
             12       0.047176      0.0396483     0.00163579
             13       0.036408      0.0393991     0.00152883
             14        0.02746      0.0385463     0.00164032
             15        0.04344      0.0388725     0.00156307
             16       0.048508      0.0394748     0.00157713
             17       0.043196      0.0396936     0.00149947
             18       0.039176      0.0396649     0.00141644
             19       0.047044      0.0400533     0.00139412
             20       0.030392      0.0395702     0.00140562
              1        0.04534        0.04534              0
              2        0.04094        0.04314     0.00155563
              3        0.04912      0.0451333     0.00192989
              4        0.03618       0.042895     0.00241922
              5       0.039848      0.0422856     0.00201066
              6       0.037232      0.0414433     0.00184354
              7        0.04506        0.04196     0.00165099
              8       0.051008       0.043091     0.00179058
              9       0.035504       0.042248     0.00177904
             10       0.032348       0.041258     0.00185627
             11       0.053924      0.0424095     0.00201321
             12       0.046052       0.042713     0.00186819
             13       0.043352      0.0427622     0.00172513
             14       0.045012      0.0429229     0.00160937
             15       0.044016      0.0429957     0.00150373
             16       0.031024      0.0422475     0.00158501
             17        0.05616      0.0430659     0.00168989
             18       0.040432      0.0429196     0.00160233
             19       0.033864      0.0424429      0.0015873
             20       0.025152      0.0415784     0.00172741
