              1        2.37351        2.37351              0
              2        2.33153        2.35252      0.0148407
              3        2.46228        2.38911      0.0314689
              4        2.52431        2.42291      0.0376021
              5        2.61594        2.46151      0.0457953
              6        2.58101        2.48143      0.0422724
              7        2.70417        2.51325       0.046698
              8        2.53272        2.51568      0.0409241
              9        2.40893        2.50382      0.0380572
             10        2.50999        2.50444      0.0342565
             11        2.58219        2.51151      0.0318631
             12        2.63255        2.52159      0.0307631
             13        2.50539        2.52035       0.028422
             14        2.62123        2.52755      0.0272901
             15        2.61937        2.53367      0.0261483
             16        2.57969        2.53655      0.0246717
             17        2.54561        2.53708      0.0232261
             18        2.58047        2.53949      0.0220605
             19        2.42913        2.53369      0.0216506
             20        2.72083        2.54304      0.0224994
              1        2.53803        2.53803              0
              2        2.66346        2.60074      0.0443456
              3        2.52595        2.57581      0.0358935
              4        2.53005        2.56437      0.0286859
              5        2.59725        2.57095      0.0236905
              6        2.52581        2.56343      0.0209022
              7         2.6473        2.57541      0.0210722
              8        2.56548        2.57417      0.0184747
              9        2.74867        2.59356      0.0245736
             10        2.55569        2.58977      0.0224061
             11        2.53436        2.58473      0.0209278
             12        2.52107        2.57943      0.0198447
             13        2.57439        2.57904       0.018322
             14         2.5336        2.57579      0.0172984
             15        2.61422        2.57835      0.0163337
             16        2.46094        2.57102      0.0168809
             17        2.57583         2.5713      0.0158903
             18        2.54144        2.56964      0.0150939
             19        2.72113        2.57761      0.0162696
             20        2.52337         2.5749      0.0156806
