              1      -0.581672      -0.581672              0
              2      -0.583528        -0.5826    0.000656195
              3      -0.586592      -0.583931     0.00117125
              4      -0.583576      -0.583842    0.000881786
              5      -0.588672      -0.584808     0.00111542
              6      -0.589048      -0.585515     0.00113143
              7      -0.588032      -0.585874     0.00102536
              8      -0.584432      -0.585694    0.000912903
              9      -0.583384      -0.585437    0.000846782
             10      -0.585528      -0.585446    0.000762153
             11      -0.587152      -0.585601    0.000708463
             12      -0.586784        -0.5857    0.000656242
             13      -0.584184      -0.585583    0.000616036
             14      -0.587408      -0.585714    0.000585658
             15       -0.58756      -0.585837    0.000559399
             16      -0.583224      -0.585673    0.000547753
             17       -0.58428      -0.585592     0.00052163
             18      -0.582136        -0.5854    0.000526793
             19      -0.584856      -0.585371    0.000499843
             20      -0.585064      -0.585356    0.000475087
              1      -0.586016      -0.586016              0
              2       -0.58808      -0.587048    0.000729734
              3      -0.586832      -0.586976    0.000490029
              4      -0.582216      -0.585786     0.00109414
              5        -0.5854      -0.585709    0.000878033
              6      -0.586256        -0.5858    0.000736415
              7      -0.587752      -0.586079     0.00068197
              8      -0.582888       -0.58568    0.000703761
              9      -0.587568       -0.58589    0.000656086
             10      -0.587104      -0.586011    0.000601609
             11      -0.584144      -0.585841    0.000570362
             12      -0.584712      -0.585747    0.000530541
             13      -0.586904      -0.585836    0.000497135
             14      -0.585352      -0.585802    0.000462827
             15      -0.586848      -0.585871    0.000437196
             16      -0.582816       -0.58568    0.000449648
             17      -0.588144      -0.585825    0.000445939
             18      -0.584984      -0.585779    0.000423607
             19      -0.588064      -0.585899     0.00041804
             20       -0.58648      -0.585928    0.000398146
