              1       0.298031       0.298031              0
              2       0.297056       0.297544    0.000344398
              3       0.295442       0.296843    0.000616434
              4       0.297031        0.29689    0.000464121
              5        0.29434        0.29638    0.000588098
              6       0.294141       0.296007     0.00059685
              7        0.29468       0.295817    0.000540863
              8       0.296581       0.295913    0.000481604
              9       0.297132       0.296048    0.000446745
             10       0.296003       0.296044    0.000402093
             11       0.295146       0.295962    0.000373739
             12        0.29534        0.29591     0.00034617
             13       0.296711       0.295972    0.000324981
             14        0.29501       0.295903    0.000308944
             15        0.29493       0.295838    0.000295087
             16       0.297216       0.295924    0.000288939
             17       0.296661       0.295968    0.000275171
             18       0.297787       0.296069    0.000277833
             19       0.296358       0.296084    0.000263625
             20       0.296248       0.296092    0.000250572
              1       0.295746       0.295746              0
              2       0.294654         0.2952    0.000385919
              3       0.295315       0.295238    0.000259166
              4       0.297745       0.295865    0.000576561
              5       0.296071       0.295906    0.000462716
              6       0.295619       0.295858    0.000388063
              7       0.294828       0.295711    0.000359459
              8       0.297393       0.295921    0.000370927
              9       0.294925       0.295811    0.000345827
             10       0.295171       0.295747    0.000317107
             11       0.296732       0.295836    0.000300676
             12       0.296433       0.295886    0.000279707
             13       0.295277       0.295839     0.00026209
             14       0.296096       0.295858    0.000244011
             15       0.295306       0.295821    0.000230495
             16       0.297431       0.295921    0.000237031
             17        0.29462       0.295845    0.000235119
             18        0.29629        0.29587    0.000223354
             19       0.294663       0.295806    0.000220446
             20       0.295501       0.295791    0.000209952
