              1       0.054236       0.054236              0
              2       0.052184        0.05321    0.000725492
              3       0.050664      0.0523613    0.000845035
              4       0.055016       0.053025    0.000855577
              5       0.036328      0.0496856     0.00306427
              6       0.061428      0.0516427     0.00311648
              7       0.055596      0.0522074     0.00272196
              8        0.04088      0.0507915     0.00272522
              9          0.035      0.0490369     0.00293337
             10       0.060472      0.0501804     0.00285423
             11       0.045296      0.0497364     0.00262907
             12       0.044128       0.049269     0.00245117
             13       0.046568      0.0490612     0.00227141
             14       0.048328      0.0490089     0.00210977
             15       0.054396       0.049368     0.00199945
             16       0.045256       0.049111     0.00189093
             17        0.04782      0.0490351     0.00178122
             18        0.04714      0.0489298     0.00168537
             19       0.064348      0.0497413     0.00178135
             20       0.045888      0.0495486     0.00170267
              1       0.065608       0.065608              0
              2        0.05232       0.058964     0.00469802
              3       0.054316      0.0574147     0.00337784
              4        0.06536       0.059401     0.00306221
              5         0.0604      0.0596008     0.00245628
              6        0.07226      0.0617107     0.00281059
              7       0.047584      0.0596926      0.0030487
              8       0.052852      0.0588375     0.00278494
              9       0.059112       0.058868     0.00247567
             10       0.055132      0.0584944     0.00225612
             11        0.04252      0.0570422     0.00247465
             12       0.054928       0.056866     0.00227469
             13         0.0488      0.0562455     0.00218269
             14       0.057472      0.0563331     0.00202854
             15       0.056548      0.0563475     0.00189336
             16       0.064444      0.0568535     0.00184141
             17       0.052252      0.0565828     0.00175287
             18       0.053956      0.0564369     0.00166155
             19        0.06552      0.0569149     0.00164143
             20       0.042164      0.0561774     0.00171709
