              1      -0.603928      -0.603928              0
              2       -0.60664      -0.605284    0.000958837
              3       -0.60328      -0.604616    0.000840292
              4      -0.602416      -0.604066    0.000789969
              5      -0.603616      -0.603976    0.000637081
              6      -0.606024      -0.604317    0.000615586
              7      -0.605768      -0.604525    0.000561446
              8      -0.604632      -0.604538    0.000491426
              9      -0.605904       -0.60469    0.000459664
             10      -0.606392       -0.60486    0.000444099
             11        -0.6036      -0.604745    0.000418238
             12      -0.604904      -0.604759    0.000383593
             13      -0.606136      -0.604865    0.000368427
             14         -0.605      -0.604874    0.000342238
             15      -0.601352      -0.604639    0.000391784
             16      -0.605784      -0.604711    0.000373771
             17      -0.602656       -0.60459    0.000370817
             18      -0.602464      -0.604472    0.000368548
             19      -0.604928      -0.604496    0.000349931
             20       -0.60172      -0.604357    0.000358908
              1       -0.60352       -0.60352              0
              2      -0.606464      -0.604992     0.00104086
              3      -0.602864      -0.604283    0.000903849
              4      -0.601928      -0.603694     0.00084819
              5       -0.60344      -0.603643    0.000680072
              6       -0.60608      -0.604049    0.000677224
              7      -0.605176       -0.60421    0.000599299
              8      -0.602952      -0.604053    0.000544636
              9       -0.60664       -0.60434    0.000554812
             10      -0.606384      -0.604545    0.000535646
             11      -0.604904      -0.604577    0.000487945
             12      -0.604776      -0.604594    0.000447563
             13      -0.606288      -0.604724    0.000431688
             14      -0.604632      -0.604718    0.000400904
             15       -0.60188      -0.604529    0.000416427
             16      -0.606088      -0.604626    0.000401645
             17       -0.60324      -0.604544    0.000386205
             18      -0.602104      -0.604409    0.000387818
             19      -0.604704      -0.604424    0.000367718
             20      -0.601784      -0.604292    0.000372278
