              1        2.80765        2.80765              0
              2        2.81622        2.81193     0.00303018
              3        2.87928        2.83438      0.0184401
              4        2.84176        2.83623      0.0139221
              5        2.71771        2.81252      0.0239481
              6        2.72769        2.79838      0.0237671
              7        2.83946        2.80425      0.0210837
              8        2.80241        2.80402      0.0184495
              9         2.8147        2.80521      0.0164377
             10        2.93095        2.81778      0.0190041
             11        2.82147        2.81812      0.0172794
             12        2.94275         2.8285       0.018702
             13        2.95775        2.83844      0.0197297
             14        2.96482        2.84747      0.0202806
             15        2.87516        2.84932      0.0190124
             16        2.98275        2.85766      0.0195678
             17        2.73461        2.85042      0.0197099
             18        2.95941        2.85647      0.0195228
             19        2.78574        2.85275      0.0188469
             20        2.67781          2.844      0.0198308
              1        2.79924        2.79924              0
              2        2.82751        2.81338     0.00999444
              3        2.87695        2.83457      0.0185407
              4        2.84939        2.83828      0.0142711
              5        2.71882        2.81438      0.0242276
              6        2.72618        2.79968      0.0242432
              7        2.83185        2.80428       0.021211
              8        2.79033        2.80253      0.0186312
              9        2.83362        2.80599      0.0168782
             10        2.93776        2.81917       0.019673
             11        2.86127        2.82299      0.0182531
             12         2.9375        2.83254      0.0190639
             13        2.94815        2.84143       0.019562
             14        2.97192        2.85075      0.0202638
             15        2.88845        2.85326      0.0190681
             16        2.97306        2.86075      0.0192903
             17        2.74672        2.85404      0.0192866
             18        2.95992        2.85992      0.0190911
             19         2.7884        2.85616      0.0184537
             20        2.67575        2.84714      0.0196121
