              1       0.065824       0.065824              0
              2        0.05072       0.058272     0.00534007
              3       0.050596      0.0557133     0.00412777
              4       0.069856       0.059249     0.00435429
              5        0.07786      0.0629712     0.00481852
              6       0.034836       0.058282      0.0058692
              7       0.038184      0.0554109     0.00568983
              8        0.06304      0.0563645     0.00505789
              9       0.058416      0.0565924     0.00450104
             10         0.0484      0.0557732     0.00412482
             11        0.04358      0.0546647     0.00389593
             12       0.053212      0.0545437     0.00357315
             13       0.056572      0.0546997     0.00330169
             14       0.058956      0.0550037     0.00307982
             15       0.080268       0.056688      0.0033031
             16       0.051248       0.056348     0.00311411
             17       0.063128      0.0567468     0.00295635
             18       0.064644      0.0571856     0.00282448
             19       0.049524      0.0567823     0.00270445
             20        0.05534      0.0567102     0.00257019
              1       0.065344       0.065344              0
              2       0.051584       0.058464     0.00486489
              3         0.0494      0.0554427     0.00407485
              4       0.070028       0.059089     0.00439452
              5       0.076512      0.0625736     0.00469824
              6       0.035076      0.0579907     0.00572988
              7       0.038952      0.0552709     0.00551921
              8        0.06368       0.056322     0.00492839
              9        0.05874      0.0565907     0.00438811
             10       0.047156      0.0556472     0.00404945
             11       0.043792      0.0545695     0.00382205
             12       0.054008      0.0545227     0.00350383
             13       0.058024       0.054792     0.00324464
             14       0.057192      0.0549634     0.00301741
             15        0.08058      0.0566712     0.00326394
             16       0.051172      0.0563275     0.00307799
             17       0.062504      0.0566908     0.00291829
             18        0.06576      0.0571947     0.00279932
             19       0.049196      0.0567737     0.00268346
             20        0.05448       0.056659     0.00255173
