              1       0.310661       0.310661              0
              2       0.309056       0.309858    0.000567625
              3       0.311044       0.310253     0.00049726
              4       0.311553       0.310578    0.000467183
              5       0.310845       0.310632    0.000376785
              6       0.309421        0.31043    0.000364042
              7       0.309573       0.310308       0.000332
              8       0.310245         0.3103    0.000290592
              9       0.309492        0.31021    0.000271807
             10       0.309203       0.310109    0.000262625
             11       0.310855       0.310177    0.000247342
             12       0.310084       0.310169    0.000226851
             13       0.309355       0.310107    0.000217886
             14       0.310027       0.310101    0.000202396
             15       0.312179        0.31024    0.000231528
             16       0.309563       0.310197    0.000220882
             17       0.311412       0.310269    0.000219137
             18       0.311525       0.310338    0.000217791
             19        0.31007       0.310324    0.000206786
             20       0.311963       0.310406    0.000212058
              1       0.310902       0.310902              0
              2        0.30916       0.310031    0.000615886
              3       0.311289        0.31045    0.000534614
              4       0.311841       0.310798    0.000501351
              5       0.310949       0.310828    0.000401994
              6       0.309388       0.310588    0.000400313
              7       0.309923       0.310493    0.000354215
              8       0.311237       0.310586    0.000321916
              9       0.309056       0.310416    0.000328003
             10       0.309208       0.310295    0.000316686
             11       0.310084       0.310276    0.000288477
             12        0.31016       0.310266      0.0002646
             13       0.309264       0.310189    0.000255224
             14       0.310245       0.310193    0.000237025
             15       0.311869       0.310305     0.00024614
             16       0.309383       0.310247    0.000237405
             17       0.311067       0.310296    0.000228287
             18       0.311737       0.310376    0.000229217
             19       0.310202       0.310367    0.000217334
             20       0.311925       0.310444    0.000219998
