              1        5.38743        5.38743              0
              2        5.49833        5.44288      0.0392097
              3        5.61579        5.50051      0.0538332
              4        5.47327         5.4937      0.0408037
              5        5.71787        5.53854      0.0517068
              6        6.05033        5.62384      0.0889947
              7        5.76825        5.64447       0.078636
              8        5.57764        5.63611      0.0692488
              9        6.14439        5.69259      0.0813884
             10          5.413        5.66463       0.077904
             11        5.67703        5.66576        0.07083
             12        6.24038        5.71364      0.0794826
             13        5.28249        5.68048      0.0799891
             14        5.81388        5.69001      0.0748411
             15        5.54065        5.68005      0.0705109
             16          5.181        5.64886      0.0726758
             17         5.1741        5.62093       0.073571
             18        5.51116        5.61483       0.069736
             19        6.30455        5.65113      0.0749204
             20        5.81393        5.65927      0.0716152
              1          5.981          5.981              0
              2        5.69742        5.83921        0.10026
              3        5.59249        5.75697      0.0947432
              4        5.46687        5.68444      0.0948376
              5        5.68361        5.68428      0.0758702
              6        6.07404        5.74924      0.0866837
              7        5.75871        5.75059      0.0743108
              8        5.58702        5.73014      0.0677765
              9         6.1288        5.77444      0.0733049
             10        5.39943        5.73694      0.0749556
             11        5.67977        5.73174      0.0683214
             12        6.26655        5.77631      0.0757823
             13        5.26576        5.73703      0.0794804
             14        5.84399        5.74467      0.0741694
             15        5.56023        5.73238      0.0702366
             16        5.18115        5.69793      0.0738143
             17        5.18873        5.66797      0.0753047
             18        5.51972        5.65974      0.0715701
             19        6.31729        5.69435      0.0757096
             20        5.76638        5.69795      0.0720098
