              1      -0.717888      -0.717888              0
              2      -0.721208      -0.719548      0.0011738
              3      -0.721488      -0.720195    0.000944003
              4      -0.723288      -0.720968    0.000974577
              5       -0.71884      -0.720542    0.000867629
              6      -0.723008      -0.720953    0.000814546
              7      -0.720304      -0.720861    0.000703445
              8       -0.72176      -0.720973    0.000624434
              9      -0.722416      -0.721133    0.000575268
             10       -0.72044      -0.721064    0.000521903
             11      -0.723784      -0.721311    0.000529807
             12      -0.722592      -0.721418    0.000496289
             13       -0.72012      -0.721318    0.000468049
             14      -0.721056      -0.721299    0.000434992
             15      -0.718536      -0.721115    0.000443291
             16      -0.717392      -0.720883    0.000472733
             17      -0.718112       -0.72072    0.000472182
             18       -0.72004      -0.720682    0.000447456
             19      -0.724944      -0.720906    0.000476833
             20      -0.718064      -0.720764    0.000473694
              1      -0.722272      -0.722272              0
              2      -0.722976      -0.722624    0.000248902
              3      -0.721112       -0.72212     0.00044371
              4       -0.72304       -0.72235    0.000387839
              5      -0.719072      -0.721694    0.000663413
              6      -0.722832      -0.721884    0.000579305
              7      -0.720056      -0.721623    0.000552279
              8       -0.72188      -0.721655    0.000484179
              9       -0.72316      -0.721822    0.000458349
             10      -0.719768      -0.721617    0.000456231
             11      -0.722896      -0.721733     0.00042932
             12      -0.722856      -0.721827    0.000403613
             13      -0.719768      -0.721668    0.000402435
             14      -0.721432      -0.721651    0.000374043
             15      -0.719336      -0.721497    0.000379625
             16      -0.717352      -0.721238    0.000435413
             17       -0.71768      -0.721029    0.000457344
             18      -0.719464      -0.720942     0.00044012
             19       -0.72476      -0.721143    0.000460555
             20      -0.718336      -0.721002     0.00045841
