              1        0.10476        0.10476              0
              2       0.125988       0.115374     0.00750523
              3       0.123972        0.11824     0.00552366
              4        0.09454       0.112315     0.00659481
              5       0.102612       0.110374     0.00555404
              6        0.10638       0.109709     0.00466809
              7       0.120292       0.111221       0.004239
              8       0.084892       0.107929     0.00482025
              9       0.101268       0.107189     0.00434113
             10       0.108972       0.107368     0.00391067
             11       0.086268       0.105449     0.00399799
             12       0.137624       0.108131     0.00447446
             13        0.10758       0.108088     0.00413047
             14       0.143924       0.110648     0.00456011
             15       0.124124       0.111546      0.0043437
             16       0.128392       0.112599     0.00419788
             17        0.10366       0.112073     0.00398374
             18       0.116716       0.112331     0.00377076
             19       0.146608       0.114135     0.00398052
             20         0.1006       0.113459      0.0038386
              1       0.127528       0.127528              0
              2       0.091348       0.109438      0.0127916
              3          0.119       0.112625     0.00891597
              4        0.12708       0.116239     0.00738306
              5         0.1061       0.114211     0.00617865
              6       0.080088       0.108524     0.00731194
              7       0.099136       0.107183     0.00638919
              8       0.089948       0.105029     0.00594266
              9        0.10584       0.105119     0.00528305
             10        0.10126       0.104733     0.00476882
             11       0.087024       0.103123     0.00459901
             12       0.138892       0.106104     0.00509088
             13       0.107056       0.106177      0.0046998
             14       0.143912       0.108872     0.00507853
             15         0.1232       0.109827     0.00482895
             16       0.127936       0.110959     0.00465788
             17         0.1036       0.110526     0.00440396
             18       0.115764       0.110817      0.0041689
             19       0.146724       0.112707     0.00435682
             20       0.101524       0.112148     0.00417471
