              1       0.400526       0.400526              0
              2       0.396578       0.398552     0.00139604
              3       0.396244       0.397783     0.00112286
              4       0.394095       0.396861     0.00116051
              5       0.399396       0.397368     0.00103326
              6       0.394429       0.396878    0.000970192
              7       0.397655       0.396989    0.000837914
              8       0.395919       0.396855    0.000743763
              9       0.395136       0.396664    0.000685202
             10       0.397493       0.396747     0.00062167
             11       0.393501       0.396452    0.000631305
             12       0.394926       0.396325    0.000591361
             13       0.397874       0.396444    0.000557744
             14       0.396759       0.396467    0.000518359
             15       0.399757       0.396686    0.000528184
             16       0.401115       0.396963    0.000563049
             17        0.40026       0.397157    0.000562353
             18       0.397969       0.397202    0.000532919
             19       0.392113       0.396934    0.000568211
             20       0.400317       0.397103    0.000564423
              1       0.395308       0.395308              0
              2       0.394468       0.394888    0.000297293
              3       0.396692       0.395489    0.000529525
              4       0.394391       0.395215     0.00046289
              5        0.39912       0.395996    0.000790702
              6        0.39464        0.39577    0.000690474
              7        0.39795       0.396081    0.000658336
              8       0.395776       0.396043    0.000577147
              9       0.394248       0.395844    0.000546413
             10       0.398293       0.396089     0.00054389
             11       0.394563        0.39595    0.000511818
             12       0.394611       0.395838    0.000481175
             13       0.398293       0.396027    0.000479772
             14       0.396311       0.396047     0.00044593
             15       0.398806       0.396231    0.000452549
             16       0.401162       0.396539    0.000518688
             17       0.400773       0.396788    0.000544691
             18       0.398654       0.396892      0.0005242
             19       0.392333       0.396652    0.000548788
             20       0.399995       0.396819    0.000546202
