                  mu               sigma              energy
                 0.5                 0.5          -0.0761617
                 0.5            0.516667           -0.102315
                 0.5            0.533333           -0.113699
                 0.5                0.55            -0.12876
                 0.5            0.566667           -0.152689
                 0.5            0.583333           -0.164337
                 0.5                 0.6           -0.162131
                 0.5            0.616667           -0.182464
                 0.5            0.633333           -0.196892
                 0.5                0.65           -0.200424
                 0.5            0.666667           -0.223015
                 0.5            0.683333           -0.226234
                 0.5                 0.7           -0.239585
                 0.5            0.716667           -0.237619
                 0.5            0.733333             -0.2585
                 0.5                0.75           -0.262496
                 0.5            0.766667           -0.256846
                 0.5            0.783333           -0.265298
                 0.5                 0.8           -0.275227
                 0.5            0.816667           -0.281657
                 0.5            0.833333           -0.283156
                 0.5                0.85           -0.278217
                 0.5            0.866667           -0.258477
                 0.5            0.883333            -0.27324
                 0.5                 0.9           -0.266404
                 0.5            0.916667           -0.247625
                 0.5            0.933333           -0.268437
                 0.5                0.95           -0.255823
                 0.5            0.966667           -0.268912
                 0.5            0.983333           -0.216221
            0.516667                 0.5           -0.111837
            0.516667            0.516667           -0.126603
            0.516667            0.533333           -0.148006
            0.516667                0.55           -0.156741
            0.516667            0.566667           -0.178385
            0.516667            0.583333           -0.199964
            0.516667                 0.6           -0.201053
            0.516667            0.616667            -0.21684
            0.516667            0.633333           -0.206962
            0.516667                0.65           -0.221548
            0.516667            0.666667           -0.242616
            0.516667            0.683333           -0.241276
            0.516667                 0.7           -0.257612
            0.516667            0.716667           -0.260101
            0.516667            0.733333           -0.265924
            0.516667                0.75           -0.279229
            0.516667            0.766667           -0.271793
            0.516667            0.783333            -0.27829
            0.516667                 0.8            -0.28769
            0.516667            0.816667            -0.29316
            0.516667            0.833333           -0.283007
            0.516667                0.85           -0.280917
            0.516667            0.866667           -0.287009
            0.516667            0.883333           -0.265951
            0.516667                 0.9           -0.269673
            0.516667            0.916667           -0.261935
            0.516667            0.933333           -0.230601
            0.516667                0.95           -0.227668
            0.516667            0.966667           -0.219658
            0.516667            0.983333           -0.230076
            0.533333                 0.5           -0.131525
            0.533333            0.516667           -0.147313
            0.533333            0.533333           -0.166343
            0.533333                0.55           -0.183098
            0.533333            0.566667           -0.195682
            0.533333            0.583333           -0.215348
            0.533333                 0.6            -0.23205
            0.533333            0.616667           -0.241485
            0.533333            0.633333           -0.233965
            0.533333                0.65           -0.250488
            0.533333            0.666667             -0.2614
            0.533333            0.683333           -0.262932
            0.533333                 0.7           -0.267757
            0.533333            0.716667           -0.276457
            0.533333            0.733333           -0.271454
            0.533333                0.75           -0.287831
            0.533333            0.766667           -0.289798
            0.533333            0.783333           -0.291097
            0.533333                 0.8           -0.272115
            0.533333            0.816667           -0.283943
            0.533333            0.833333           -0.294972
            0.533333                0.85            -0.27863
            0.533333            0.866667           -0.285365
            0.533333            0.883333           -0.258347
            0.533333                 0.9            -0.26016
            0.533333            0.916667           -0.259995
            0.533333            0.933333           -0.270756
            0.533333                0.95            -0.22802
            0.533333            0.966667           -0.245926
            0.533333            0.983333           -0.173932
                0.55                 0.5           -0.154944
                0.55            0.516667           -0.176804
                0.55            0.533333           -0.205178
                0.55                0.55           -0.218453
                0.55            0.566667           -0.215167
                0.55            0.583333           -0.236288
                0.55                 0.6           -0.238084
                0.55            0.616667            -0.25286
                0.55            0.633333           -0.264743
                0.55                0.65           -0.267121
                0.55            0.666667           -0.271732
                0.55            0.683333           -0.278188
                0.55                 0.7           -0.293345
                0.55            0.716667           -0.301196
                0.55            0.733333           -0.288167
                0.55                0.75           -0.301946
                0.55            0.766667           -0.297341
                0.55            0.783333           -0.290851
                0.55                 0.8           -0.296621
                0.55            0.816667           -0.287546
                0.55            0.833333           -0.293612
                0.55                0.85           -0.284178
                0.55            0.866667           -0.286848
                0.55            0.883333           -0.264183
                0.55                 0.9           -0.252737
                0.55            0.916667           -0.254305
                0.55            0.933333           -0.225197
                0.55                0.95           -0.228589
                0.55            0.966667           -0.217201
                0.55            0.983333           -0.201956
            0.566667                 0.5           -0.198461
            0.566667            0.516667           -0.194934
            0.566667            0.533333           -0.224415
            0.566667                0.55           -0.239878
            0.566667            0.566667           -0.250482
            0.566667            0.583333           -0.257462
            0.566667                 0.6           -0.268017
            0.566667            0.616667           -0.276536
            0.566667            0.633333           -0.286213
            0.566667                0.65           -0.295388
            0.566667            0.666667           -0.296636
            0.566667            0.683333           -0.279535
            0.566667                 0.7           -0.310905
            0.566667            0.716667           -0.297318
            0.566667            0.733333           -0.307525
            0.566667                0.75           -0.308256
            0.566667            0.766667            -0.29212
            0.566667            0.783333           -0.317938
            0.566667                 0.8           -0.304127
            0.566667            0.816667           -0.279597
            0.566667            0.833333           -0.295902
            0.566667                0.85           -0.274934
            0.566667            0.866667           -0.293462
            0.566667            0.883333            -0.26817
            0.566667                 0.9            -0.26324
            0.566667            0.916667           -0.232033
            0.566667            0.933333           -0.228779
            0.566667                0.95           -0.196911
            0.566667            0.966667           -0.195595
            0.566667            0.983333           -0.195803
            0.583333                 0.5            -0.21318
            0.583333            0.516667           -0.226017
            0.583333            0.533333           -0.246595
            0.583333                0.55           -0.260201
            0.583333            0.566667           -0.272156
            0.583333            0.583333           -0.286441
            0.583333                 0.6           -0.282727
            0.583333            0.616667           -0.299355
            0.583333            0.633333           -0.306007
            0.583333                0.65           -0.304847
            0.583333            0.666667           -0.306659
            0.583333            0.683333           -0.316426
            0.583333                 0.7           -0.308049
            0.583333            0.716667           -0.305949
            0.583333            0.733333            -0.31841
            0.583333                0.75           -0.308812
            0.583333            0.766667           -0.308021
            0.583333            0.783333           -0.301873
            0.583333                 0.8           -0.314333
            0.583333            0.816667           -0.271609
            0.583333            0.833333           -0.273643
            0.583333                0.85           -0.285943
            0.583333            0.866667           -0.288214
            0.583333            0.883333           -0.268294
            0.583333                 0.9           -0.257598
            0.583333            0.916667           -0.262554
            0.583333            0.933333           -0.225436
            0.583333                0.95           -0.223247
            0.583333            0.966667           -0.223518
            0.583333            0.983333           -0.184329
                 0.6                 0.5           -0.219273
                 0.6            0.516667           -0.243593
                 0.6            0.533333           -0.273731
                 0.6                0.55           -0.278368
                 0.6            0.566667           -0.288042
                 0.6            0.583333           -0.304064
                 0.6                 0.6           -0.307222
                 0.6            0.616667           -0.318574
                 0.6            0.633333           -0.325466
                 0.6                0.65           -0.322541
                 0.6            0.666667           -0.327959
                 0.6            0.683333           -0.319616
                 0.6                 0.7           -0.332983
                 0.6            0.716667            -0.32332
                 0.6            0.733333           -0.329628
                 0.6                0.75           -0.326268
                 0.6            0.766667           -0.316873
                 0.6            0.783333           -0.305925
                 0.6                 0.8           -0.325639
                 0.6            0.816667           -0.296553
                 0.6            0.833333           -0.300013
                 0.6                0.85           -0.307414
                 0.6            0.866667           -0.298611
                 0.6            0.883333           -0.282539
                 0.6                 0.9           -0.245378
                 0.6            0.916667           -0.233386
                 0.6            0.933333           -0.226316
                 0.6                0.95           -0.246205
                 0.6            0.966667           -0.198949
                 0.6            0.983333           -0.137054
            0.616667                 0.5           -0.227072
            0.616667            0.516667           -0.264009
            0.616667            0.533333           -0.278781
            0.616667                0.55           -0.299685
            0.616667            0.566667           -0.300565
            0.616667            0.583333           -0.331626
            0.616667                 0.6           -0.330093
            0.616667            0.616667           -0.334556
            0.616667            0.633333           -0.334192
            0.616667                0.65           -0.333353
            0.616667            0.666667           -0.344117
            0.616667            0.683333           -0.340182
            0.616667                 0.7           -0.354799
            0.616667            0.716667            -0.32792
            0.616667            0.733333           -0.332041
            0.616667                0.75           -0.318567
            0.616667            0.766667             -0.3415
            0.616667            0.783333           -0.309308
            0.616667                 0.8           -0.309134
            0.616667            0.816667           -0.302931
            0.616667            0.833333           -0.311924
            0.616667                0.85            -0.30959
            0.616667            0.866667           -0.255843
            0.616667            0.883333           -0.254225
            0.616667                 0.9           -0.239805
            0.616667            0.916667           -0.218877
            0.616667            0.933333           -0.180481
            0.616667                0.95           -0.192242
            0.616667            0.966667           -0.197403
            0.616667            0.983333           -0.169962
            0.633333                 0.5           -0.257838
            0.633333            0.516667           -0.287527
            0.633333            0.533333           -0.298578
            0.633333                0.55           -0.314441
            0.633333            0.566667           -0.331254
            0.633333            0.583333           -0.342279
            0.633333                 0.6           -0.345305
            0.633333            0.616667           -0.352644
            0.633333            0.633333            -0.35841
            0.633333                0.65            -0.35787
            0.633333            0.666667           -0.349133
            0.633333            0.683333           -0.360916
            0.633333                 0.7           -0.354134
            0.633333            0.716667           -0.350614
            0.633333            0.733333           -0.352914
            0.633333                0.75           -0.340924
            0.633333            0.766667           -0.340893
            0.633333            0.783333           -0.323904
            0.633333                 0.8           -0.315076
            0.633333            0.816667           -0.298278
            0.633333            0.833333            -0.30027
            0.633333                0.85           -0.271555
            0.633333            0.866667           -0.266378
            0.633333            0.883333           -0.243704
            0.633333                 0.9           -0.238624
            0.633333            0.916667           -0.219909
            0.633333            0.933333           -0.207816
            0.633333                0.95           -0.168667
            0.633333            0.966667           -0.118192
            0.633333            0.983333           -0.111301
                0.65                 0.5           -0.268713
                0.65            0.516667           -0.308325
                0.65            0.533333           -0.332213
                0.65                0.55           -0.325085
                0.65            0.566667           -0.347937
                0.65            0.583333           -0.356547
                0.65                 0.6           -0.364077
                0.65            0.616667           -0.371024
                0.65            0.633333           -0.372041
                0.65                0.65           -0.373162
                0.65            0.666667           -0.375788
                0.65            0.683333           -0.368111
                0.65                 0.7           -0.358001
                0.65            0.716667           -0.359447
                0.65            0.733333           -0.357842
                0.65                0.75           -0.358024
                0.65            0.766667           -0.338012
                0.65            0.783333            -0.33804
                0.65                 0.8           -0.306117
                0.65            0.816667           -0.299837
                0.65            0.833333           -0.308283
                0.65                0.85           -0.268237
                0.65            0.866667             -0.2693
                0.65            0.883333           -0.266087
                0.65                 0.9            -0.24937
                0.65            0.916667           -0.194872
                0.65            0.933333           -0.212498
                0.65                0.95           -0.127219
                0.65            0.966667            -0.15741
                0.65            0.983333           -0.112672
            0.666667                 0.5           -0.265844
            0.666667            0.516667           -0.309412
            0.666667            0.533333           -0.338366
            0.666667                0.55           -0.342512
            0.666667            0.566667           -0.366436
            0.666667            0.583333           -0.378159
            0.666667                 0.6           -0.383728
            0.666667            0.616667           -0.381045
            0.666667            0.633333           -0.386196
            0.666667                0.65           -0.391044
            0.666667            0.666667           -0.380887
            0.666667            0.683333           -0.374829
            0.666667                 0.7           -0.374377
            0.666667            0.716667            -0.36246
            0.666667            0.733333           -0.371608
            0.666667                0.75           -0.343217
            0.666667            0.766667           -0.333251
            0.666667            0.783333           -0.338739
            0.666667                 0.8           -0.309396
            0.666667            0.816667           -0.308578
            0.666667            0.833333           -0.293948
            0.666667                0.85            -0.28483
            0.666667            0.866667           -0.254047
            0.666667            0.883333           -0.238663
            0.666667                 0.9           -0.223281
            0.666667            0.916667           -0.213717
            0.666667            0.933333           -0.193959
            0.666667                0.95           -0.196544
            0.666667            0.966667           -0.164234
            0.666667            0.983333          -0.0856586
            0.683333                 0.5           -0.289462
            0.683333            0.516667            -0.31191
            0.683333            0.533333             -0.3295
            0.683333                0.55           -0.359755
            0.683333            0.566667           -0.384961
            0.683333            0.583333           -0.387149
            0.683333                 0.6           -0.394453
            0.683333            0.616667           -0.398103
            0.683333            0.633333            -0.39709
            0.683333                0.65           -0.394023
            0.683333            0.666667           -0.391758
            0.683333            0.683333           -0.381889
            0.683333                 0.7           -0.383513
            0.683333            0.716667           -0.362629
            0.683333            0.733333           -0.362678
            0.683333                0.75           -0.368201
            0.683333            0.766667            -0.34571
            0.683333            0.783333           -0.340251
            0.683333                 0.8           -0.310941
            0.683333            0.816667           -0.309375
            0.683333            0.833333           -0.317518
            0.683333                0.85           -0.271895
            0.683333            0.866667           -0.261196
            0.683333            0.883333           -0.221294
            0.683333                 0.9           -0.235952
            0.683333            0.916667           -0.183147
            0.683333            0.933333           -0.206086
            0.683333                0.95           -0.144551
            0.683333            0.966667             -0.1196
            0.683333            0.983333           -0.118826
                 0.7                 0.5           -0.287873
                 0.7            0.516667           -0.326642
                 0.7            0.533333           -0.344078
                 0.7                0.55           -0.374299
                 0.7            0.566667           -0.393131
                 0.7            0.583333           -0.402955
                 0.7                 0.6           -0.404823
                 0.7            0.616667           -0.401902
                 0.7            0.633333           -0.406207
                 0.7                0.65           -0.402719
                 0.7            0.666667           -0.401847
                 0.7            0.683333           -0.384229
                 0.7                 0.7           -0.385338
                 0.7            0.716667            -0.37595
                 0.7            0.733333           -0.375713
                 0.7                0.75           -0.372169
                 0.7            0.766667           -0.344268
                 0.7            0.783333           -0.338495
                 0.7                 0.8           -0.329951
                 0.7            0.816667           -0.318967
                 0.7            0.833333           -0.304221
                 0.7                0.85           -0.288022
                 0.7            0.866667           -0.235054
                 0.7            0.883333           -0.244543
                 0.7                 0.9           -0.194058
                 0.7            0.916667           -0.169178
                 0.7            0.933333           -0.127294
                 0.7                0.95           -0.146454
                 0.7            0.966667           -0.128142
                 0.7            0.983333          -0.0432927
            0.716667                 0.5           -0.304068
            0.716667            0.516667           -0.335554
            0.716667            0.533333           -0.363555
            0.716667                0.55           -0.383622
            0.716667            0.566667           -0.395746
            0.716667            0.583333           -0.417758
            0.716667                 0.6           -0.414597
            0.716667            0.616667            -0.41348
            0.716667            0.633333           -0.415535
            0.716667                0.65           -0.414703
            0.716667            0.666667           -0.414098
            0.716667            0.683333           -0.407449
            0.716667                 0.7           -0.390495
            0.716667            0.716667           -0.392603
            0.716667            0.733333           -0.372516
            0.716667                0.75           -0.357779
            0.716667            0.766667           -0.336407
            0.716667            0.783333           -0.322346
            0.716667                 0.8           -0.326621
            0.716667            0.816667           -0.330024
            0.716667            0.833333            -0.25323
            0.716667                0.85           -0.262115
            0.716667            0.866667           -0.248055
            0.716667            0.883333           -0.232913
            0.716667                 0.9            -0.17443
            0.716667            0.916667           -0.172482
            0.716667            0.933333           -0.142091
            0.716667                0.95           -0.143194
            0.716667            0.966667          -0.0545758
            0.716667            0.983333          -0.0492549
            0.733333                 0.5           -0.307221
            0.733333            0.516667           -0.338623
            0.733333            0.533333           -0.366539
            0.733333                0.55           -0.382024
            0.733333            0.566667            -0.40268
            0.733333            0.583333           -0.414135
            0.733333                 0.6           -0.425996
            0.733333            0.616667           -0.427804
            0.733333            0.633333           -0.420646
            0.733333                0.65           -0.429428
            0.733333            0.666667           -0.418992
            0.733333            0.683333           -0.416553
            0.733333                 0.7           -0.399951
            0.733333            0.716667           -0.384916
            0.733333            0.733333           -0.379473
            0.733333                0.75           -0.371152
            0.733333            0.766667           -0.353444
            0.733333            0.783333             -0.3243
            0.733333                 0.8           -0.313809
            0.733333            0.816667            -0.29235
            0.733333            0.833333           -0.281365
            0.733333                0.85           -0.256988
            0.733333            0.866667           -0.202715
            0.733333            0.883333           -0.162294
            0.733333                 0.9           -0.197191
            0.733333            0.916667              -0.161
            0.733333            0.933333           -0.135445
            0.733333                0.95          -0.0970141
            0.733333            0.966667          -0.0121581
            0.733333            0.983333          -0.0378192
                0.75                 0.5           -0.302377
                0.75            0.516667           -0.336257
                0.75            0.533333           -0.370941
                0.75                0.55            -0.39315
                0.75            0.566667           -0.417782
                0.75            0.583333            -0.42458
                0.75                 0.6           -0.427238
                0.75            0.616667           -0.432137
                0.75            0.633333             -0.4322
                0.75                0.65           -0.426569
                0.75            0.666667           -0.425884
                0.75            0.683333           -0.414956
                0.75                 0.7           -0.404884
                0.75            0.716667           -0.378507
                0.75            0.733333           -0.366739
                0.75                0.75           -0.374433
                0.75            0.766667           -0.340877
                0.75            0.783333           -0.327814
                0.75                 0.8           -0.300217
                0.75            0.816667           -0.291621
                0.75            0.833333           -0.272348
                0.75                0.85           -0.245988
                0.75            0.866667            -0.21118
                0.75            0.883333            -0.17157
                0.75                 0.9           -0.155364
                0.75            0.916667           -0.141738
                0.75            0.933333          -0.0727518
                0.75                0.95          -0.0706865
                0.75            0.966667          -0.0231792
                0.75            0.983333          -0.0226821
            0.766667                 0.5            -0.29939
            0.766667            0.516667           -0.334593
            0.766667            0.533333           -0.382113
            0.766667                0.55           -0.400192
            0.766667            0.566667           -0.422532
            0.766667            0.583333           -0.421714
            0.766667                 0.6           -0.438004
            0.766667            0.616667           -0.434355
            0.766667            0.633333           -0.442779
            0.766667                0.65           -0.433456
            0.766667            0.666667            -0.42259
            0.766667            0.683333           -0.420352
            0.766667                 0.7            -0.40751
            0.766667            0.716667           -0.394493
            0.766667            0.733333           -0.369609
            0.766667                0.75           -0.351761
            0.766667            0.766667           -0.341949
            0.766667            0.783333           -0.331372
            0.766667                 0.8           -0.304494
            0.766667            0.816667            -0.29383
            0.766667            0.833333           -0.268877
            0.766667                0.85           -0.197665
            0.766667            0.866667           -0.212797
            0.766667            0.883333            -0.19671
            0.766667                 0.9           -0.143955
            0.766667            0.916667           -0.129891
            0.766667            0.933333           -0.110515
            0.766667                0.95           -0.102607
            0.766667            0.966667          -0.0174239
            0.766667            0.983333            0.012176
            0.783333                 0.5           -0.302598
            0.783333            0.516667           -0.334564
            0.783333            0.533333           -0.370885
            0.783333                0.55           -0.410692
            0.783333            0.566667           -0.429383
            0.783333            0.583333           -0.430685
            0.783333                 0.6           -0.433989
            0.783333            0.616667            -0.42754
            0.783333            0.633333           -0.441113
            0.783333                0.65           -0.434051
            0.783333            0.666667           -0.419539
            0.783333            0.683333            -0.42107
            0.783333                 0.7           -0.403376
            0.783333            0.716667           -0.403228
            0.783333            0.733333           -0.369069
            0.783333                0.75           -0.345795
            0.783333            0.766667            -0.34562
            0.783333            0.783333           -0.323223
            0.783333                 0.8           -0.298573
            0.783333            0.816667           -0.259675
            0.783333            0.833333           -0.254465
            0.783333                0.85           -0.221164
            0.783333            0.866667           -0.181924
            0.783333            0.883333           -0.169279
            0.783333                 0.9           -0.130705
            0.783333            0.916667           -0.105738
            0.783333            0.933333          -0.0733675
            0.783333                0.95          -0.0395689
            0.783333            0.966667           0.0395971
            0.783333            0.983333           0.0636083
                 0.8                 0.5           -0.306387
                 0.8            0.516667           -0.358099
                 0.8            0.533333           -0.379675
                 0.8                0.55           -0.402286
                 0.8            0.566667           -0.422901
                 0.8            0.583333           -0.433579
                 0.8                 0.6           -0.443067
                 0.8            0.616667           -0.442044
                 0.8            0.633333           -0.439826
                 0.8                0.65           -0.435055
                 0.8            0.666667           -0.425433
                 0.8            0.683333           -0.423652
                 0.8                 0.7           -0.395516
                 0.8            0.716667           -0.374676
                 0.8            0.733333            -0.36681
                 0.8                0.75           -0.351054
                 0.8            0.766667           -0.343827
                 0.8            0.783333           -0.308142
                 0.8                 0.8            -0.30169
                 0.8            0.816667           -0.262196
                 0.8            0.833333            -0.23759
                 0.8                0.85           -0.206003
                 0.8            0.866667           -0.172165
                 0.8            0.883333          -0.0981803
                 0.8                 0.9            -0.12521
                 0.8            0.916667          -0.0929746
                 0.8            0.933333         -0.00805563
                 0.8                0.95          0.00209097
                 0.8            0.966667           0.0273714
                 0.8            0.983333           0.0391462
            0.816667                 0.5           -0.289417
            0.816667            0.516667           -0.344871
            0.816667            0.533333            -0.36957
            0.816667                0.55           -0.398123
            0.816667            0.566667           -0.418205
            0.816667            0.583333           -0.427469
            0.816667                 0.6           -0.439756
            0.816667            0.616667           -0.444731
            0.816667            0.633333           -0.442734
            0.816667                0.65           -0.434584
            0.816667            0.666667           -0.419749
            0.816667            0.683333           -0.403044
            0.816667                 0.7           -0.394132
            0.816667            0.716667           -0.375444
            0.816667            0.733333            -0.35883
            0.816667                0.75           -0.335898
            0.816667            0.766667           -0.332573
            0.816667            0.783333           -0.305454
            0.816667                 0.8           -0.280835
            0.816667            0.816667           -0.240716
            0.816667            0.833333           -0.207206
            0.816667                0.85            -0.19737
            0.816667            0.866667           -0.152172
            0.816667            0.883333           -0.142025
            0.816667                 0.9           -0.116332
            0.816667            0.916667          -0.0270836
            0.816667            0.933333          -0.0312359
            0.816667                0.95           0.0196531
            0.816667            0.966667           0.0729799
            0.816667            0.983333            0.132729
            0.833333                 0.5           -0.288618
            0.833333            0.516667           -0.335443
            0.833333            0.533333           -0.372008
            0.833333                0.55           -0.401629
            0.833333            0.566667           -0.413925
            0.833333            0.583333           -0.426785
            0.833333                 0.6           -0.430512
            0.833333            0.616667           -0.434022
            0.833333            0.633333           -0.429103
            0.833333                0.65           -0.425715
            0.833333            0.666667           -0.420083
            0.833333            0.683333            -0.40391
            0.833333                 0.7           -0.379166
            0.833333            0.716667           -0.364207
            0.833333            0.733333           -0.360275
            0.833333                0.75           -0.331639
            0.833333            0.766667           -0.311502
            0.833333            0.783333           -0.298933
            0.833333                 0.8           -0.277766
            0.833333            0.816667           -0.225149
            0.833333            0.833333           -0.216563
            0.833333                0.85           -0.170287
            0.833333            0.866667           -0.112665
            0.833333            0.883333          -0.0753647
            0.833333                 0.9          -0.0710041
            0.833333            0.916667           0.0574508
            0.833333            0.933333          -0.0406081
            0.833333                0.95           0.0479207
            0.833333            0.966667           0.0998116
            0.833333            0.983333            0.157007
                0.85                 0.5           -0.270705
                0.85            0.516667            -0.31963
                0.85            0.533333           -0.363642
                0.85                0.55           -0.396393
                0.85            0.566667           -0.414375
                0.85            0.583333           -0.422933
                0.85                 0.6            -0.43492
                0.85            0.616667           -0.436363
                0.85            0.633333           -0.429196
                0.85                0.65            -0.41388
                0.85            0.666667           -0.409479
                0.85            0.683333            -0.39874
                0.85                 0.7           -0.378386
                0.85            0.716667           -0.367253
                0.85            0.733333           -0.347275
                0.85                0.75           -0.294592
                0.85            0.766667           -0.309357
                0.85            0.783333           -0.247837
                0.85                 0.8           -0.230082
                0.85            0.816667           -0.227353
                0.85            0.833333           -0.198626
                0.85                0.85           -0.131353
                0.85            0.866667           -0.106201
                0.85            0.883333          -0.0548858
                0.85                 0.9          -0.0554261
                0.85            0.916667          -0.0026019
                0.85            0.933333           0.0814201
                0.85                0.95            0.103868
                0.85            0.966667            0.143771
                0.85            0.983333            0.208574
            0.866667                 0.5           -0.268513
            0.866667            0.516667           -0.324593
            0.866667            0.533333           -0.349992
            0.866667                0.55           -0.381118
            0.866667            0.566667           -0.400591
            0.866667            0.583333           -0.407569
            0.866667                 0.6           -0.429749
            0.866667            0.616667           -0.427903
            0.866667            0.633333           -0.421422
            0.866667                0.65           -0.418639
            0.866667            0.666667           -0.387535
            0.866667            0.683333           -0.372182
            0.866667                 0.7           -0.366073
            0.866667            0.716667           -0.369299
            0.866667            0.733333            -0.32747
            0.866667                0.75           -0.302509
            0.866667            0.766667           -0.249838
            0.866667            0.783333           -0.230067
            0.866667                 0.8           -0.234213
            0.866667            0.816667           -0.153461
            0.866667            0.833333           -0.161667
            0.866667                0.85           -0.106602
            0.866667            0.866667          -0.0520651
            0.866667            0.883333          -0.0314815
            0.866667                 0.9          -0.0228658
            0.866667            0.916667           0.0153446
            0.866667            0.933333           0.0859695
            0.866667                0.95           0.0798043
            0.866667            0.966667            0.209307
            0.866667            0.983333            0.236421
            0.883333                 0.5           -0.253343
            0.883333            0.516667           -0.305324
            0.883333            0.533333           -0.351251
            0.883333                0.55           -0.372165
            0.883333            0.566667           -0.394052
            0.883333            0.583333           -0.417006
            0.883333                 0.6           -0.414363
            0.883333            0.616667           -0.409016
            0.883333            0.633333           -0.410158
            0.883333                0.65           -0.401709
            0.883333            0.666667           -0.396748
            0.883333            0.683333           -0.368113
            0.883333                 0.7           -0.352348
            0.883333            0.716667           -0.353658
            0.883333            0.733333           -0.328669
            0.883333                0.75           -0.298404
            0.883333            0.766667           -0.256726
            0.883333            0.783333           -0.260385
            0.883333                 0.8           -0.197654
            0.883333            0.816667           -0.176942
            0.883333            0.833333           -0.122357
            0.883333                0.85          -0.0936741
            0.883333            0.866667           -0.047734
            0.883333            0.883333           0.0136794
            0.883333                 0.9            0.005541
            0.883333            0.916667           0.0759258
            0.883333            0.933333            0.123391
            0.883333                0.95            0.181107
            0.883333            0.966667            0.243648
            0.883333            0.983333            0.250521
                 0.9                 0.5           -0.238547
                 0.9            0.516667           -0.294614
                 0.9            0.533333           -0.329269
                 0.9                0.55           -0.364942
                 0.9            0.566667           -0.386049
                 0.9            0.583333            -0.39634
                 0.9                 0.6           -0.402269
                 0.9            0.616667           -0.404691
                 0.9            0.633333           -0.396171
                 0.9                0.65           -0.389969
                 0.9            0.666667           -0.367817
                 0.9            0.683333           -0.367949
                 0.9                 0.7           -0.343802
                 0.9            0.716667            -0.33746
                 0.9            0.733333           -0.312901
                 0.9                0.75           -0.242564
                 0.9            0.766667           -0.220738
                 0.9            0.783333           -0.202628
                 0.9                 0.8            -0.15573
                 0.9            0.816667            -0.14337
                 0.9            0.833333          -0.0926491
                 0.9                0.85          -0.0917493
                 0.9            0.866667         0.000267904
                 0.9            0.883333           0.0489171
                 0.9                 0.9           0.0431728
                 0.9            0.916667            0.157682
                 0.9            0.933333            0.180847
                 0.9                0.95            0.204529
                 0.9            0.966667            0.219178
                 0.9            0.983333            0.259795
            0.916667                 0.5           -0.233685
            0.916667            0.516667           -0.276564
            0.916667            0.533333           -0.321456
            0.916667                0.55           -0.340534
            0.916667            0.566667           -0.367438
            0.916667            0.583333           -0.390475
            0.916667                 0.6           -0.389023
            0.916667            0.616667           -0.384603
            0.916667            0.633333           -0.387234
            0.916667                0.65           -0.379811
            0.916667            0.666667           -0.365808
            0.916667            0.683333           -0.334774
            0.916667                 0.7           -0.319078
            0.916667            0.716667           -0.308144
            0.916667            0.733333           -0.261984
            0.916667                0.75           -0.254236
            0.916667            0.766667           -0.217963
            0.916667            0.783333           -0.185162
            0.916667                 0.8           -0.175287
            0.916667            0.816667           -0.115183
            0.916667            0.833333          -0.0543149
            0.916667                0.85          -0.0392664
            0.916667            0.866667           0.0332943
            0.916667            0.883333           0.0455946
            0.916667                 0.9            0.115748
            0.916667            0.916667            0.168487
            0.916667            0.933333            0.196044
            0.916667                0.95            0.284302
            0.916667            0.966667            0.294853
            0.916667            0.983333             0.36998
            0.933333                 0.5           -0.215399
            0.933333            0.516667           -0.269456
            0.933333            0.533333           -0.297843
            0.933333                0.55           -0.328025
            0.933333            0.566667           -0.349152
            0.933333            0.583333           -0.362591
            0.933333                 0.6            -0.37562
            0.933333            0.616667           -0.365217
            0.933333            0.633333           -0.363657
            0.933333                0.65           -0.346677
            0.933333            0.666667           -0.354296
            0.933333            0.683333           -0.326265
            0.933333                 0.7            -0.28093
            0.933333            0.716667             -0.2897
            0.933333            0.733333           -0.249863
            0.933333                0.75           -0.245722
            0.933333            0.766667           -0.170813
            0.933333            0.783333          -0.0822402
            0.933333                 0.8           -0.138311
            0.933333            0.816667          -0.0527328
            0.933333            0.833333          -0.0735859
            0.933333                0.85          -0.0414797
            0.933333            0.866667           0.0764944
            0.933333            0.883333           0.0900677
            0.933333                 0.9            0.179571
            0.933333            0.916667             0.19965
            0.933333            0.933333            0.214365
            0.933333                0.95            0.269988
            0.933333            0.966667            0.359458
            0.933333            0.983333            0.406364
                0.95                 0.5           -0.189734
                0.95            0.516667           -0.241162
                0.95            0.533333           -0.282645
                0.95                0.55            -0.30814
                0.95            0.566667           -0.338749
                0.95            0.583333           -0.348986
                0.95                 0.6            -0.34754
                0.95            0.616667           -0.356402
                0.95            0.633333           -0.341509
                0.95                0.65           -0.318351
                0.95            0.666667           -0.313841
                0.95            0.683333           -0.295824
                0.95                 0.7           -0.274304
                0.95            0.716667           -0.277769
                0.95            0.733333           -0.224624
                0.95                0.75           -0.183495
                0.95            0.766667           -0.113261
                0.95            0.783333           -0.133442
                0.95                 0.8          -0.0760648
                0.95            0.816667           -0.073794
                0.95            0.833333          -0.0129288
                0.95                0.85           0.0170398
                0.95            0.866667           0.0512925
                0.95            0.883333            0.123923
                0.95                 0.9            0.196565
                0.95            0.916667            0.265459
                0.95            0.933333            0.281896
                0.95                0.95            0.322064
                0.95            0.966667            0.342517
                0.95            0.983333             0.41071
            0.966667                 0.5           -0.183032
            0.966667            0.516667           -0.231172
            0.966667            0.533333           -0.254801
            0.966667                0.55           -0.290916
            0.966667            0.566667           -0.324232
            0.966667            0.583333           -0.326643
            0.966667                 0.6           -0.324482
            0.966667            0.616667           -0.327142
            0.966667            0.633333           -0.315133
            0.966667                0.65           -0.299476
            0.966667            0.666667           -0.301219
            0.966667            0.683333           -0.270791
            0.966667                 0.7            -0.25758
            0.966667            0.716667           -0.231473
            0.966667            0.733333           -0.191591
            0.966667                0.75           -0.161769
            0.966667            0.766667           -0.134483
            0.966667            0.783333           -0.127002
            0.966667                 0.8         -0.00688677
            0.966667            0.816667          -0.0291869
            0.966667            0.833333           0.0319972
            0.966667                0.85            0.106633
            0.966667            0.866667            0.120687
            0.966667            0.883333             0.18368
            0.966667                 0.9            0.254092
            0.966667            0.916667            0.277914
            0.966667            0.933333            0.339937
            0.966667                0.95            0.394311
            0.966667            0.966667            0.428039
            0.966667            0.983333            0.548482
            0.983333                 0.5           -0.156502
            0.983333            0.516667           -0.209936
            0.983333            0.533333           -0.254929
            0.983333                0.55           -0.268285
            0.983333            0.566667           -0.294022
            0.983333            0.583333           -0.303992
            0.983333                 0.6           -0.315395
            0.983333            0.616667           -0.315181
            0.983333            0.633333           -0.285506
            0.983333                0.65           -0.285461
            0.983333            0.666667           -0.254723
            0.983333            0.683333           -0.248052
            0.983333                 0.7           -0.212008
            0.983333            0.716667           -0.192877
            0.983333            0.733333           -0.190857
            0.983333                0.75           -0.113099
            0.983333            0.766667           -0.066648
            0.983333            0.783333          -0.0514413
            0.983333                 0.8          0.00294117
            0.983333            0.816667           0.0648309
            0.983333            0.833333            0.020276
            0.983333                0.85            0.140448
            0.983333            0.866667            0.195244
            0.983333            0.883333            0.185439
            0.983333                 0.9            0.318361
            0.983333            0.916667            0.363679
            0.983333            0.933333            0.432078
            0.983333                0.95            0.464559
            0.983333            0.966667            0.512328
            0.983333            0.983333            0.575475
