              1       0.404701       0.404701              0
              2       0.404371       0.404536    0.000116536
              3       0.399949       0.403007      0.0012509
              4       0.402361       0.402846    0.000948562
              5       0.404112       0.403099     0.00079193
              6       0.399377       0.402479    0.000869572
              7       0.397644       0.401788     0.00098203
              8       0.403293       0.401976    0.000877116
              9       0.404183       0.402221    0.000813201
             10        0.40125       0.402124    0.000737661
             11       0.402006       0.402113    0.000670679
