              1       0.119768       0.119768              0
              2       0.102988       0.111378     0.00593263
              3       0.122184        0.11498     0.00492872
              4       0.111588       0.114132     0.00376879
              5       0.106048       0.112515     0.00334389
              6        0.16298       0.120926     0.00816801
              7       0.162816        0.12691     0.00892815
              8       0.130108        0.12731     0.00782107
              9       0.095884       0.123818     0.00769214
             10        0.10626       0.122062      0.0071205
             11       0.124644       0.122297     0.00647705
