              1        6.29169        6.29169              0
              2        6.54754        6.41961      0.0904542
              3        6.65847        6.49923      0.0886701
              4         7.0231         6.6302       0.131479
              5        6.43085        6.59033       0.111064
              6        6.82401        6.62927      0.0991468
              7        6.85093        6.66094      0.0898974
              8        6.60188        6.65356      0.0789628
              9        6.71806        6.66072      0.0705137
             10        7.01299        6.69595      0.0717235
             11        6.63308        6.69024      0.0654305
