              1      -0.736067      -0.736067              0
              2      -0.735868      -0.735968    7.05693e-05
              3       -0.73982      -0.737252     0.00104947
              4      -0.737664      -0.737355    0.000792144
              5      -0.736153      -0.737114    0.000669182
              6      -0.741364      -0.737823    0.000853786
              7      -0.742696      -0.738519    0.000975231
              8      -0.737442      -0.738384    0.000862563
              9      -0.735822      -0.738099    0.000812357
             10      -0.738381      -0.738128     0.00073161
             11      -0.738293      -0.738143    0.000665254
