0.673754
0.654426
0.631497
0.606544
0.581246
0.557363
0.536479
0.519838
0.50825
0.502041
0.500986
0.504328
0.510803
0.51877
0.526527
0.532566
0.535953
0.536481
0.534618
0.531207
0.527137
0.523143
0.519706
0.517181
0.516007
0.516727
0.519874
0.525793
0.53443
0.545263
0.557408
0.569843
0.581645
0.592154
0.600984
0.608004
0.613204
0.616608
0.618124
0.617625
0.614949
0.610019
0.602908
0.593933
0.583558
0.572199
0.560103
0.547336
0.533967
0.520223
0.506807
0.494884
0.48583
0.480829
0.480544
0.484911
0.493126
0.503808
0.515378
0.526314
0.535519
0.542423
0.547074
0.550091
0.552424
0.555115
0.559043
0.564782
0.572569
0.582289
0.593459
0.605182
0.61635
0.625764
0.632302
0.635152
0.633941
0.628728
0.620003
0.608513
0.595192
0.580954
0.566608
0.552729
0.53962
0.527391
0.516099
0.505829
0.496825
0.48958
0.484692
0.482858
0.484667
0.490285
0.499331
0.510908
0.523775
0.53665
0.548575
0.55897
0.567587
0.574396
0.579438
0.582877
0.585058
0.586531
0.588042
0.590389
0.594165
0.599585
0.606305
0.613496
0.619928
0.624283
0.62545
0.622704
0.615842
0.605221
0.591693
0.576468
0.560965
0.546553
0.534332
0.524918
0.518384
0.514322
0.512121
0.511305
0.511835
0.514082
0.518561
0.525387
0.534135
0.543817
0.553283
0.561585
0.568129
0.572658
0.575072
0.575285
0.573137
0.56853
0.56156
0.5527
0.54285
0.533148
0.524842
0.518945
0.516107
0.51652
0.519887
0.525566
0.532725
0.540496
0.548274
0.555721
0.562832
0.569746
0.576532
0.583013
0.588701
0.592847
0.594589
0.593157
0.588145
0.579614
0.568113
0.554729
0.540942
0.528338
0.518392
0.512283
0.51085
0.514512
0.523236
0.536386
0.552534
0.569565
0.585064
0.596963
0.603883
0.605258
0.601267
0.592657
0.580613
0.566551
0.552045
0.538698
0.527932
0.52086
0.517991
0.519337
0.52445
0.532554
0.542693
0.553867
0.565147
0.575729
0.585022
0.592582
0.597993
0.600857
0.600783
0.597533
0.591257
0.582527
0.572327
0.561773
0.551869
0.54338
0.536774
0.532412
0.530538
0.531177
0.534012
0.538431
0.543579
0.548534
0.552564
0.555194
0.556247
0.555714
0.55375
0.550747
0.547406
0.544727
0.543937
0.546131
0.551866
0.560916
0.57224
0.584297
0.595423
0.604253
0.609919
0.612021
0.610486
0.605475
0.597436
0.587135
0.575666
0.564421
0.554836
0.548139
0.545057
0.54562
0.549214
0.55476
0.560843
0.565978
0.569019
0.569391
0.567147
0.562879
0.557444
0.551787
0.546776
0.543115
0.541314
0.54166
0.544209
0.548741
0.554796
0.561696
0.568745
0.575116
0.579957
0.582419
0.581878
0.578122
0.571505
0.562956
0.553715
0.544974
0.537586
0.531825
0.527499
0.524186
0.521501
0.519355
0.517934
0.517631
0.518877
0.521968
0.526972
0.533684
0.541772
0.550806
0.560255
0.569494
0.577782
0.584271
0.588243
0.589328
0.587767
0.584361
0.580169
0.576079
0.572517
0.569471
0.566933
0.565149
0.564683
0.566102
0.569397
0.573864
0.578242
0.581298
0.582125
0.580217
0.575492
0.568182
0.558815
0.548353
0.538371
0.531004
0.528439
0.531878
0.540923
0.553773
0.568015
0.581409
0.592221
0.599211
0.601692
0.599587
0.593384
0.584094
0.573019
0.561587
0.551103
0.542541
0.53646
0.533057
0.532405
0.534624
0.539886
0.54825
0.55931
0.571929
0.584351
0.594469
0.600378
0.60083
0.595538
0.585164
0.571194
0.555712
0.540983
0.529063
0.521419
0.518692
0.520667
0.526478
0.534906
0.544504
0.553873
0.561709
0.566935
0.568852
0.567345
0.562841
0.55625
0.548664
0.541096
0.534279
0.528602
0.524194
0.521119
0.519404
0.519145
0.520512
0.523737
0.529028
0.536426
0.545763
0.556589
0.568258
0.579896
0.590571
0.599384
0.605712
0.609242
0.610035
0.608503
0.60518
0.600747
0.5959
0.591251
0.587301
0.584426
0.582654
0.581765
0.581254
0.580388
0.578416
0.574757
0.569249
0.5623
0.554816
0.547778
0.541862
0.537101
0.533033
0.528963
0.524325
0.518932
0.512988
0.507101
0.502125
0.499089
0.49894
0.502258
0.509082
0.51888
0.530731
0.543596
0.556553
0.568829
0.5798
0.588984
0.595964
0.600608
0.602967
0.603301
0.601891
0.59896
0.59454
0.588548
0.580868
0.571573
0.560986
0.549864
0.539251
0.53016
0.523264
0.518774
0.516496
0.516054
0.517215
0.519811
0.523536
0.527892
0.532313
0.536546
0.5407
0.5451
0.550083
0.555694
0.561555
0.566945
0.571005
0.572987
0.572498
0.569709
0.565416
0.560934
0.557876
0.557761
0.56173
0.570246
0.58291
0.598403
0.614697
0.62927
0.639673
0.644059
0.641529
0.632323
0.617632
0.599218
0.57882
0.55767
0.536575
0.516236
0.497578
0.481807
0.470191
0.463718
0.462786
0.467024
0.475337
0.486242
0.498297
0.510442
0.522228
0.533805
0.545662
0.558274
0.571731
0.585502
0.598508
0.60953
0.617457
0.621677
0.622173
0.619476
0.614503
0.608183
0.601159
0.593521
0.584963
0.575098
0.563802
0.551582
0.539684
0.529866
0.523869
0.522818
0.526923
0.535439
0.546855
0.559276
0.570818
0.579903
0.585547
0.587391
0.585645
0.581022
0.574615
0.567732
0.561802
0.558007
0.556971
0.558639
0.562271
0.56672
0.570772
0.573485
0.574376
0.573306
0.570388
0.565885
0.56018
0.553759
0.547187
0.541011
0.535737
0.531789
0.529467
0.529068
0.530759
0.534603
0.540497
0.548131
0.556897
0.565846
0.573799
0.579535
0.582026
0.580635
0.575312
0.56667
0.555897
0.544675
0.534935
0.528588
0.527068
0.530976
0.540061
0.553386
0.569601
0.587166
0.604367
0.619525
0.631088
0.637877
0.639215
0.635023
0.625759
0.61221
0.595387
0.576502
0.556964
0.53847
0.52286
0.511949
0.507039
0.508417
0.515204
0.525567
0.537198
0.547792
0.555552
0.559408
0.55904
0.554877
0.547945
0.539623
0.531349
0.524444
0.519802
0.517914
0.518957
0.522823
0.529222
0.537637
0.547417
0.557777
0.567926
0.577204
0.585169
0.591615
0.596458
0.59972
0.601534
0.602097
0.601579
0.600097
0.597598
0.59388
0.588728
0.582001
0.573808
0.564418
0.554284
0.543948
0.534042
0.525293
0.518425
0.513949
0.512024
0.512431
0.514602
0.517783
0.521272
0.524563
0.52746
0.530035
0.532562
0.535338
0.538545
0.542178
0.546022
0.549777
0.553151
0.555942
0.558069
0.559592
0.560669
0.561386
0.561797
0.561875
0.561571
0.560838
0.559723
0.558318
0.556785
0.555384
0.554352
0.553848
0.553911
0.554495
0.555536
0.556978
0.558927
0.561697
0.565671
0.571125
0.577978
0.585702
0.593284
0.599576
0.603488
0.604212
0.601417
0.595217
0.586148
0.575125
0.563251
0.551679
0.541598
0.534034
0.529685
0.52874
0.530873
0.535434
0.541761
0.549346
0.55791
0.567206
0.576845
0.586227
0.594524
0.600802
0.604219
0.604207
0.600683
0.594095
0.585311
0.575418
0.565493
0.556427
0.548779
0.542729
0.538202
0.534952
0.532608
0.5308
0.52912
0.527273
0.525123
0.522807
0.520724
0.519467
0.519607
0.521494
0.525202
0.530469
0.536697
0.543102
0.548981
0.553858
0.557577
0.56039
0.562737
0.56506
0.567586
0.570257
0.572806
0.574808
0.575938
0.576061
0.575357
0.574344
0.573864
0.574771
0.577583
0.582221
0.587987
0.59372
0.598213
0.600545
0.600204
0.597153
0.591738
0.584511
0.576174
0.567481
0.559154
0.551714
0.545456
0.540426
0.536581
0.533928
0.532575
0.532792
0.534827
0.538595
0.543622
0.549072
0.553907
0.55712
0.558005
0.556358
0.552539
0.547461
0.542372
0.538508
0.536626
0.536824
0.53859
0.541123
0.543642
0.545672
0.547095
0.548037
0.548774
0.549481
0.550276
0.55118
0.552246
0.553591
0.555424
0.55798
0.561404
0.565621
0.570285
0.574682
0.57785
0.578813
0.576841
0.571818
0.564383
0.555886
0.548114
0.54271
0.540753
0.542457
0.547404
0.554669
0.563241
0.572192
0.580691
0.587922
0.593153
0.595842
0.595812
0.593315
0.588899
0.583244
0.57692
0.570286
0.563486
0.556614
0.549836
0.543548
0.538365
0.534956
0.533855
0.535289
0.53903
0.544307
0.550013
0.55496
0.558202
0.559296
0.558445
0.556305
0.553726
0.551444
0.549903
0.549243
0.549381
0.550016
0.550689
0.550924
0.550368
0.548896
0.546869
0.545029
0.544414
0.546074
0.550678
0.558214
0.567888
0.578356
0.588025
0.595512
0.600038
0.601665
0.60118
0.599825
0.59881
0.598779
0.599449
0.599834
0.59862
0.594612
0.587107
0.576034
0.561965
0.545936
0.529292
0.51345
0.499737
0.489169
0.482499
0.480238
0.48267
0.489677
0.500536
0.513916
0.528089
0.541303
0.552231
0.560195
0.565197
0.567767
0.568759
0.569089
0.569516
0.570468
0.571978
0.573836
0.575659
0.577058
0.577751
0.577601
0.576662
0.575222
0.573755
0.572898
0.573311
0.575473
0.579556
0.585327
0.592113
0.598934
0.604732
0.608467
0.60932
0.606774
0.600653
0.591057
0.57845
0.563597
0.547507
0.531372
0.516467
0.504036
0.495141
0.490575
0.490685
0.49527
0.503564
0.514504
0.526917
0.539764
0.552153
0.563373
0.572869
0.580282
0.585481
0.588484
0.589459
0.588734
0.586654
0.583573
0.579841
0.575807
0.571741
0.567784
0.564118
0.560862
0.558104
0.555845
0.55394
0.552208
0.550579
0.549162
0.548187
0.547825
0.548062
0.548706
0.549472
0.550055
0.550249
0.549963
0.549328
0.548787
0.549039
0.550818
0.554573
0.560038
0.566056
0.571029
0.573494
0.572616
0.568292
0.561129
0.552235
0.54304
0.535025
0.52957
0.527725
0.530074
0.53662
0.546727
0.5593
0.572972
0.586259
0.597877
0.606899
0.61284
0.615681
0.615679
0.613101
0.608085
0.600603
0.590582
0.578069
0.563401
0.54724
0.530645
0.514893
0.501324
0.491034
0.48467
0.482344
0.483666
0.487938
0.494397
0.502339
0.511311
0.521148
0.531882
0.543546
0.555998
0.568853
0.581434
0.592929
0.602558
0.609849
0.614566
0.616785
0.616833
0.615145
0.612104
0.608047
