-7.17486
-7.16424
-7.15587
-7.14991
-7.14622
-7.14769
-7.15667
-7.16919
-7.18345
-7.19644
-7.20967
-7.22577
-7.23493
-7.24028
-7.24293
-7.23943
-7.23257
-7.22325
-7.21244
-7.19875
-7.18458
-7.17288
-7.16371
-7.15614
-7.15271
-7.15462
-7.15599
-7.16173
-7.17015
-7.18035
-7.18983
-7.19887
-7.20604
-7.21186
-7.21507
-7.21736
-7.21842
-7.21912
-7.21893
-7.21665
-7.21102
-7.20123
-7.19338
-7.18051
-7.16464
-7.15084
-7.13613
-7.12344
-7.11164
-7.1035
-7.09872
-7.0986
-7.1043
-7.11154
-7.12366
-7.13873
-7.15433
-7.17043
-7.1831
-7.19376
-7.20329
-7.21156
-7.21617
-7.2217
-7.2251
-7.22545
-7.22381
-7.22115
-7.21609
-7.20825
-7.20073
-7.19229
-7.18492
-7.18116
-7.1791
-7.18084
-7.18415
-7.18988
-7.19984
-7.20565
-7.2104
-7.2155
-7.21539
-7.21492
-7.21175
-7.20629
-7.19805
-7.18955
-7.18198
-7.17335
-7.16713
-7.15836
-7.15331
-7.15103
-7.15215
-7.15488
-7.16087
-7.16953
-7.17947
-7.19065
-7.20423
-7.21511
-7.22471
-7.23128
-7.23423
-7.23414
-7.23317
-7.22989
-7.22411
-7.21543
-7.20684
-7.19655
-7.18498
-7.17477
-7.16777
-7.16377
-7.16101
-7.15933
-7.1605
-7.16023
-7.16131
-7.16235
-7.16261
-7.1599
-7.15908
-7.15561
-7.15273
-7.15167
-7.15163
-7.15309
-7.15755
-7.15924
-7.16082
-7.16344
-7.1643
-7.16374
-7.15998
-7.15745
-7.15632
-7.15117
-7.14677
-7.14177
-7.13714
-7.13352
-7.12725
-7.12432
-7.12236
-7.12547
-7.13063
-7.13835
-7.15033
-7.16409
-7.18041
-7.19803
-7.2156
-7.23235
-7.24494
-7.25288
-7.25846
-7.25932
-7.25151
-7.2416
-7.22951
-7.21126
-7.19275
-7.17279
-7.15519
-7.14166
-7.13274
-7.13442
-7.13853
-7.14935
-7.16389
-7.18393
-7.1992
-7.21456
-7.22634
-7.23321
-7.23693
-7.23536
-7.22928
-7.22266
-7.21406
-7.20545
-7.19907
-7.19416
-7.18927
-7.18443
-7.17776
-7.17206
-7.16715
-7.16349
-7.16053
-7.15962
-7.16146
-7.16505
-7.17343
-7.18388
-7.19444
-7.20561
-7.21509
-7.22097
-7.22117
-7.2183
-7.21531
-7.2054
-7.19521
-7.18544
-7.17579
-7.16745
-7.16189
-7.15939
-7.15999
-7.16434
-7.16992
-7.17906
-7.18935
-7.20014
-7.20971
-7.21925
-7.22514
-7.22756
-7.22571
-7.21957
-7.2109
-7.19774
-7.18354
-7.1718
-7.15773
-7.14662
-7.13909
-7.13189
-7.13055
-7.13178
-7.13708
-7.14864
-7.16116
-7.1759
-7.18937
-7.19996
-7.20715
-7.21341
-7.21667
-7.21598
-7.21474
-7.20691
-7.20153
-7.19497
-7.18785
-7.18443
-7.18088
-7.18164
-7.1828
-7.186
-7.19355
-7.20329
-7.21393
-7.22502
-7.23498
-7.24382
-7.2486
-7.24974
-7.24729
-7.24168
-7.23272
-7.21929
-7.20344
-7.18632
-7.16926
-7.15366
-7.14106
-7.12824
-7.12126
-7.11815
-7.11884
-7.12591
-7.13329
-7.14632
-7.15791
-7.16929
-7.18103
-7.19314
-7.20206
-7.20839
-7.21275
-7.21334
-7.21127
-7.20818
-7.20324
-7.19772
-7.18868
-7.17662
-7.17042
-7.16291
-7.15546
-7.14856
-7.14595
-7.14558
-7.14673
-7.149
-7.15358
-7.16153
-7.17432
-7.18679
-7.20135
-7.21693
-7.23153
-7.24586
-7.25658
-7.26591
-7.27104
-7.26789
-7.25648
-7.24138
-7.21857
-7.19369
-7.16826
-7.14536
-7.12995
-7.12084
-7.11934
-7.12476
-7.13736
-7.15324
-7.16816
-7.18165
-7.1929
-7.19583
-7.19224
-7.18307
-7.17018
-7.15662
-7.1468
-7.14151
-7.1395
-7.14193
-7.15203
-7.16594
-7.18321
-7.20345
-7.2223
-7.23867
-7.25234
-7.26223
-7.26738
-7.26549
-7.25771
-7.24404
-7.22992
-7.21337
-7.1962
-7.18004
-7.16528
-7.15238
-7.142
-7.13337
-7.12724
-7.12355
-7.12189
-7.12525
-7.12977
-7.13608
-7.14049
-7.14839
-7.15435
-7.15913
-7.16303
-7.16874
-7.16994
-7.16837
-7.1648
-7.1602
-7.15267
-7.14759
-7.14327
-7.14039
-7.14134
-7.14888
-7.15547
-7.16551
-7.17628
-7.18543
-7.19132
-7.19786
-7.20412
-7.20876
-7.21348
-7.21553
-7.21819
-7.22116
-7.22296
-7.22429
-7.22364
-7.22192
-7.21905
-7.21716
-7.21502
-7.21264
-7.20972
-7.20595
-7.2014
-7.19773
-7.19424
-7.18824
-7.18574
-7.18147
-7.1767
-7.17257
-7.16786
-7.16079
-7.15704
-7.15317
-7.1505
-7.15366
-7.15694
-7.16145
-7.16608
-7.17073
-7.17714
-7.17989
-7.18201
-7.18387
-7.18465
-7.18768
-7.19151
-7.19309
-7.19683
-7.19758
-7.1954
-7.19416
-7.19038
-7.18671
-7.18078
-7.18036
-7.18124
-7.1874
-7.19441
-7.1988
-7.20341
-7.2018
-7.20084
-7.19491
-7.18695
-7.17827
-7.17055
-7.16078
-7.15155
-7.14622
-7.14089
-7.13934
-7.13912
-7.14374
-7.14784
-7.15524
-7.16507
-7.17513
-7.18619
-7.19401
-7.20229
-7.20873
-7.21334
-7.21829
-7.22417
-7.2279
-7.23353
-7.23666
-7.23586
-7.2356
-7.23104
-7.22745
-7.22469
-7.21813
-7.21421
-7.20677
-7.20034
-7.19432
-7.1904
-7.18482
-7.18145
-7.18139
-7.18412
-7.18616
-7.18839
-7.1879
-7.18705
-7.18322
-7.17645
-7.16972
-7.16086
-7.14995
-7.13634
-7.12673
-7.1208
-7.11588
-7.11577
-7.11781
-7.12182
-7.13185
-7.14444
-7.15595
-7.16457
-7.17163
-7.17965
-7.18722
-7.19418
-7.20269
-7.21067
-7.21996
-7.22732
-7.2318
-7.23484
-7.23289
-7.23171
-7.22615
-7.22198
-7.21186
-7.2002
-7.18878
-7.17828
-7.17008
-7.16682
-7.16228
-7.16512
-7.16931
-7.17489
-7.17844
-7.1827
-7.18772
-7.1939
-7.201
-7.20981
-7.22172
-7.23359
-7.24214
-7.24783
-7.24754
-7.24177
-7.23262
-7.21882
-7.20195
-7.18115
-7.16091
-7.14212
-7.12547
-7.11264
-7.10275
-7.09949
-7.10317
-7.11152
-7.12273
-7.14017
-7.15612
-7.17346
-7.18683
-7.19731
-7.20317
-7.20706
-7.20566
-7.20109
-7.19429
-7.18811
-7.18314
-7.18139
-7.18327
-7.18654
-7.19408
-7.20179
-7.21011
-7.21534
-7.21812
-7.21631
-7.2105
-7.20296
-7.19164
-7.17922
-7.16865
-7.15959
-7.15164
-7.14855
-7.148
-7.14876
-7.15337
-7.16009
-7.16531
-7.17126
-7.17451
-7.17691
-7.1782
-7.18004
-7.18296
-7.18554
-7.18622
-7.18728
-7.19116
-7.19337
-7.19347
-7.19217
-7.19115
-7.1907
-7.19269
-7.1943
-7.19647
-7.20195
-7.20559
-7.20852
-7.21084
-7.21366
-7.21359
-7.21134
-7.2069
-7.2028
-7.19597
-7.18959
-7.18201
-7.1781
-7.17387
-7.16944
-7.1703
-7.17198
-7.17471
-7.17969
-7.18321
-7.18802
-7.19029
-7.18887
-7.18412
-7.17721
-7.16881
-7.1583
-7.15287
-7.14762
-7.1479
-7.14949
-7.15693
-7.16809
-7.18186
-7.19342
-7.20521
-7.21272
-7.22
-7.22454
-7.22585
-7.22105
-7.21431
-7.20599
-7.19355
-7.17839
-7.16292
-7.1493
-7.1386
-7.13063
-7.1257
-7.12484
-7.13011
-7.13858
-7.14802
-7.15575
-7.16213
-7.16876
-7.1711
-7.1705
-7.17038
-7.16544
-7.16197
-7.1554
-7.1509
-7.14513
-7.14233
-7.14321
-7.14481
-7.15042
-7.15855
-7.16959
-7.18185
-7.19516
-7.20861
-7.22373
-7.23811
-7.25187
-7.26157
-7.2675
-7.27217
-7.27113
-7.26545
-7.25615
-7.24447
-7.23097
-7.21817
-7.20307
-7.18772
-7.17064
-7.15258
-7.13866
-7.12418
-7.11331
-7.10471
-7.10104
-7.10316
-7.11075
-7.1194
-7.12772
-7.14002
-7.15297
-7.16701
-7.17728
-7.18488
-7.19273
-7.19942
-7.20125
-7.20096
-7.20022
-7.19869
-7.19692
-7.19934
-7.19994
-7.19964
-7.20093
-7.201
-7.20066
-7.1981
-7.1961
-7.19001
-7.18159
-7.17533
-7.16741
-7.16224
-7.15662
-7.1533
-7.15005
-7.14687
-7.14536
-7.14494
-7.14513
-7.14944
-7.15096
-7.15717
-7.16343
-7.17302
-7.17993
-7.18595
-7.18782
-7.18743
-7.18803
-7.18785
-7.1858
-7.18442
-7.18537
-7.1887
-7.18917
-7.19247
-7.19413
-7.19652
-7.1955
-7.19419
-7.19214
-7.19026
-7.18841
-7.18444
-7.18197
-7.1791
-7.17693
-7.17363
-7.17393
-7.17562
-7.17937
-7.1814
-7.18577
-7.19087
-7.19307
-7.1985
-7.20058
-7.20499
-7.20819
-7.21066
-7.21093
-7.21027
-7.20559
-7.19928
-7.19377
-7.18654
-7.17848
-7.17185
-7.16787
-7.16588
-7.1642
-7.16972
-7.17503
-7.18073
-7.18496
-7.1866
-7.19163
-7.19187
-7.19
-7.18782
-7.18228
-7.17523
-7.17038
-7.16662
-7.16547
-7.16484
-7.16657
-7.16583
-7.16617
-7.16345
-7.15806
-7.1543
-7.14971
-7.14244
-7.13814
-7.13433
-7.13291
-7.13494
-7.13931
-7.14476
-7.15391
-7.16602
-7.17824
-7.19213
-7.20718
-7.2202
-7.23159
-7.2411
-7.2451
-7.24443
-7.2422
-7.23353
-7.21917
-7.20536
-7.19045
-7.17579
-7.16199
-7.1513
-7.14717
-7.14482
-7.14656
-7.14892
-7.15368
-7.162
-7.16729
-7.17476
-7.17876
-7.18265
-7.18319
-7.18509
-7.18706
-7.18882
-7.19005
-7.19259
-7.19625
-7.19902
-7.20224
-7.20552
-7.21104
-7.21129
-7.20988
-7.20699
-7.2011
-7.19728
-7.19232
-7.18432
-7.17861
-7.16853
-7.16621
-7.16507
-7.16331
-7.16211
-7.1631
-7.16594
-7.16812
-7.17032
-7.16897
-7.1622
-7.15365
-7.14576
-7.14091
-7.14181
-7.14349
-7.14813
-7.15663
-7.16101
-7.1656
-7.1684
-7.16951
-7.17074
-7.17192
-7.17546
-7.18161
-7.18496
-7.18874
-7.19208
-7.19664
-7.20283
-7.20656
-7.20912
-7.20903
-7.20888
-7.20594
-7.20184
-7.19823
-7.19188
-7.18869
-7.18361
-7.18114
-7.1794
-7.17971
-7.18245
-7.18853
-7.19676
-7.20447
-7.2139
-7.22045
-7.22645
-7.22656
-7.2243
-7.21787
-7.20686
-7.19354
-7.17652
-7.16066
-7.14825
-7.14085
-7.13663
-7.13732
-7.13935
-7.14584
-7.15773
-7.17172
-7.18528
-7.20062
-7.21118
-7.22232
-7.22664
-7.22903
-7.22799
-7.22301
-7.21402
-7.20302
-7.18899
-7.17275
-7.15611
-7.13849
-7.12517
-7.11185
-7.10503
-7.10145
-7.10011
-7.0985
-7.1011
-7.10379
-7.10858
-7.11685
-7.12651
-7.13569
-7.14341
-7.15121
-7.16271
-7.17153
-7.18478
-7.20089
-7.21734
-7.23418
-7.246
-7.26109
-7.27372
-7.27987
-7.28168
-7.28159
-7.27563
-7.26542
-7.2503
-7.23051
-7.21025
-7.1899
-7.17181
-7.15376
-7.13476
-7.11829
-7.10508
-7.0995
-7.09825
-7.09895
-7.10504
-7.11387
-7.1255
-7.13676
-7.14914
-7.15855
-7.16925
-7.18081
-7.19143
-7.20354
-7.21302
-7.22217
-7.23134
-7.23305
-7.23539
-7.23392
-7.22951
-7.22338
-7.21655
