-6.15345
-6.15087
-6.14981
-6.14802
-6.14455
-6.14361
-6.14384
-6.14553
-6.146
-6.14907
-6.14818
-6.1481
-6.14844
-6.15111
-6.15095
-6.15092
-6.15211
-6.15203
-6.15044
-6.1506
-6.14993
-6.14998
-6.14977
-6.15091
-6.1531
-6.15375
-6.15318
-6.15296
-6.15366
-6.15457
-6.15436
-6.15238
-6.15222
-6.15264
-6.15269
-6.15371
-6.15507
-6.15414
-6.15385
-6.15353
-6.15223
-6.15189
-6.15288
-6.15328
-6.15214
-6.15104
-6.14965
-6.1489
-6.14979
-6.14913
-6.15024
-6.14961
-6.15046
-6.1492
-6.15024
-6.15187
-6.15169
-6.15032
-6.15097
-6.1498
-6.15077
-6.15042
-6.1485
-6.14962
-6.15025
-6.15103
-6.15192
-6.15222
-6.15123
-6.15247
-6.15359
-6.15197
-6.15146
-6.15077
-6.15383
-6.15453
-6.15489
-6.15464
-6.15385
-6.15383
-6.15201
-6.15227
-6.15263
-6.15208
-6.15189
-6.1504
-6.14925
-6.14877
-6.14835
-6.14866
-6.14842
-6.15088
-6.15177
-6.15298
-6.15343
-6.15145
-6.15218
-6.1495
-6.14963
-6.14937
-6.15039
-6.15141
-6.15083
-6.14964
-6.14852
-6.14977
-6.15243
-6.15391
-6.15512
-6.15503
-6.15161
-6.14964
-6.15104
-6.15225
-6.15105
-6.15043
-6.14724
-6.14771
-6.14866
-6.14884
-6.14762
-6.14626
-6.1486
-6.14774
-6.14912
-6.14944
-6.1487
-6.14792
-6.14782
-6.14942
-6.14881
-6.14979
-6.14968
-6.14714
-6.1467
-6.14614
-6.14779
-6.14716
-6.14845
-6.14876
-6.1458
-6.14608
-6.14737
-6.14683
-6.14807
-6.1469
-6.1472
-6.1473
-6.14843
-6.14794
-6.1493
-6.14926
-6.14812
-6.14847
-6.15038
-6.14903
-6.14996
-6.15059
-6.1525
-6.1534
-6.15063
-6.15033
-6.15087
-6.15035
-6.14657
-6.14802
-6.14668
-6.14684
-6.1469
-6.14818
-6.14771
-6.14545
-6.14652
-6.14827
-6.14964
-6.15215
-6.15147
-6.14849
-6.15002
-6.1487
-6.14594
-6.14576
-6.14759
-6.14699
-6.14691
-6.14803
-6.14874
-6.14742
-6.14758
-6.14917
-6.14819
-6.14977
-6.1506
-6.15032
-6.14828
-6.14868
-6.1496
-6.15041
-6.15018
-6.14956
-6.15147
-6.15073
-6.15091
-6.15206
-6.15326
-6.1494
-6.14862
-6.14898
-6.1498
-6.14973
-6.15037
-6.15234
-6.15208
-6.15179
-6.1524
-6.14869
-6.15131
-6.15284
-6.152
-6.15307
-6.15056
-6.1513
-6.15079
-6.14874
-6.15038
-6.1509
-6.14999
-6.15115
-6.15363
-6.15406
-6.15396
-6.15392
-6.15398
-6.15421
-6.15498
-6.15347
-6.15325
-6.15211
-6.14912
-6.15048
-6.15009
-6.14863
-6.14801
-6.14755
-6.1507
-6.15381
-6.15612
-6.15469
-6.15271
-6.15213
-6.15143
-6.15135
-6.15034
-6.14946
-6.14904
-6.14908
-6.14924
-6.14689
-6.1472
-6.14689
-6.14785
-6.14812
-6.14797
-6.14901
-6.15027
-6.1475
-6.14753
-6.14711
-6.14793
-6.14681
-6.14645
-6.14787
-6.1469
-6.14706
-6.14632
-6.14753
-6.14869
-6.14621
-6.14597
-6.14735
-6.14781
-6.14931
-6.14893
-6.15019
-6.14949
-6.15101
-6.15119
-6.15064
-6.15195
-6.15121
-6.15101
-6.15164
-6.14993
-6.15047
-6.14915
-6.14961
-6.1486
-6.14705
-6.15102
-6.15142
-6.15345
-6.15457
-6.1532
-6.15091
-6.15051
-6.15059
-6.15111
-6.14954
-6.14883
-6.14711
-6.14831
-6.14861
-6.14869
-6.1509
-6.15146
-6.15172
-6.15193
-6.15284
-6.15323
-6.15231
-6.15233
-6.1501
-6.15187
-6.14961
-6.14859
-6.14792
-6.14835
-6.14767
-6.14849
-6.15081
-6.14845
-6.14848
-6.14919
-6.15057
-6.1497
-6.15144
-6.15094
-6.15106
-6.15139
-6.15214
-6.15098
-6.14852
-6.14809
-6.14755
-6.14704
-6.148
-6.14956
-6.14855
-6.14722
-6.14843
-6.15012
-6.14956
-6.15021
-6.15069
-6.14935
-6.15038
-6.14991
-6.15023
-6.1488
-6.14601
-6.14649
-6.1474
-6.14686
-6.14518
-6.14428
-6.14443
-6.14494
-6.14643
-6.14792
-6.14846
-6.14804
-6.14863
-6.1499
-6.14989
-6.1515
-6.15111
-6.15226
-6.15135
-6.15224
-6.15299
-6.15233
-6.15289
-6.14955
-6.15079
-6.14983
-6.14735
-6.14595
-6.14593
-6.14504
-6.14745
-6.14697
-6.14647
-6.14754
-6.14754
-6.14645
-6.14591
-6.14628
-6.14537
-6.14587
-6.14587
-6.14666
-6.14652
-6.14634
-6.14768
-6.14633
-6.1459
-6.14774
-6.14931
-6.1455
-6.14572
-6.14739
-6.14723
-6.14906
-6.1473
-6.14864
-6.14822
-6.14926
-6.15212
-6.15261
-6.15335
-6.15045
-6.14978
-6.14878
-6.14878
-6.14915
-6.1502
-6.1503
-6.15105
-6.1508
-6.15249
-6.15032
-6.14986
-6.14986
-6.1497
-6.15064
-6.14938
-6.14585
-6.14583
-6.14575
-6.14695
-6.14812
-6.15019
-6.14959
-6.14989
-6.15116
-6.15214
-6.14995
-6.15231
-6.15206
-6.15237
-6.15191
-6.15132
-6.15128
-6.15091
-6.15191
-6.15373
-6.1535
-6.1532
-6.15439
-6.15604
-6.15768
-6.15628
-6.15525
-6.15485
-6.15374
-6.15262
-6.15194
-6.15251
-6.15223
-6.15122
-6.1479
-6.14545
-6.14606
-6.14483
-6.14533
-6.14438
-6.14233
-6.14337
-6.14419
-6.14598
-6.14604
-6.14718
-6.14583
-6.14719
-6.1478
-6.14905
-6.15067
-6.15075
-6.15251
-6.15131
-6.15355
-6.15398
-6.1552
-6.15565
-6.15604
-6.15649
-6.15672
-6.15581
-6.15276
-6.15462
-6.15322
-6.15434
-6.15542
-6.15652
-6.15647
-6.15762
-6.15615
-6.15521
-6.15535
-6.15608
-6.15372
-6.15433
-6.15465
-6.15567
-6.15391
-6.15594
-6.1544
-6.15358
-6.15129
-6.14983
-6.1502
-6.1498
-6.15213
-6.15256
-6.15163
-6.15248
-6.15315
-6.15397
-6.1521
-6.15181
-6.15314
-6.15094
-6.15105
-6.14864
-6.14696
-6.14796
-6.14741
-6.14467
-6.14587
-6.14711
-6.14871
-6.14709
-6.14838
-6.14996
-6.15148
-6.1519
-6.15281
-6.15093
-6.15148
-6.15158
-6.15227
-6.1501
-6.14904
-6.14917
-6.14828
-6.1477
-6.14704
-6.14914
-6.14801
-6.1484
-6.14893
-6.14859
-6.15028
-6.15138
-6.15223
-6.15256
-6.1521
-6.14996
-6.14916
-6.14975
-6.14918
-6.14976
-6.15086
-6.14992
-6.1499
-6.15145
-6.14905
-6.14968
-6.1509
-6.15125
-6.1529
-6.15128
-6.15096
-6.15172
-6.15045
-6.14853
-6.14771
-6.14805
-6.14667
-6.14614
-6.14675
-6.14811
-6.15049
-6.1506
-6.15036
-6.15135
-6.15193
-6.1511
-6.15209
-6.15168
-6.15183
-6.1529
-6.15202
-6.14951
-6.1509
-6.15135
-6.15086
-6.14973
-6.14894
-6.14813
-6.1476
-6.14705
-6.14779
-6.14758
-6.14679
-6.1464
-6.14706
-6.14621
-6.14548
-6.14613
-6.14684
-6.14851
-6.14752
-6.14837
-6.14976
-6.14879
-6.14744
-6.1477
-6.1467
-6.1464
-6.14418
-6.14522
-6.14689
-6.14788
-6.14719
-6.14776
-6.14798
-6.15015
-6.15137
-6.15163
-6.15223
-6.1496
-6.14986
-6.14915
-6.14941
-6.15033
-6.14706
-6.14804
-6.14937
-6.14977
-6.14953
-6.15058
-6.15001
-6.15169
-6.1524
-6.15347
-6.15427
-6.15513
-6.15341
-6.15424
-6.153
-6.15224
-6.14936
-6.14795
-6.1497
-6.14626
-6.14514
-6.14639
-6.14522
-6.14486
-6.14532
-6.14693
-6.14706
-6.14498
-6.14677
-6.14718
-6.14749
-6.14997
-6.15078
-6.15253
-6.15067
-6.15327
-6.15284
-6.15098
-6.14834
-6.14721
-6.14635
-6.14714
-6.14836
-6.1478
-6.14545
-6.14553
-6.14507
-6.14465
-6.14683
-6.14445
-6.14624
-6.1444
-6.14444
-6.14508
-6.14277
-6.14403
-6.14532
-6.14573
-6.14752
-6.14809
-6.14804
-6.15025
-6.15206
-6.15246
-6.15469
-6.15068
-6.14986
-6.15035
-6.15154
-6.15184
-6.15348
-6.15416
-6.15448
-6.15184
-6.15108
-6.15061
-6.15338
-6.15135
-6.15266
-6.15152
-6.15049
-6.14948
-6.14713
-6.14883
-6.1471
-6.14586
-6.14775
-6.14765
-6.14662
-6.14825
-6.14771
-6.14728
-6.14729
-6.14836
-6.14982
-6.14936
-6.14889
-6.14939
-6.15152
-6.15238
-6.15135
-6.15065
-6.15088
-6.15166
-6.15099
-6.1492
-6.14824
-6.1485
-6.14782
-6.14788
-6.14746
-6.14595
-6.14362
-6.14524
-6.14811
-6.14731
-6.14736
-6.14828
-6.14916
-6.15004
-6.14999
-6.1503
-6.15096
-6.15194
-6.15196
-6.15264
-6.1514
-6.1502
-6.14935
-6.14787
-6.14764
-6.14992
-6.14819
-6.14987
-6.14753
-6.14674
-6.14566
-6.14669
-6.14635
-6.14693
-6.14707
-6.14892
-6.15074
-6.14889
-6.14818
-6.14765
-6.14894
-6.14783
-6.14693
-6.14819
-6.14746
-6.14933
-6.14965
-6.14974
-6.14831
-6.1476
-6.14627
-6.14755
-6.14787
-6.14597
-6.14641
-6.14631
-6.14598
-6.14506
-6.14576
-6.14508
-6.1462
-6.14746
-6.1492
-6.15116
-6.15019
-6.15027
-6.15079
-6.15144
-6.15121
-6.15101
-6.1492
-6.14865
-6.14837
-6.14672
-6.14662
-6.14648
-6.14669
-6.14763
-6.14903
-6.14866
-6.14874
-6.15017
-6.15121
-6.15273
-6.15563
-6.15539
-6.15304
-6.15258
-6.15154
-6.15165
-6.1526
-6.15207
-6.15287
-6.15193
-6.15146
-6.15014
-6.14933
-6.14749
-6.14763
-6.14823
-6.1461
-6.14709
-6.14603
-6.14709
-6.1473
-6.14696
-6.14539
-6.14351
-6.14544
-6.1456
-6.1465
-6.14744
-6.14717
-6.1474
-6.14856
-6.14815
-6.14882
-6.15028
-6.15025
-6.1516
-6.15136
-6.15111
-6.14822
-6.14916
-6.14842
-6.14927
-6.15238
-6.15325
-6.15224
-6.15423
-6.1534
-6.15331
-6.15263
-6.15485
-6.15473
-6.15578
-6.1557
-6.15611
-6.15184
-6.15265
-6.15147
-6.14996
-6.14818
-6.14616
-6.14493
-6.14452
-6.14397
-6.14393
-6.14537
-6.14532
-6.14537
-6.14704
-6.14863
-6.14587
-6.14778
-6.14824
-6.14888
-6.14972
-6.14982
-6.14985
-6.15081
-6.1508
-6.15048
-6.15021
-6.1503
-6.15045
-6.15097
-6.14994
-6.14992
-6.14928
-6.14801
-6.14774
-6.14781
-6.14724
-6.14796
-6.14961
-6.14866
-6.14835
-6.14905
-6.14849
-6.1502
-6.14898
-6.14967
-6.14934
-6.14767
-6.15019
-6.15142
-6.15366
-6.15146
-6.15197
-6.1516
-6.15416
-6.15272
-6.15074
-6.15013
-6.14902
-6.14751
-6.14768
-6.14734
-6.14848
-6.14759
-6.14691
-6.14934
-6.14897
-6.15026
-6.14924
-6.15131
-6.15254
-6.1542
-6.15436
-6.15499
-6.15423
-6.15343
-6.15266
-6.15096
-6.15156
-6.14893
-6.14823
-6.14623
-6.1449
-6.14625
-6.14416
-6.14516
-6.14314
-6.14356
-6.1438
-6.14441
-6.14435
-6.14452
-6.14684
-6.14613
-6.14567
-6.14353
-6.14301
-6.14316
-6.14394
-6.14597
-6.14792
-6.14911
-6.1492
-6.14888
-6.14785
-6.15135
-6.15164
-6.15297
-6.15339
-6.1516
-6.15309
