0.797933
0.797688
0.797587
0.797223
0.797609
0.797455
0.797958
0.79792
0.797197
0.797027
0.796832
0.797088
0.79751
0.796993
0.79723
0.797172
0.796942
0.797116
0.796651
0.796871
0.796472
0.796762
0.797027
0.797009
0.797545
0.797329
0.797413
0.798014
0.798195
0.798346
0.797819
0.797804
0.797172
0.797176
0.797403
0.796714
0.797023
0.796799
0.796719
0.796992
0.797519
0.79759
0.797581
0.797674
0.79789
0.797496
0.797242
0.797187
0.797443
0.797713
0.797941
0.79745
0.796921
0.797607
0.797868
0.797262
0.797564
0.797058
0.797022
0.796919
0.797077
0.796665
0.797213
0.796855
0.796734
0.796802
0.796986
0.797048
0.797027
0.796942
0.797127
0.796527
0.796355
0.796584
0.796195
0.796412
0.796426
0.79665
0.796651
0.796395
0.79622
0.796269
0.796114
0.796395
0.796962
0.797291
0.797335
0.797164
0.797309
0.79718
0.796874
0.796015
0.796075
0.796538
0.796895
0.796364
0.796207
0.796688
0.797086
0.797281
0.798021
0.797948
0.79742
0.797681
0.797987
0.797577
0.797638
0.797291
0.796771
0.797286
0.797386
0.797899
0.797967
0.79789
0.798564
0.798951
0.798857
0.799156
0.799238
0.798057
0.798355
0.798323
0.798325
0.797724
0.797592
0.797859
0.79836
0.798358
0.798734
0.798702
0.799043
0.799361
0.798937
0.799584
0.799421
0.798981
0.798576
0.799229
0.798779
0.798091
0.798198
0.797859
0.797565
0.798561
0.798656
0.798505
0.798502
0.799239
0.799037
0.798356
0.798297
0.797804
0.797608
0.79761
0.797685
0.797238
0.797118
0.796995
0.797194
0.796656
0.797181
0.796931
0.796627
0.79707
0.796934
0.797379
0.796879
0.797171
0.796836
0.796309
0.796012
0.796155
0.796412
0.796313
0.796006
0.795747
0.795685
0.795443
0.795194
0.795637
0.79567
0.796373
0.796065
0.795633
0.795559
0.796132
0.796432
0.796634
0.796687
0.79679
0.796758
0.796451
0.796914
0.796498
0.796715
0.796812
0.796825
0.796642
0.796642
0.796885
0.797334
0.797144
0.797672
0.797527
0.797736
0.797433
0.79748
0.7971
0.797228
0.797305
0.797115
0.796566
0.796929
0.796686
0.7967
0.796809
0.79663
0.796214
0.795892
0.796417
0.796149
0.796556
0.796711
0.796957
0.796404
0.795877
0.796373
0.79654
0.796725
0.796747
0.797184
0.797249
0.797272
0.797167
0.7972
0.796675
0.796781
0.797146
0.797109
0.79665
0.796739
0.796884
0.797108
0.796623
0.796845
0.797458
0.797498
0.797387
0.796692
0.797288
0.797281
0.797347
0.797269
0.797342
0.797428
0.796927
0.797
0.797061
0.797111
0.796918
0.79696
0.797471
0.797345
0.797515
0.797725
0.797831
0.797198
0.797973
0.797873
0.797907
0.797308
0.797268
0.797389
0.797676
0.797572
0.797756
0.798106
0.798053
0.798366
0.797658
0.797684
0.797686
0.797337
0.797434
0.798023
0.797669
0.797157
0.796837
0.797008
0.796497
0.796568
0.795963
0.796238
0.796308
0.796139
0.795758
0.795763
0.796882
0.797656
0.797857
0.797762
0.797901
0.797906
0.798321
0.79745
0.797483
0.797176
0.79693
0.796796
0.796553
0.796754
0.796615
0.796722
0.796784
0.796575
0.796483
0.796608
0.796427
0.796747
0.79745
0.797472
0.797595
0.797535
0.797113
0.797513
0.797963
0.798457
0.798283
0.79816
0.798114
0.798311
0.798119
0.798162
0.79782
0.798029
0.797778
0.797586
0.797236
0.797467
0.79714
0.797253
0.797262
0.797136
0.797253
0.797232
0.796796
0.796932
0.796752
0.796611
0.797218
0.797802
0.797846
0.79776
0.798192
0.797601
0.7972
0.797392
0.79812
0.798068
0.798323
0.798462
0.798203
0.798463
0.798226
0.798608
0.798001
0.797827
0.797849
0.797786
0.797369
0.797616
0.796931
0.797114
0.797011
0.797334
0.797284
0.797507
0.797928
0.797995
0.797952
0.798432
0.798363
0.79789
0.798384
0.798185
0.797732
0.797552
0.797025
0.797236
0.796615
0.796265
0.796366
0.796187
0.796213
0.796412
0.796561
0.795994
0.796178
0.796139
0.796478
0.796503
0.796753
0.796468
0.796114
0.796083
0.79602
0.796331
0.796182
0.796014
0.795736
0.796232
0.796177
0.796527
0.796751
0.797553
0.797662
0.798026
0.797969
0.797818
0.798033
0.798473
0.798679
0.798578
0.798461
0.798356
0.797903
0.797499
0.797092
0.796901
0.797292
0.79702
0.797231
0.796724
0.796938
0.79708
0.797378
0.797857
0.798317
0.799149
0.798768
0.798407
0.799127
0.798914
0.798145
0.798081
0.797892
0.7976
0.797333
0.797439
0.797424
0.797288
0.797083
0.796846
0.797092
0.796892
0.797324
0.797791
0.797672
0.797948
0.798336
0.797849
0.79788
0.798012
0.797809
0.797821
0.798074
0.797988
0.797839
0.798167
0.798169
0.797916
0.798033
0.798358
0.798108
0.797388
0.798044
0.798275
0.798194
0.797821
0.797706
0.797784
0.797617
0.798079
0.797995
0.797829
0.798174
0.797897
0.798277
0.798568
0.798723
0.799292
0.798957
0.798892
0.798621
0.798364
0.798755
0.798645
0.798419
0.797805
0.798128
0.798348
0.798732
0.797586
0.797739
0.79748
0.797675
0.797795
0.797654
0.797902
0.797712
0.796926
0.797296
0.797381
0.797132
0.796477
0.796797
0.796811
0.797001
0.796655
0.796816
0.797471
0.797061
0.797325
0.797409
0.797037
0.797214
0.797403
0.797614
0.797636
0.797435
0.797469
0.79808
0.798522
0.798361
0.798419
0.798068
0.798088
0.798048
0.797953
0.798262
0.798035
0.798385
0.798091
0.798307
0.798403
0.798536
0.798399
0.798119
0.798923
0.798624
0.798376
0.798346
0.798574
0.798295
0.797967
0.79812
0.798221
0.797954
0.798084
0.797718
0.797246
0.797357
0.797513
0.797069
0.796947
0.797
0.796995
0.797208
0.797045
0.797373
0.797048
0.796847
0.796568
0.796646
0.796965
0.79701
0.797042
0.797166
0.797274
0.797236
0.797279
0.797536
0.79797
0.797618
0.797789
0.797842
0.798042
0.797883
0.797729
0.797789
0.798198
0.797902
0.797858
0.79795
0.798195
0.798031
0.797466
0.796859
0.796878
0.796754
0.797564
0.797711
0.797278
0.797288
0.797241
0.796905
0.79721
0.797228
0.796762
0.797266
0.797241
0.797019
0.797152
0.797093
0.797207
0.797314
0.797079
0.7969
0.796778
0.796716
0.797043
0.796867
0.797088
0.797525
0.796908
0.796572
0.797092
0.797161
0.796555
0.796397
0.79684
0.796913
0.79727
0.797656
0.797106
0.797316
0.798163
0.79783
0.798333
0.797985
0.797577
0.797905
0.799045
0.798565
0.798977
0.799278
0.799834
0.799937
0.799321
0.799361
0.798868
0.79845
0.798899
0.798604
0.798096
0.797771
0.797803
0.797799
0.797695
0.797355
0.797328
0.797228
0.79655
0.796451
0.796038
0.796211
0.79615
0.795846
0.79615
0.796433
0.796675
0.796743
0.796337
0.796299
0.79624
0.796008
0.795999
0.796022
0.795871
0.79594
0.795442
0.795498
0.795572
0.796006
0.796424
0.796311
0.796598
0.797214
0.797115
0.797126
0.797139
0.796902
0.797443
0.797838
0.797226
0.797729
0.797648
0.79834
0.798361
0.797845
0.797893
0.797786
0.798228
0.798183
0.79815
0.79836
0.798483
0.798286
0.797399
0.797017
0.797254
0.797644
0.798042
0.798015
0.797809
0.798234
0.798491
0.799344
0.799051
0.799065
0.798748
0.798688
0.798831
0.799506
0.799317
0.799175
0.798933
0.79913
0.799175
0.799583
0.799336
0.798429
0.798742
0.798902
0.798821
0.798393
0.798208
0.798787
0.798067
0.798505
0.797836
0.797851
0.797231
0.796923
0.796746
0.79687
0.797402
0.797297
0.797149
0.79697
0.796465
0.795945
0.796707
0.796696
0.79652
0.796611
0.796008
0.79618
0.796977
0.797039
0.797325
0.797434
0.7974
0.79755
0.79695
0.797131
0.797101
0.797211
0.79725
0.79723
0.797626
0.797453
0.797666
0.797747
0.797562
0.797766
0.79787
0.797892
0.797805
0.798317
0.798215
0.798176
0.798206
0.798049
0.797953
0.79762
0.79774
0.796879
0.797245
0.797273
0.797055
0.796378
0.796272
0.79703
0.797635
0.798099
0.798486
0.798568
0.798546
0.798791
0.798597
0.798825
0.798847
0.798865
0.799413
0.799366
0.799302
0.799208
0.799574
0.799665
0.799282
0.799312
0.798897
0.798656
0.798265
0.797641
0.797856
0.797755
0.797307
0.79699
0.797386
0.797747
0.797704
0.797664
0.797571
0.797499
0.797528
0.797718
0.797712
0.797573
0.797385
0.797814
0.797211
0.79742
0.797207
0.79746
0.79742
0.797422
0.797935
0.797572
0.797934
0.797691
0.798076
0.79823
0.798257
0.798079
0.798271
0.798547
0.798545
0.79886
0.798983
0.799415
0.798975
0.798197
0.797624
0.797542
0.797767
0.797461
0.797992
0.798029
0.79824
0.798711
0.798659
0.798954
0.79875
0.799054
0.799352
0.799102
0.798984
0.798517
0.7979
0.798194
0.797938
0.798373
0.798333
0.797924
0.798186
0.798478
0.79856
0.798479
0.798099
0.798316
0.797249
0.797289
0.797577
0.796778
0.797139
0.797238
0.797077
0.79753
0.797373
0.79797
0.797859
0.797938
0.798057
0.79733
0.797489
0.797229
0.797179
0.797189
0.797084
0.79691
0.797191
0.797187
0.797518
0.797351
0.797285
0.797126
0.79747
0.796853
0.796915
0.796593
0.79734
0.797027
0.79756
0.797349
0.797561
0.798178
0.798704
0.798992
0.798848
0.798928
0.798921
0.798517
0.798721
0.79888
0.799086
0.799582
0.799328
0.799239
0.799006
0.798701
0.79907
0.798751
0.799112
0.798953
0.798622
0.799067
0.799131
0.799341
0.799607
0.800022
0.800162
0.799912
0.799518
0.799714
0.799466
0.798765
0.798856
0.798496
0.798048
0.798513
0.798237
0.797721
0.797621
0.79734
0.79714
0.797262
0.79729
0.797074
0.797126
0.796949
0.796784
0.796705
0.796735
0.796133
0.796138
0.796258
0.796645
0.797728
0.797981
0.79746
0.7971
0.797189
0.797401
0.797958
0.797942
0.798236
0.798206
0.797862
0.798092
0.797685
0.797578
0.797632
0.798028
0.797795
0.798051
0.798056
0.798458
0.798141
0.79797
0.797552
0.79737
0.798107
0.798099
0.798195
0.798625
0.798468
0.798462
0.79851
