0.447102
0.438641
0.431754
0.427302
0.425913
0.427871
0.433041
0.440901
0.450625
0.461184
0.47154
0.480763
0.488023
0.49274
0.494531
0.4932
0.488876
0.481955
0.473131
0.463274
0.453431
0.444613
0.437599
0.432927
0.430842
0.431298
0.434014
0.438589
0.444489
0.451065
0.457645
0.463703
0.468881
0.473058
0.476248
0.478518
0.479873
0.480258
0.479525
0.477498
0.473958
0.468774
0.461925
0.453488
0.443744
0.433104
0.422183
0.411742
0.402582
0.39558
0.391483
0.390807
0.393729
0.399986
0.408987
0.419794
0.431338
0.442626
0.452872
0.461642
0.468855
0.474635
0.479124
0.48239
0.484327
0.484741
0.483458
0.480451
0.475883
0.470152
0.463884
0.457807
0.452684
0.44923
0.447949
0.449019
0.452233
0.457075
0.462755
0.468318
0.472929
0.475943
0.477015
0.476144
0.473487
0.469329
0.464036
0.458022
0.451707
0.445512
0.439869
0.435163
0.431747
0.429883
0.429807
0.431635
0.435399
0.440936
0.447935
0.455914
0.464292
0.472416
0.479645
0.485405
0.489231
0.49083
0.490107
0.487171
0.482339
0.47603
0.46878
0.461166
0.453744
0.447033
0.441484
0.437408
0.434961
0.434058
0.434354
0.435317
0.436373
0.436973
0.436776
0.435796
0.434269
0.432635
0.431403
0.430995
0.431586
0.433071
0.435145
0.437365
0.439296
0.440595
0.441075
0.440733
0.439672
0.438072
0.436072
0.433714
0.430971
0.427777
0.424144
0.420263
0.416533
0.413536
0.411911
0.412323
0.415178
0.420655
0.428595
0.438614
0.450125
0.462433
0.474774
0.486348
0.496349
0.503948
0.508419
0.509201
0.505961
0.498759
0.487966
0.474417
0.45934
0.444228
0.43071
0.420303
0.414176
0.41301
0.416787
0.424908
0.436171
0.449042
0.461879
0.473234
0.482021
0.487681
0.490048
0.489398
0.486293
0.481511
0.475896
0.47021
0.464945
0.460281
0.456139
0.452289
0.44853
0.444775
0.441109
0.437852
0.435535
0.434692
0.435837
0.439229
0.444772
0.451925
0.459747
0.467162
0.473177
0.477053
0.478418
0.477247
0.473805
0.468526
0.462015
0.45502
0.448281
0.442454
0.438154
0.43585
0.435825
0.43811
0.442531
0.448682
0.455993
0.463745
0.471158
0.477427
0.481776
0.48361
0.482535
0.478511
0.471836
0.463193
0.453446
0.44352
0.434191
0.426055
0.419559
0.415176
0.413423
0.414725
0.419287
0.426871
0.436698
0.447586
0.458152
0.467158
0.473718
0.477455
0.478454
0.47718
0.474258
0.470208
0.465547
0.460685
0.456075
0.45225
0.449708
0.448891
0.450031
0.45317
0.458126
0.464512
0.471858
0.479588
0.487037
0.493481
0.498191
0.500493
0.499923
0.496308
0.489708
0.480466
0.469131
0.456513
0.443607
0.431434
0.420933
0.412828
0.407597
0.405452
0.406388
0.410174
0.41638
0.424461
0.433696
0.443327
0.452588
0.460752
0.467304
0.471953
0.47466
0.475519
0.474633
0.472038
0.467811
0.462172
0.455544
0.448519
0.441721
0.435595
0.430444
0.426406
0.423618
0.422233
0.422443
0.424411
0.428322
0.434256
0.442117
0.45168
0.462597
0.474337
0.486147
0.497136
0.506275
0.512565
0.515104
0.513235
0.50668
0.495666
0.480983
0.463903
0.446211
0.429954
0.417146
0.409365
0.407429
0.411166
0.419424
0.430326
0.441681
0.451447
0.458011
0.460377
0.458366
0.452597
0.444397
0.435514
0.427791
0.422812
0.42163
0.424681
0.431795
0.442297
0.455154
0.469155
0.482974
0.495308
0.505034
0.511307
0.513616
0.511886
0.506458
0.498012
0.487471
0.475753
0.463729
0.452153
0.441566
0.43234
0.424715
0.418859
0.41485
0.412661
0.412226
0.413378
0.415898
0.419526
0.423936
0.428811
0.433729
0.438282
0.441998
0.444462
0.445287
0.444296
0.441567
0.437538
0.432921
0.4286
0.425478
0.424315
0.425498
0.428971
0.434193
0.44039
0.446725
0.452612
0.45777
0.462205
0.466155
0.469846
0.473365
0.476592
0.479339
0.48137
0.48255
0.48289
0.482474
0.481482
0.480097
0.478475
0.476666
0.474677
0.472524
0.470223
0.467817
0.465345
0.462772
0.46002
0.457011
0.453651
0.449907
0.44591
0.441924
0.438304
0.435433
0.433638
0.433186
0.43419
0.436508
0.439777
0.443433
0.446917
0.449831
0.451951
0.453341
0.454272
0.455086
0.456109
0.457486
0.45912
0.460731
0.461841
0.462017
0.460993
0.458774
0.455854
0.453073
0.451412
0.45162
0.453857
0.45753
0.461523
0.464611
0.465786
0.464595
0.461115
0.45584
0.449474
0.44279
0.436441
0.430932
0.426615
0.423707
0.422393
0.422779
0.424847
0.428456
0.433357
0.439142
0.445383
0.451679
0.457744
0.463447
0.468733
0.473616
0.478049
0.481977
0.485287
0.487864
0.489554
0.490247
0.489921
0.488544
0.486211
0.483038
0.47919
0.474885
0.470337
0.465796
0.461533
0.457847
0.455044
0.453384
0.45299
0.45373
0.455205
0.45688
0.458038
0.458039
0.456346
0.452722
0.447201
0.440059
0.431813
0.42316
0.414986
0.408248
0.403847
0.402478
0.404381
0.409242
0.416274
0.424352
0.432442
0.43987
0.446381
0.45214
0.457531
0.462912
0.468484
0.474165
0.479652
0.484479
0.488171
0.490343
0.490753
0.489336
0.486103
0.481247
0.475055
0.467914
0.460405
0.453265
0.447272
0.443199
0.441504
0.442201
0.444701
0.44808
0.451468
0.454434
0.457189
0.460484
0.46511
0.471472
0.479254
0.487371
0.494371
0.498893
0.500001
0.497299
0.490865
0.481166
0.468883
0.45479
0.439819
0.425091
0.411818
0.401259
0.394467
0.392075
0.394135
0.400203
0.409445
0.420792
0.433064
0.445052
0.455625
0.463897
0.469267
0.471504
0.470742
0.467555
0.462851
0.457767
0.453476
0.451003
0.450945
0.453371
0.45784
0.463483
0.469219
0.473956
0.47673
0.476864
0.474054
0.468478
0.46074
0.451832
0.442979
0.435378
0.429955
0.42716
0.42699
0.429033
0.43259
0.436828
0.440978
0.444509
0.447229
0.449297
0.450992
0.452593
0.45427
0.455943
0.457429
0.458502
0.459037
0.459042
0.458658
0.458164
0.457853
0.457948
0.458636
0.460002
0.46203
0.464618
0.467539
0.470449
0.472952
0.474669
0.475224
0.474413
0.472215
0.468802
0.464522
0.459815
0.455127
0.450958
0.44771
0.445718
0.445242
0.446332
0.448729
0.451897
0.45503
0.457292
0.457966
0.456646
0.45331
0.448327
0.442394
0.436465
0.431574
0.428642
0.428337
0.4309
0.436172
0.443557
0.452244
0.461297
0.469881
0.477266
0.48287
0.48623
0.486994
0.484918
0.479971
0.47237
0.462618
0.451477
0.439988
0.429288
0.420412
0.414209
0.411182
0.411432
0.414601
0.419986
0.426671
0.433616
0.439891
0.444736
0.447631
0.448361
0.447025
0.443977
0.439811
0.435186
0.430826
0.427385
0.42538
0.425126
0.426825
0.430536
0.436142
0.443444
0.452165
0.461945
0.472353
0.482859
0.492878
0.501786
0.508935
0.513819
0.516115
0.515627
0.512401
0.506694
0.498945
0.489565
0.47899
0.46762
0.455803
0.443862
0.432116
0.421005
0.411077
0.403041
0.397572
0.395244
0.396255
0.400394
0.407068
0.415493
0.424797
0.43418
0.442999
0.450733
0.456997
0.461553
0.464298
0.465328
0.464982
0.463769
0.46238
0.461471
0.46149
0.46255
0.464421
0.466573
0.46837
0.469193
0.468648
0.466598
0.463168
0.458684
0.45361
0.44844
0.443611
0.439381
0.435886
0.433166
0.431215
0.430019
0.429622
0.430143
0.431779
0.43468
0.438925
0.4442
0.449876
0.455082
0.458993
0.46105
0.461175
0.459822
0.457793
0.45597
0.455076
0.455416
0.456845
0.458841
0.460835
0.46236
0.463247
0.463496
0.463281
0.462742
0.461868
0.460547
0.458621
0.456118
0.453283
0.450665
0.448835
0.448205
0.448859
0.4506
0.45301
0.455748
0.458574
0.461402
0.464226
0.466978
0.469551
0.471737
0.473183
0.473506
0.472448
0.469846
0.465778
0.460591
0.454782
0.449012
0.443992
0.440393
0.438714
0.439162
0.441641
0.445695
0.450598
0.455452
0.459418
0.46189
0.462499
0.461286
0.4586
0.455026
0.451229
0.447814
0.445184
0.443517
0.442735
0.442543
0.442491
0.44208
0.440878
0.438658
0.435477
0.431637
0.427661
0.424156
0.421679
0.420704
0.421539
0.424345
0.429143
0.435758
0.443881
0.453096
0.46288
0.472632
0.481674
0.489325
0.494928
0.497933
0.497976
0.494945
0.48902
0.480722
0.470838
0.460285
0.450053
0.44109
0.434132
0.429624
0.427645
0.428004
0.430304
0.433968
0.438417
0.443065
0.44745
0.45121
0.454177
0.45632
0.457791
0.458804
0.459637
0.460532
0.461668
0.463148
0.464938
0.466846
0.468595
0.469881
0.470395
0.469929
0.46838
0.465786
0.462318
0.458225
0.453759
0.449276
0.445107
0.441639
0.439243
0.438265
0.438889
0.440948
0.443743
0.446175
0.447056
0.445588
0.441725
0.436409
0.431183
0.427601
0.426562
0.428057
0.431359
0.435481
0.439489
0.442746
0.44493
0.446078
0.446549
0.446926
0.447803
0.449628
0.452494
0.456181
0.460305
0.46442
0.468108
0.470965
0.472737
0.473267
0.472556
0.470717
0.467984
0.464642
0.460915
0.457109
0.453542
0.450663
0.448995
0.449037
0.451098
0.455181
0.460915
0.467538
0.474111
0.479592
0.483086
0.483927
0.481832
0.476859
0.469393
0.46014
0.449961
0.439825
0.430717
0.423564
0.419178
0.418147
0.42073
0.426673
0.435274
0.445538
0.456304
0.466576
0.475526
0.482562
0.487217
0.489254
0.488523
0.485097
0.479147
0.47096
0.460958
0.449728
0.437897
0.426211
0.415493
0.406387
0.399423
0.394853
0.392674
0.392704
0.394687
0.398218
0.402872
0.408232
0.413936
0.41977
0.425716
0.431928
0.43871
0.446343
0.45509
0.465005
0.475922
0.487417
0.498846
0.509443
0.518296
0.524581
0.527686
0.527265
0.523204
0.51572
0.505264
0.492463
0.478051
0.462778
0.447432
0.432752
0.419455
0.408213
0.399569
0.393933
0.391492
0.392192
0.395735
0.401607
0.409141
0.417663
0.426585
0.435485
0.444166
0.452529
0.460454
0.467818
0.474444
0.480132
0.484666
0.487755
0.489189
0.488759
0.486397
0.482253
0.476808
