1.01063
0.981638
0.947245
0.909816
0.871869
0.836044
0.804718
0.779757
0.762376
0.753062
0.751479
0.756492
0.766204
0.778155
0.78979
0.79885
0.80393
0.804721
0.801927
0.79681
0.790705
0.784714
0.779559
0.775771
0.77401
0.77509
0.779811
0.78869
0.801644
0.817894
0.836112
0.854764
0.872468
0.888231
0.901477
0.912006
0.919806
0.924912
0.927186
0.926437
0.922423
0.915029
0.904361
0.890899
0.875337
0.858298
0.840155
0.821004
0.800951
0.780335
0.760211
0.742327
0.728744
0.721243
0.720817
0.727367
0.739689
0.755712
0.773067
0.789472
0.803279
0.813635
0.82061
0.825137
0.828636
0.832673
0.838564
0.847173
0.858854
0.873434
0.890189
0.907773
0.924525
0.938646
0.948453
0.952728
0.950912
0.943093
0.930004
0.912769
0.892787
0.871431
0.849912
0.829094
0.80943
0.791086
0.774148
0.758743
0.745238
0.73437
0.727038
0.724288
0.727001
0.735428
0.748997
0.766363
0.785662
0.804975
0.822862
0.838455
0.85138
0.861594
0.869157
0.874316
0.877587
0.879796
0.882063
0.885584
0.891248
0.899377
0.909457
0.920244
0.929893
0.936424
0.938175
0.934055
0.923763
0.907832
0.88754
0.864701
0.841448
0.81983
0.801498
0.787378
0.777576
0.771483
0.768182
0.766957
0.767752
0.771123
0.777841
0.788081
0.801202
0.815725
0.829924
0.842377
0.852194
0.858987
0.862608
0.862928
0.859705
0.852795
0.84234
0.829049
0.814275
0.799722
0.787264
0.778417
0.774161
0.774779
0.779831
0.78835
0.799087
0.810744
0.822411
0.833581
0.844249
0.854618
0.864798
0.874519
0.883051
0.889271
0.891883
0.889735
0.882217
0.869421
0.85217
0.832093
0.811412
0.792507
0.777589
0.768424
0.766275
0.771768
0.784854
0.804579
0.8288
0.854347
0.877597
0.895444
0.905824
0.907887
0.901901
0.888985
0.87092
0.849826
0.828067
0.808047
0.791898
0.78129
0.776987
0.779006
0.786675
0.798831
0.814039
0.8308
0.84772
0.863593
0.877532
0.888873
0.896989
0.901286
0.901175
0.896299
0.886886
0.87379
0.858491
0.842659
0.827804
0.815069
0.805162
0.798619
0.795806
0.796766
0.801018
0.807647
0.815369
0.822801
0.828845
0.832791
0.834371
0.833571
0.830626
0.82612
0.821109
0.81709
0.815906
0.819197
0.8278
0.841374
0.85836
0.876446
0.893134
0.906379
0.914879
0.918031
0.915729
0.908213
0.896155
0.880702
0.863499
0.846632
0.832254
0.822209
0.817585
0.81843
0.823821
0.83214
0.841265
0.848967
0.853528
0.854086
0.850721
0.844318
0.836165
0.82768
0.820164
0.814673
0.811971
0.81249
0.816313
0.823112
0.832194
0.842544
0.853117
0.862673
0.869936
0.873628
0.872817
0.867183
0.857258
0.844434
0.830573
0.817461
0.80638
0.797737
0.791248
0.786278
0.782252
0.779032
0.776901
0.776446
0.778316
0.782952
0.790458
0.800526
0.812657
0.826209
0.840382
0.854241
0.866673
0.876406
0.882364
0.883993
0.881651
0.876542
0.870254
0.864118
0.858775
0.854207
0.8504
0.847724
0.847024
0.849154
0.854095
0.860796
0.867364
0.871947
0.873188
0.870326
0.863238
0.852272
0.838222
0.822529
0.807556
0.796505
0.792658
0.797817
0.811384
0.83066
0.852023
0.872114
0.888331
0.898817
0.902538
0.899381
0.890076
0.87614
0.859528
0.842381
0.826654
0.813812
0.80469
0.799586
0.798607
0.801936
0.809829
0.822375
0.838965
0.857893
0.876526
0.891703
0.900567
0.901245
0.893307
0.877745
0.856791
0.833567
0.811475
0.793594
0.782129
0.778038
0.781
0.789717
0.802359
0.816756
0.830809
0.842564
0.850402
0.853278
0.851017
0.844262
0.834375
0.822996
0.811644
0.801418
0.792904
0.786291
0.781678
0.779107
0.778717
0.780768
0.785606
0.793542
0.804639
0.818644
0.834884
0.852386
0.869844
0.885856
0.899076
0.908568
0.913864
0.915053
0.912754
0.90777
0.90112
0.893849
0.886877
0.880951
0.876639
0.873982
0.872648
0.871881
0.870583
0.867624
0.862135
0.853874
0.84345
0.832224
0.821667
0.812793
0.805651
0.79955
0.793444
0.786488
0.778398
0.769482
0.760651
0.753187
0.748633
0.74841
0.753387
0.763623
0.778319
0.796097
0.815394
0.834829
0.853243
0.8697
0.883476
0.893946
0.900911
0.904451
0.904951
0.902836
0.898439
0.891811
0.882822
0.871301
0.857359
0.84148
0.824796
0.808876
0.79524
0.784897
0.778161
0.774744
0.774081
0.775823
0.779716
0.785304
0.791837
0.798469
0.80482
0.811051
0.817649
0.825124
0.833541
0.842332
0.850417
0.856508
0.85948
0.858748
0.854564
0.848124
0.841402
0.836814
0.836641
0.842594
0.855369
0.874365
0.897604
0.922045
0.943904
0.95951
0.966088
0.962294
0.948485
0.926448
0.898827
0.86823
0.836505
0.804863
0.774354
0.746367
0.72271
0.705287
0.695576
0.69418
0.700536
0.713005
0.729362
0.747446
0.765664
0.783343
0.800708
0.818493
0.837411
0.857597
0.878252
0.897762
0.914295
0.926186
0.932515
0.93326
0.929214
0.921755
0.912275
0.901739
0.890282
0.877444
0.862647
0.845703
0.827373
0.809525
0.794799
0.785803
0.784227
0.790385
0.803158
0.820282
0.838913
0.856227
0.869854
0.878321
0.881086
0.878468
0.871533
0.861922
0.851598
0.842703
0.83701
0.835456
0.837958
0.843407
0.850081
0.856158
0.860227
0.861564
0.859959
0.855582
0.848827
0.84027
0.830639
0.82078
0.811516
0.803606
0.797683
0.794201
0.793602
0.796138
0.801904
0.810746
0.822197
0.835345
0.848768
0.860698
0.869303
0.873039
0.870952
0.862969
0.850006
0.833845
0.817012
0.802403
0.792881
0.790601
0.796463
0.810091
0.830079
0.854401
0.880749
0.906551
0.929287
0.946633
0.956815
0.958823
0.952535
0.938639
0.918315
0.89308
0.864753
0.835446
0.807706
0.78429
0.767924
0.760558
0.762626
0.772806
0.78835
0.805796
0.821688
0.833328
0.839112
0.83856
0.832315
0.821917
0.809434
0.797023
0.786666
0.779703
0.776871
0.778436
0.784235
0.793833
0.806455
0.821126
0.836665
0.85189
0.865806
0.877753
0.887422
0.894686
0.899579
0.9023
0.903145
0.902369
0.900145
0.896398
0.89082
0.883093
0.873002
0.860712
0.846627
0.831425
0.815922
0.801063
0.78794
0.777637
0.770923
0.768036
0.768646
0.771903
0.776674
0.781908
0.786845
0.79119
0.795052
0.798843
0.803008
0.807818
0.813266
0.819034
0.824666
0.829727
0.833912
0.837104
0.839388
0.841004
0.842079
0.842696
0.842813
0.842356
0.841257
0.839585
0.837477
0.835178
0.833075
0.831528
0.830773
0.830867
0.831742
0.833304
0.835467
0.838391
0.842545
0.848506
0.856687
0.866968
0.878553
0.889927
0.899365
0.905232
0.906318
0.902126
0.892825
0.879222
0.862688
0.844876
0.827519
0.812397
0.801051
0.794528
0.79311
0.79631
0.80315
0.812642
0.824019
0.836865
0.850809
0.865268
0.87934
0.891786
0.901202
0.906329
0.906311
0.901025
0.891143
0.877967
0.863128
0.848239
0.83464
0.823168
0.814093
0.807303
0.802428
0.798912
0.7962
0.793681
0.790909
0.787684
0.784211
0.781086
0.779201
0.779411
0.782241
0.787804
0.795704
0.805045
0.814653
0.823472
0.830787
0.836365
0.840585
0.844106
0.84759
0.851379
0.855385
0.859209
0.862212
0.863906
0.864091
0.863035
0.861515
0.860796
0.862157
0.866375
0.873332
0.881981
0.89058
0.897319
0.900818
0.900306
0.89573
0.887607
0.876767
0.864261
0.851221
0.838731
0.827571
0.818184
0.81064
0.804871
0.800892
0.798862
0.799189
0.802241
0.807892
0.815433
0.823607
0.83086
0.83568
0.837008
0.834537
0.828809
0.821192
0.813558
0.807762
0.804939
0.805236
0.807885
0.811685
0.815463
0.818508
0.820643
0.822056
0.82316
0.824221
0.825415
0.82677
0.828369
0.830386
0.833136
0.83697
0.842105
0.848432
0.855428
0.862023
0.866774
0.86822
0.865261
0.857727
0.846574
0.833829
0.822171
0.814065
0.81113
0.813685
0.821105
0.832004
0.844862
0.858288
0.871036
0.881882
0.889729
0.893762
0.893718
0.889972
0.883349
0.874865
0.86538
0.855429
0.845228
0.834921
0.824755
0.815322
0.807548
0.802434
0.800782
0.802934
0.808545
0.81646
0.82502
0.83244
0.837303
0.838944
0.837668
0.834458
0.830589
0.827166
0.824855
0.823864
0.824072
0.825023
0.826033
0.826386
0.825552
0.823344
0.820303
0.817544
0.81662
0.819112
0.826018
0.837321
0.851832
0.867533
0.882038
0.893269
0.900057
0.902497
0.901771
0.899738
0.898216
0.898168
0.899173
0.89975
0.897929
0.891918
0.88066
0.864051
0.842947
0.818904
0.793939
0.770175
0.749605
0.733754
0.723748
0.720357
0.724005
0.734515
0.750803
0.770874
0.792134
0.811954
0.828346
0.840292
0.847796
0.85165
0.853138
0.853633
0.854273
0.855702
0.857966
0.860754
0.863489
0.865587
0.866627
0.866402
0.864994
0.862833
0.860633
0.859347
0.859967
0.86321
0.869335
0.87799
0.88817
0.8984
0.907098
0.912701
0.91398
0.910161
0.90098
0.886586
0.867675
0.845395
0.821261
0.797058
0.774701
0.756054
0.742712
0.735863
0.736028
0.742905
0.755347
0.771756
0.790376
0.809646
0.82823
0.84506
0.859304
0.870424
0.878222
0.882725
0.884188
0.883101
0.879981
0.87536
0.869761
0.863711
0.857612
0.851677
0.846178
0.841293
0.837156
0.833768
0.830911
0.828312
0.825868
0.823743
0.82228
0.821738
0.822093
0.823059
0.824208
0.825082
0.825374
0.824945
0.823991
0.82318
0.823559
0.826227
0.831859
0.840057
0.849085
0.856543
0.860241
0.858924
0.852438
0.841694
0.828353
0.81456
0.802537
0.794355
0.791588
0.795111
0.80493
0.82009
0.83895
0.859458
0.879389
0.896816
0.910348
0.91926
0.923522
0.923519
0.919651
0.912127
0.900904
0.885874
0.867103
0.845101
0.820859
0.795967
0.77234
0.751985
0.73655
0.727005
0.723516
0.725499
0.731906
0.741595
0.753509
0.766967
0.781722
0.797823
0.815319
0.833997
0.853279
0.872151
0.889393
0.903837
0.914774
0.921848
0.925177
0.925249
0.922717
0.918156
0.91207
