              1      -0.712352      -0.712352              0
              2      -0.714032      -0.713192     0.00059397
              3      -0.708256      -0.711547     0.00140055
              4      -0.707904      -0.710636     0.00131353
              5      -0.707888      -0.710086     0.00116012
              6       -0.71412      -0.710759      0.0011451
              7      -0.711952      -0.710929    0.000994123
              8        -0.7144      -0.711363    0.000959873
              9       -0.71088      -0.711309    0.000854719
             10       -0.70772       -0.71095    0.000841244
             11       -0.71164      -0.711013      0.0007671
             12      -0.706568      -0.710643    0.000787549
             13      -0.709488      -0.710554     0.00073196
             14      -0.711184      -0.710599     0.00068106
             15      -0.705544      -0.710262    0.000714178
             16      -0.709072      -0.710187    0.000673403
             17      -0.707216      -0.710013    0.000656084
             18       -0.70756      -0.709876    0.000633627
             19      -0.707832      -0.709769    0.000609346
             20      -0.707168      -0.709639    0.000592593
              1      -0.711216      -0.711216              0
              2      -0.713672      -0.712444    0.000868327
              3      -0.708304      -0.711064     0.00126677
              4       -0.70772      -0.710228      0.0011945
              5      -0.707928      -0.709768     0.00104041
              6      -0.713248      -0.710348     0.00101589
              7      -0.711416      -0.710501    0.000882145
              8      -0.713256      -0.710845    0.000836418
              9      -0.710704      -0.710829     0.00074363
             10      -0.707584      -0.710505    0.000736687
             11      -0.712984       -0.71073    0.000703348
             12      -0.706768        -0.7104    0.000718066
             13      -0.710256      -0.710389    0.000662916
             14      -0.710248      -0.710379    0.000615641
             15      -0.705888      -0.710079     0.00064329
             16      -0.709144      -0.710021    0.000605735
             17      -0.707456       -0.70987    0.000588596
             18      -0.707416      -0.709734    0.000571468
             19      -0.708216      -0.709654    0.000546946
             20      -0.708264      -0.709584    0.000523995
