              1        5.55488        5.55488              0
              2        4.81832         5.1866       0.260413
              3        5.61667        5.32996       0.209381
              4        5.37888        5.34219       0.157392
              5        5.31413        5.33658       0.126014
              6        5.75904        5.40699       0.123122
              7        5.27894        5.38869       0.106883
              8        5.08202        5.35036       0.100162
              9        4.98719        5.31001      0.0968204
             10         5.0716        5.28617      0.0900257
             11        5.05211        5.26489      0.0843187
             12        5.33623        5.27083      0.0775014
             13        5.31968        5.27459      0.0716308
             14        5.05914         5.2592      0.0681475
             15        4.86375        5.23284      0.0685144
             16        5.15173        5.22777      0.0644195
             17        4.99615        5.21414      0.0620542
             18         5.3379        5.22102      0.0589864
             19        5.01547         5.2102      0.0568653
             20        4.61102        5.18024      0.0614088
              1        5.54738        5.54738              0
              2        4.82774        5.18756       0.254431
              3        5.61187          5.329       0.205202
              4        5.39412        5.34528       0.154546
              5        5.32569        5.34136       0.123686
              6        5.74813        5.40915       0.120224
              7         5.2739        5.38983       0.104591
              8        5.03834        5.34589       0.100322
              9         4.9967         5.3071      0.0963862
             10        5.08617          5.285      0.0892436
             11        5.07939        5.26631       0.083065
             12        5.31303         5.2702      0.0762341
             13        5.31298        5.27349      0.0704409
             14        5.06974        5.25894       0.066896
             15        4.87904        5.23361      0.0670595
             16        5.13801        5.22764      0.0631339
             17         5.0324        5.21615      0.0604557
             18        5.34733        5.22344      0.0575346
             19        5.02341        5.21291      0.0554613
             20        4.60625        5.18258      0.0604164
