              1       0.130504       0.130504              0
              2       0.096844       0.113674      0.0119006
              3        0.09266       0.106669     0.00978031
              4       0.119428       0.109859     0.00783812
              5       0.129412        0.11377     0.00718007
              6       0.098364       0.111202      0.0064261
              7       0.067976       0.105027     0.00793876
              8       0.100812         0.1045     0.00696387
              9       0.088336       0.102704     0.00641753
             10       0.072676      0.0997012     0.00644009
             11       0.093644      0.0991505     0.00587812
             12       0.088808      0.0982887      0.0054511
             13       0.088268      0.0975178     0.00508599
             14       0.106404      0.0981526     0.00476215
             15        0.13458       0.100581     0.00502588
             16       0.122228       0.101934     0.00489048
             17       0.098644        0.10174     0.00460663
             18       0.096288       0.101438     0.00436065
             19        0.09868       0.101292     0.00413356
             20       0.102524       0.101354     0.00392734
              1       0.130244       0.130244              0
              2       0.097416        0.11383      0.0116065
              3       0.092048       0.106569     0.00974761
              4       0.119184       0.109723      0.0078042
              5         0.1288       0.113538     0.00711515
              6       0.098376       0.111011     0.00636225
              7       0.068556       0.104946     0.00782745
              8        0.10112       0.104468     0.00686361
              9        0.08842       0.102685     0.00632837
             10       0.072596       0.099676     0.00637081
             11       0.093508      0.0991153     0.00581627
             12       0.089296       0.098297     0.00538883
             13       0.088856      0.0975708       0.005023
             14       0.105252      0.0981194     0.00469409
             15        0.13452       0.100546     0.00496898
             16       0.121768       0.101873      0.0048322
             17       0.098416       0.101669     0.00455223
             18        0.09796       0.101463     0.00430399
             19       0.097896       0.101275     0.00408156
             20       0.102264       0.101325     0.00387778
