              1       0.385743       0.385743              0
              2       0.383866       0.384804    0.000663504
              3         0.3903       0.386636     0.00155968
              4        0.39069       0.387649     0.00146243
              5       0.390708       0.388261     0.00129153
              6       0.383767       0.387512     0.00127507
              7       0.386189       0.387323     0.00110684
              8       0.383454       0.386839     0.00106893
              9       0.387383         0.3869    0.000951866
             10       0.390894       0.387299    0.000936733
             11       0.386537        0.38723    0.000854138
             12        0.39217       0.387642    0.000876565
             13       0.388932       0.387741    0.000814734
             14       0.387045       0.387691    0.000758055
             15       0.393302       0.388065    0.000794473
             16       0.389394       0.388148    0.000749145
             17       0.391452       0.388343    0.000729855
             18       0.391071       0.388494    0.000704875
             19        0.39077       0.388614    0.000677875
             20       0.391506       0.388759    0.000659219
              1       0.387009       0.387009              0
              2       0.384268       0.385639    0.000968963
              3       0.390246       0.387175     0.00141062
              4       0.390894       0.388104     0.00132956
              5       0.390663       0.388616     0.00115797
              6       0.384742        0.38797     0.00113074
              7       0.386786       0.387801    0.000981782
              8       0.384733       0.387418    0.000930954
              9       0.387579       0.387436    0.000827688
             10       0.391045       0.387797     0.00081983
             11       0.385037       0.387546    0.000782743
             12       0.391948       0.387913    0.000798886
             13       0.388078       0.387925    0.000737534
             14       0.388087       0.387937    0.000684943
             15       0.392922       0.388269     0.00071538
             16       0.389314       0.388334    0.000673641
             17       0.391186       0.388502    0.000654572
             18       0.391231       0.388654    0.000635517
             19       0.390344       0.388743    0.000608262
             20       0.390291        0.38882    0.000582751
