              1        0.06588        0.06588              0
              2       0.065348       0.065614     0.00018809
              3       0.074184      0.0684707     0.00233583
              4       0.066108        0.06788     0.00182502
              5       0.049144      0.0641328      0.0036558
              6       0.076408      0.0661787     0.00357339
              7       0.058412      0.0650691     0.00323057
              8       0.069532       0.065627     0.00287451
              9       0.063628      0.0654049     0.00256369
             10       0.060796       0.064944     0.00234838
             11       0.055772      0.0641102     0.00227812
             12       0.073888       0.064925     0.00222923
             13       0.062024      0.0647018     0.00206889
             14       0.046328      0.0633894     0.00230002
             15       0.045716      0.0622112      0.0024298
             16        0.05686      0.0618767     0.00230084
             17       0.080252      0.0629576     0.00240603
             18       0.064908       0.063066      0.0022748
             19       0.044832      0.0621063      0.0023488
             20       0.072012      0.0626016     0.00228298
              1        0.04972        0.04972              0
              2       0.052276       0.050998    0.000903682
              3       0.052404      0.0514667    0.000713712
              4       0.063368       0.054442     0.00263173
              5       0.052544      0.0540624     0.00213258
              6       0.050948      0.0535433     0.00183924
              7       0.079236      0.0572137       0.003746
              8       0.050392       0.056361      0.0033734
              9        0.06064      0.0568364      0.0030319
             10        0.05578      0.0567308     0.00273055
             11       0.062256      0.0572331      0.0025281
             12       0.063776      0.0577783     0.00237549
             13         0.0594      0.0579031     0.00219603
             14        0.05076      0.0573929     0.00209761
             15       0.050956      0.0569637     0.00200118
             16       0.045384        0.05624     0.00200271
             17        0.04206      0.0554059     0.00205126
             18       0.056532      0.0554684     0.00193826
             19       0.070688      0.0562695     0.00199491
             20       0.060776      0.0564948     0.00190785
