              1       0.309174       0.309174              0
              2       0.312711       0.310943     0.00125032
              3       0.311275       0.311053    0.000838442
              4       0.311581       0.311185    0.000639141
              5       0.312805       0.311509    0.000587669
              6       0.311346       0.311482    0.000490356
              7       0.307224       0.310874    0.000702753
              8       0.311855       0.310996    0.000625517
              9       0.310288       0.310918    0.000560948
             10       0.310288       0.310855    0.000508377
             11       0.310576       0.310829    0.000462791
             12       0.308918        0.31067    0.000450799
             13       0.311025       0.310697    0.000416948
             14       0.310609       0.310691    0.000387213
             15       0.308742       0.310561    0.000382572
             16       0.309696       0.310507    0.000362463
             17       0.308875       0.310411    0.000353622
             18       0.310803       0.310433    0.000334646
             19       0.309843       0.310402     0.00031847
             20       0.312462       0.310505    0.000318768
              1         0.3116         0.3116              0
              2       0.312636       0.312118    0.000366041
              3       0.310911       0.311716    0.000409094
              4       0.310987       0.311534     0.00034501
              5       0.312786       0.311784     0.00035548
              6       0.312805       0.311954    0.000334466
              7       0.309094       0.311546    0.000474684
              8       0.310708       0.311441    0.000426726
              9       0.311954       0.311498    0.000383095
             10       0.310207       0.311369     0.00036588
             11       0.309065       0.311159     0.00038795
             12       0.311525        0.31119    0.000356814
             13       0.313438       0.311363     0.00036891
             14       0.312377       0.311435      0.0003496
             15       0.309293       0.311292    0.000354267
             16       0.310524       0.311244    0.000335364
             17       0.311718       0.311272    0.000316792
             18       0.311902       0.311307    0.000301117
             19       0.310642       0.311272    0.000287295
             20       0.310311       0.311224    0.000276919
