              1        2.90261        2.90261              0
              2         2.8643        2.88345      0.0135428
              3        2.80543        2.85745      0.0230761
              4        2.85692        2.85731      0.0173074
              5        2.69837        2.82552      0.0316253
              6        2.82541         2.8255      0.0263544
              7        2.70933        2.80891      0.0273198
              8          2.773        2.80442      0.0242708
              9        2.77497        2.80115      0.0217935
             10        2.87458        2.80849      0.0208145
             11        2.72429        2.80084       0.020281
             12        2.85428        2.80529      0.0190736
             13         2.9012        2.81267      0.0189796
             14        2.93284        2.82125      0.0194686
             15        2.81768        2.82101      0.0181721
             16        3.01778        2.83331      0.0207853
             17        3.03453        2.84515      0.0226838
             18        2.92463        2.84956      0.0218491
             19        2.85193        2.84969      0.0206995
             20         2.8273        2.84857      0.0196948
              1        2.78544        2.78544              0
              2        2.75159        2.76851      0.0119704
              3        2.88038         2.8058      0.0314745
              4        2.73792        2.78883      0.0278074
              5        2.73761        2.77859       0.024059
              6        2.68553        2.76308      0.0245446
              7        2.86622        2.77781      0.0250736
              8        2.77236        2.77713      0.0219486
              9        2.82345        2.78228      0.0201041
             10        2.76684        2.78073      0.0181529
             11        2.86855        2.78872      0.0181734
             12        2.91312        2.79908      0.0193917
             13        2.66384        2.78868      0.0205017
             14        2.70349        2.78259      0.0199199
             15        2.91147        2.79119      0.0203607
             16        3.02046        2.80552      0.0235981
             17        2.77148        2.80351      0.0222947
             18        2.91449        2.80968       0.021892
             19         2.8251        2.81049      0.0207548
             20        2.88756        2.81434      0.0200716
