              1       -0.60644       -0.60644              0
              2      -0.600448      -0.603444     0.00211849
              3      -0.602888      -0.603259     0.00142041
              4      -0.602368      -0.603036     0.00108262
              5      -0.600288      -0.602486    0.000995877
              6      -0.602768      -0.602533    0.000831003
              7       -0.60972       -0.60356     0.00118778
              8      -0.601904      -0.603353     0.00105719
              9       -0.60456      -0.603487    0.000948194
             10       -0.60456      -0.603594    0.000859423
             11      -0.604072      -0.603638    0.000782389
             12      -0.606872      -0.603907    0.000762199
             13      -0.603312      -0.603862    0.000704943
             14      -0.604016      -0.603873    0.000654676
             15      -0.607168      -0.604092    0.000646844
             16       -0.60556      -0.604184    0.000612886
             17      -0.606944      -0.604346    0.000597951
             18      -0.603688       -0.60431    0.000565849
             19      -0.605312      -0.604363    0.000538521
             20      -0.600872      -0.604188    0.000539134
              1      -0.602336      -0.602336              0
              2      -0.600576      -0.601456    0.000622254
              3      -0.603504      -0.602139    0.000694822
              4      -0.603376      -0.602448    0.000585942
              5       -0.60032      -0.602022    0.000603853
              6      -0.600288      -0.601733    0.000568202
              7      -0.606576      -0.602425    0.000804629
              8      -0.603848      -0.602603     0.00072344
              9      -0.601736      -0.602507     0.00064944
             10      -0.604696      -0.602726    0.000620302
             11      -0.606624       -0.60308    0.000657401
             12      -0.602464      -0.603029    0.000604619
             13      -0.599208      -0.602735    0.000625474
             14      -0.601016      -0.602612    0.000592724
             15       -0.60624      -0.602854    0.000600533
             16       -0.60416      -0.602935    0.000568521
             17      -0.602136      -0.602888     0.00053702
             18      -0.601824      -0.602829    0.000510431
             19       -0.60396      -0.602889    0.000487023
             20       -0.60452       -0.60297    0.000469451
