              1       -0.91944       -0.91944              0
              2       -0.92956        -0.9245     0.00357796
              3      -0.929976      -0.926325     0.00281264
              4       -0.92088      -0.924964     0.00241657
              5      -0.922576      -0.924486     0.00197989
              6      -0.926656      -0.924848      0.0016826
              7      -0.923536      -0.924661     0.00145263
              8      -0.923472      -0.924512     0.00127863
              9      -0.924824      -0.924547     0.00113703
             10      -0.921168      -0.924209     0.00107235
             11      -0.923008        -0.9241    0.000980405
             12      -0.932736      -0.924819     0.00113246
             13      -0.934408      -0.925557     0.00126291
             14       -0.92708      -0.925666     0.00117738
             15      -0.923008      -0.925489     0.00111214
             16      -0.922296      -0.925289     0.00106038
             17      -0.919272      -0.924935     0.00105542
             18      -0.924248      -0.924897    0.000997478
             19      -0.927064      -0.925011    0.000951478
             20      -0.937496      -0.925635     0.00108961
              1      -0.920616      -0.920616              0
              2       -0.92936      -0.924988     0.00309147
              3        -0.9298      -0.926592      0.0024419
              4      -0.920592      -0.925092     0.00224535
              5      -0.922736      -0.924621     0.00184506
              6      -0.926608      -0.924952       0.001567
              7       -0.92388      -0.924799      0.0013506
              8      -0.923496      -0.924636     0.00119155
              9      -0.924856       -0.92466     0.00105941
             10      -0.921248      -0.924319     0.00100693
             11      -0.923072      -0.924206    0.000921752
             12      -0.932688      -0.924913     0.00108255
             13      -0.934392      -0.925642     0.00122039
             14      -0.926832      -0.925727     0.00113618
             15      -0.923176      -0.925557     0.00107309
             16      -0.922232      -0.925349     0.00102594
             17      -0.919736      -0.925019     0.00101733
             18      -0.924168      -0.924972    0.000961914
             19      -0.927176      -0.925088    0.000918257
             20       -0.93736      -0.925701     0.00105768
