              1       0.402263       0.402263              0
              2       0.353585       0.377924      0.0172103
              3       0.351573       0.369141      0.0135307
              4       0.395369       0.375698      0.0116288
              5       0.387236       0.378005     0.00952929
              6       0.367608       0.376273      0.0080971
              7       0.382626        0.37718     0.00699105
              8       0.382933       0.377899     0.00615404
              9       0.376432       0.377736     0.00547241
             10       0.393989       0.379362     0.00516089
             11       0.385162       0.379889     0.00471858
             12       0.338199       0.376415     0.00545646
             13       0.330077        0.37285     0.00609068
             14       0.365564        0.37233     0.00567783
             15       0.385162       0.373185     0.00536337
             16        0.38858       0.374147     0.00511373
             17       0.403067       0.375849     0.00508802
             18       0.379203       0.376035     0.00480876
             19       0.365641       0.375488     0.00458668
             20        0.31504       0.372465     0.00525972
              1       0.396634       0.396634              0
              2       0.354553       0.375593      0.0148781
              3       0.352424        0.36787      0.0117535
              4       0.396749        0.37509      0.0108074
              5       0.386468       0.377366     0.00888223
              6        0.36784       0.375778     0.00754241
              7       0.380972        0.37652     0.00650133
              8       0.382818       0.377307     0.00573612
              9       0.376278       0.377193     0.00509991
             10       0.393606       0.378834     0.00484684
             11       0.384855       0.379382     0.00443701
             12       0.338432       0.375969     0.00521702
             13       0.330155       0.372445     0.00588688
             14        0.36676       0.372039     0.00548038
             15       0.384355        0.37286     0.00517616
             16       0.388887       0.373862     0.00494863
             17       0.400847       0.375449     0.00490553
             18       0.379588       0.375679     0.00463838
             19       0.365101       0.375122     0.00442755
             20       0.315703       0.372151     0.00510658
