              1        37.2867        37.2867              0
              2        40.4708        38.8788        1.12572
              3        43.3616         40.373        1.43241
              4        36.6798        39.4497        1.33922
              5        37.5607        39.0719         1.1234
              6        37.8508        38.8684       0.954426
              7        34.3713         38.226        1.01145
              8        37.5306         38.139       0.888742
              9        41.5567        38.5188       0.867333
             10        38.5813         38.525       0.780622
             11        37.9642         38.474       0.711319
             12        42.8303        38.8371       0.738894
             13        42.1046        39.0884       0.723544
             14        38.0599         39.015       0.675582
             15        35.7362        38.7964       0.664965
             16        35.6287        38.5984        0.65221
             17        38.2339         38.577       0.614197
             18        35.7818        38.4217       0.599385
             19        39.0199        38.4532       0.568665
             20        47.1072        38.8859       0.685361
              1        37.8125        37.8125              0
              2        40.4493        39.1309       0.932231
              3        43.3533        40.5384        1.30648
              4         36.659        39.5685        1.29057
              5        37.5564        39.1661         1.0934
              6        37.8276         38.943       0.933648
              7        34.4062        38.2949        1.00024
              8        37.4656        38.1912       0.880568
              9        41.5585        38.5654       0.858538
             10        38.5927        38.5681       0.772688
             11        37.9757        38.5143       0.704318
             12        42.8264        38.8736       0.731573
             13        42.0996        39.1218       0.716151
             14        38.0541        39.0455       0.669046
             15        35.7701        38.8271       0.659114
             16         35.617        38.6265       0.647737
             17        38.2551        38.6047       0.610003
             18        35.7905        38.4483       0.595812
             19        39.0027        38.4775       0.565168
             20        47.1063        38.9089       0.681987
