              1       0.691156       0.691156              0
              2         0.6962       0.693678     0.00178332
              3       0.684168       0.690508     0.00284828
              4       0.726152       0.699419     0.00800736
              5       0.803472        0.72023       0.019685
              6       0.550868       0.692003      0.0305461
              7       0.724448       0.696638      0.0265317
              8       0.474308       0.668846      0.0348533
              9        0.55282       0.655955      0.0332797
             10        0.68322       0.658681      0.0300632
             11       0.646084       0.657536       0.027352
             12       0.601448       0.652862      0.0254689
             13       0.723744       0.658314      0.0240863
             14       0.714316       0.662315      0.0226956
             15       0.608188       0.658706      0.0214675
             16       0.701688       0.661393      0.0202932
             17       0.707052       0.664078      0.0192764
             18       0.564464       0.658544      0.0189833
             19       0.677508       0.659542      0.0180104
             20       0.581468       0.655639      0.0175278
              1       0.706608       0.706608              0
              2        0.69632       0.701464     0.00363736
              3       0.684284       0.695737     0.00526719
              4       0.725896       0.703277     0.00763155
              5       0.803568       0.723335       0.018951
              6       0.550756       0.694572      0.0306404
              7       0.724424       0.698837      0.0265584
              8       0.474468        0.67079       0.035047
              9       0.552712       0.657671      0.0335187
             10       0.683332       0.660237      0.0302649
             11       0.646432       0.658982      0.0275396
             12       0.601888       0.654224      0.0256523
             13        0.72386       0.659581      0.0242319
             14       0.714088       0.663474      0.0228117
             15       0.608252       0.659793      0.0215859
             16       0.701772       0.662416      0.0203956
             17       0.706952       0.665036      0.0193634
             18       0.564988       0.659478      0.0190687
             19       0.677576        0.66043      0.0180889
             20       0.580728       0.656445      0.0176179
