              1       -0.59228       -0.59228              0
              2      -0.595208      -0.593744      0.0010352
              3      -0.596984      -0.594824     0.00111977
              4      -0.591688       -0.59404     0.00107996
              5      -0.592464      -0.593725    0.000908799
              6      -0.594928      -0.593925    0.000779143
              7      -0.592936      -0.593784    0.000680535
              8      -0.596904      -0.594174    0.000698333
              9      -0.594456      -0.594205    0.000621443
             10      -0.593944      -0.594179    0.000559848
             11      -0.596968      -0.594433    0.000563441
             12      -0.595608      -0.594531    0.000524931
             13      -0.594776       -0.59455    0.000484891
             14      -0.595376      -0.594609    0.000453835
             15      -0.590824      -0.594356    0.000488706
             16      -0.593568      -0.594307    0.000460638
             17      -0.594112      -0.594296    0.000433685
             18      -0.593112       -0.59423    0.000414545
             19      -0.595112      -0.594276    0.000395319
             20        -0.5978      -0.594452    0.000412954
              1      -0.595472      -0.595472              0
              2      -0.594328        -0.5949    0.000404465
              3      -0.593608      -0.594469    0.000443122
              4      -0.595096      -0.594626    0.000358969
              5       -0.59244      -0.594189    0.000485165
              6      -0.595656      -0.594433    0.000461836
              7      -0.598064      -0.594952    0.000622325
              8      -0.592224      -0.594611    0.000631082
              9       -0.59604       -0.59477    0.000580592
             10      -0.597248      -0.595018    0.000572987
             11      -0.596328      -0.595137    0.000533137
             12      -0.596608      -0.595259     0.00050261
             13      -0.594352       -0.59519    0.000468768
             14      -0.594464      -0.595138     0.00043814
             15      -0.597808      -0.595316    0.000443624
             16      -0.593264      -0.595187    0.000434036
             17      -0.591408      -0.594965    0.000461948
             18      -0.594688       -0.59495    0.000436541
             19      -0.593336      -0.594865    0.000421747
             20      -0.594952      -0.594869    0.000400682
