              1       0.304562       0.304562              0
              2       0.302931       0.303746      0.0005767
              3       0.301938       0.303143    0.000624651
              4       0.304891        0.30358    0.000602165
              5        0.30446       0.303756    0.000506769
              6       0.303087       0.303645      0.0004344
              7       0.304197       0.303724    0.000379448
              8       0.301982       0.303506    0.000389472
              9       0.303351       0.303489     0.00034658
             10       0.303636       0.303503    0.000312235
             11       0.301947       0.303362    0.000314297
             12       0.302707       0.303307      0.0002928
             13       0.303172       0.303297    0.000270462
             14       0.302837       0.303264    0.000253131
             15        0.30537       0.303405    0.000272425
             16       0.303845       0.303432    0.000256789
             17       0.303542       0.303439    0.000241765
             18       0.304099       0.303475    0.000231104
             19       0.302984       0.303449     0.00022038
             20        0.30148       0.303351    0.000230309
              1       0.302783       0.302783              0
              2       0.303422       0.303103    0.000225761
              3       0.303823       0.303343    0.000247202
              4       0.302993       0.303255    0.000200244
              5       0.304473       0.303499    0.000270378
              6       0.302681       0.303363    0.000257434
              7       0.301332       0.303073    0.000347582
              8       0.304593       0.303263    0.000352293
              9       0.302466       0.303174     0.00032408
             10        0.30179       0.303036    0.000319879
             11       0.302305       0.302969    0.000297619
             12       0.302148       0.302901    0.000280573
             13       0.303409        0.30294    0.000261695
             14       0.303346       0.302969    0.000244606
             15       0.301476       0.302869    0.000247728
             16       0.304015       0.302941    0.000242368
             17       0.305046       0.303065    0.000257817
             18       0.303221       0.303073    0.000243641
             19       0.303975       0.303121    0.000235389
             20       0.303074       0.303119    0.000223632
