              1        2.62156        2.62156              0
              2        2.71442        2.66799       0.032833
              3        2.73481        2.69026      0.0284582
              4        2.67739        2.68704      0.0215249
              5        2.62224        2.67408      0.0207583
              6        2.70428        2.67912      0.0178985
              7        2.71718        2.68455      0.0161463
              8        2.77048        2.69529       0.017336
              9        2.83486         2.7108      0.0212419
             10        2.72387        2.71211      0.0191578
             11        2.73504        2.71419      0.0175292
             12        2.67351         2.7108      0.0163931
             13          2.585        2.70112      0.0177602
             14        2.73203        2.70333      0.0166283
             15        2.74248        2.70594      0.0157231
             16        2.55688        2.69663      0.0172815
             17        2.63202        2.69283      0.0166776
             18         2.6426        2.69003      0.0159828
             19        2.69079        2.69007      0.0151416
             20        2.62396        2.68677       0.014741
              1        2.68758        2.68758              0
              2        2.72038        2.70398      0.0115966
              3        2.59529        2.66775      0.0305753
              4        2.67018        2.66835      0.0229375
              5        2.64973        2.66463      0.0186501
              6        2.51235        2.63925      0.0278991
              7        2.91805        2.67908      0.0439496
              8        2.65643        2.67625       0.038547
              9        2.65517         2.6739       0.034335
             10        2.67948        2.67446      0.0309061
             11        2.82948        2.68855      0.0311441
             12        2.81608        2.69918      0.0303077
             13        2.54592        2.68739      0.0301823
             14        2.68871        2.68749      0.0280265
             15        2.68519        2.68733      0.0261585
             16        2.60236        2.68202       0.025057
             17        2.79038         2.6884      0.0243803
             18        2.76182        2.69248      0.0233646
             19        2.52272        2.68354       0.023782
             20        2.70484        2.68461      0.0226167
