              1       0.039004       0.039004              0
              2       0.051108       0.045056     0.00427941
              3       0.064056      0.0513893     0.00590593
              4       0.045004       0.049793     0.00464017
              5       0.048664      0.0495672     0.00371763
              6        0.05332      0.0501927      0.0031502
              7       0.041096      0.0488931     0.00295608
              8       0.054656      0.0496135      0.0026729
              9         0.0542      0.0501231     0.00242401
             10       0.058824      0.0509932     0.00233254
             11       0.053384      0.0512105      0.0021306
             12       0.040188       0.050292     0.00214192
             13       0.054344      0.0506037      0.0019997
             14       0.051436      0.0506631     0.00185775
             15       0.040224      0.0499672     0.00185969
             16       0.058028       0.050471     0.00181042
             17         0.0539      0.0506727     0.00171512
             18       0.062916      0.0513529     0.00174952
             19       0.048284      0.0511914     0.00166488
             20        0.05702      0.0514828     0.00160694
              1       0.051836       0.051836              0
              2       0.044628       0.048232     0.00254841
              3       0.062456      0.0529733     0.00422767
              4       0.065528       0.056112     0.00417638
              5       0.057468      0.0563832     0.00334989
              6       0.063444        0.05756     0.00299115
              7       0.069644      0.0592863     0.00302119
              8       0.062844       0.059731     0.00267608
              9        0.07574      0.0615098     0.00291047
             10       0.048944      0.0602532     0.00287793
             11       0.053544      0.0596433     0.00268015
             12        0.04078      0.0580713     0.00288114
             13       0.037372      0.0564791     0.00306811
             14       0.026912      0.0543671     0.00350118
             15       0.048324      0.0539643     0.00329086
             16       0.047116      0.0535363     0.00311289
             17       0.060452      0.0539431     0.00295624
             18       0.041192      0.0532347     0.00287563
             19       0.043044      0.0526983     0.00277385
             20        0.03694      0.0519104     0.00274478
