              1       0.317122       0.317122              0
              2        0.31901       0.318066    0.000667719
              3        0.31847       0.318201    0.000458539
              4       0.319644       0.318562    0.000464723
              5       0.317588       0.318367    0.000410521
              6       0.319355       0.318532    0.000373665
              7       0.314795       0.317998    0.000588961
              8       0.318265       0.318031    0.000516287
              9       0.316674        0.31788    0.000480425
             10       0.316599       0.317752    0.000449146
             11       0.318675       0.317836    0.000416079
             12       0.320053       0.318021    0.000420429
             13         0.3189       0.318089    0.000393492
             14       0.319115       0.318162    0.000372155
             15       0.316664       0.318062    0.000360487
             16       0.322299       0.318327    0.000424216
             17       0.318425       0.318333    0.000399302
             18       0.317413       0.318282    0.000380374
             19       0.315794       0.318151     0.00038223
             20       0.317799       0.318133    0.000363522
              1       0.318725       0.318725              0
              2       0.318445       0.318585    9.90499e-05
              3        0.31843       0.318534    7.83717e-05
              4       0.320063       0.318916    0.000336362
              5       0.316574       0.318448    0.000497933
              6       0.316448       0.318114    0.000514505
              7       0.317824       0.318073    0.000442671
              8       0.321347       0.318482    0.000544586
              9        0.31676       0.318291    0.000516601
             10       0.317423       0.318204    0.000472175
             11       0.317794       0.318167    0.000430718
             12       0.317919       0.318146    0.000395318
             13       0.316906       0.318051    0.000376248
             14       0.317056        0.31798    0.000356013
             15       0.315587        0.31782    0.000366274
             16       0.319485       0.317924    0.000357852
             17       0.317869       0.317921    0.000336817
             18        0.31848       0.317952    0.000319534
             19       0.316886       0.317896    0.000307607
             20       0.317463       0.317874    0.000292987
