              1       0.061424       0.061424              0
              2       0.051284       0.056354     0.00358503
              3       0.074972        0.06256     0.00560254
              4        0.06844        0.06403     0.00439052
              5       0.062532      0.0637304     0.00352263
              6       0.045116       0.060628     0.00407897
              7       0.055824      0.0599417     0.00355353
              8       0.052984       0.059072     0.00321401
              9       0.065488      0.0597849     0.00293489
             10       0.063328      0.0601392      0.0026627
             11       0.053996      0.0595807     0.00247851
             12       0.041516      0.0580753     0.00269058
             13        0.06108      0.0583065     0.00249352
             14       0.069364      0.0590963     0.00243729
             15       0.049592      0.0584627     0.00235573
             16       0.076452       0.059587     0.00246223
             17       0.061232      0.0596838     0.00231929
             18       0.068176      0.0601556     0.00223791
             19       0.056976      0.0599882     0.00212638
             20       0.072948      0.0606362     0.00211649
              1        0.07036        0.07036              0
              2       0.050204       0.060282     0.00712622
              3       0.057992      0.0595187     0.00479152
              4       0.043488       0.055511     0.00499603
              5       0.060892      0.0565872      0.0041111
              6       0.054916      0.0563087     0.00343534
              7       0.055124      0.0561394     0.00294874
              8       0.052412      0.0556735      0.0026167
              9       0.065812         0.0568     0.00255697
             10        0.06302       0.057422     0.00237572
             11       0.053344      0.0570513     0.00218848
             12        0.04032       0.055657     0.00240966
             13       0.060664      0.0560422     0.00225487
             14       0.068892        0.05696     0.00227295
             15       0.049488      0.0564619     0.00217532
             16       0.077044      0.0577482     0.00238964
             17       0.061848      0.0579894     0.00226121
             18       0.067284      0.0585058     0.00219375
             19       0.055692      0.0583577     0.00208328
             20       0.073864       0.059133     0.00211848
