              1         2.9186         2.9186              0
              2        2.93615        2.92737     0.00620436
              3        2.92034        2.92503     0.00455815
              4        2.87751        2.91315      0.0108415
              5        2.96342         2.9232      0.0124934
              6        2.99305        2.93484      0.0148772
              7        3.06156        2.95295      0.0210592
              8        3.09374        2.97054      0.0247094
              9         2.9621        2.96961      0.0219817
             10        3.13055         2.9857      0.0249905
             11        2.90155        2.97805      0.0238609
             12        2.79331        2.96266      0.0263753
             13        2.88287        2.95652      0.0250502
             14        3.01961        2.96103      0.0236628
             15        2.80645        2.95072      0.0242255
             16        2.83778        2.94366      0.0237175
             17        2.96492        2.94491      0.0223553
             18        3.00193        2.94808      0.0213366
             19        3.05715        2.95382      0.0209717
             20        2.92625        2.95244      0.0199683
              1        2.92112        2.92112              0
              2        3.05822        2.98967      0.0484712
              3        2.98077         2.9867      0.0324048
              4        3.01971        2.99495      0.0253329
              5        3.08723        3.01341      0.0261379
              6        3.14308        3.03502      0.0293881
              7        3.07155        3.04024      0.0256491
              8        3.03748         3.0399      0.0224452
              9        3.03298        3.03913      0.0199645
             10        2.93027        3.02824      0.0207244
             11        3.01945        3.02744      0.0188558
             12        3.12515        3.03558      0.0189613
             13        3.05977        3.03744      0.0175938
             14        3.05812        3.03892      0.0163989
             15        3.01326        3.03721      0.0153947
             16         2.9644        3.03266      0.0150901
             17        3.00198        3.03085      0.0143099
             18        2.94177        3.02591      0.0143453
             19        2.97346        3.02314      0.0138534
             20        2.81625         3.0128      0.0165791
