              1      -0.615176      -0.615176              0
              2       -0.61216      -0.613668     0.00106632
              3      -0.613024      -0.613453    0.000732167
              4      -0.611144      -0.612876    0.000742647
              5      -0.614432      -0.613187    0.000656088
              6      -0.611608      -0.612924    0.000597205
              7      -0.618872      -0.613774    0.000938563
              8      -0.613352      -0.613721    0.000822722
              9      -0.615888      -0.613962    0.000765731
             10      -0.616008      -0.614166    0.000715976
             11      -0.612696      -0.614033    0.000663248
             12      -0.610488      -0.613737    0.000670539
             13      -0.612336       -0.61363    0.000627564
             14      -0.611992      -0.613513    0.000593538
             15      -0.615904      -0.613672    0.000574982
             16      -0.606872      -0.613247    0.000678164
             17      -0.613096      -0.613238     0.00063833
             18      -0.614712       -0.61332    0.000608096
             19      -0.617288      -0.613529    0.000610902
             20      -0.614096      -0.613557    0.000581014
              1      -0.612616      -0.612616              0
              2      -0.613064       -0.61284    0.000158392
              3      -0.613088      -0.612923    0.000125324
              4      -0.610472       -0.61231    0.000538846
              5      -0.616048      -0.613058    0.000795583
              6      -0.616248      -0.613589    0.000821685
              7      -0.614056      -0.613656    0.000707001
              8      -0.608408         -0.613    0.000871345
              9      -0.615752      -0.613306    0.000826442
             10      -0.614696      -0.613445      0.0007554
             11      -0.614104      -0.613505      0.0006891
             12      -0.613904      -0.613538    0.000632478
             13       -0.61552       -0.61369    0.000601921
             14       -0.61528      -0.613804    0.000569534
             15      -0.617616      -0.614058    0.000585525
             16        -0.6114      -0.613892    0.000572014
             17      -0.613984      -0.613897    0.000538391
             18      -0.613008      -0.613848    0.000510743
             19      -0.615552      -0.613938    0.000491673
             20      -0.614632      -0.613972    0.000468313
