              1       0.160588       0.160588              0
              2        0.12958       0.145084       0.010963
              3        0.12034       0.136836     0.00993828
              4       0.144548       0.138764     0.00763844
              5       0.169048       0.144821     0.00816634
              6       0.114664       0.139795     0.00820753
              7       0.098532         0.1339     0.00890364
              8       0.112916       0.131277     0.00816792
              9       0.129644       0.131096     0.00726239
             10       0.094312       0.127417     0.00740935
             11       0.131224       0.127763     0.00674385
             12       0.137748       0.128595     0.00623298
             13       0.139972        0.12947     0.00581463
             14       0.106164       0.127806     0.00563257
             15       0.190356       0.131976     0.00662318
             16       0.148664       0.133019     0.00629083
             17       0.145168       0.133733     0.00596123
             18        0.13218       0.133647     0.00563068
             19       0.129028       0.133404     0.00533957
             20       0.136944       0.133581     0.00507553
              1        0.15978        0.15978              0
              2       0.129968       0.144874      0.0105401
              3        0.11984       0.136529     0.00978763
              4       0.144264       0.138463     0.00752931
              5       0.168324       0.144435     0.00805082
              6       0.114644        0.13947     0.00809662
              7       0.099068       0.133698     0.00875881
              8        0.11326       0.131143     0.00802791
              9       0.130292       0.131049     0.00713648
             10       0.094088       0.127353     0.00731763
             11       0.131216       0.127704     0.00666081
             12       0.137424       0.128514      0.0061548
             13       0.140092       0.129405     0.00574543
             14       0.104752       0.127644     0.00559839
             15       0.190416       0.131829     0.00660663
             16        0.14872       0.132884      0.0062775
             17        0.14494       0.133593     0.00594815
             18       0.133428       0.133584     0.00561771
             19         0.1281       0.133296     0.00532945
             20       0.136128       0.133437     0.00506486
