              1        7.23269        7.23269              0
              2        6.36653        6.79961       0.306234
              3        6.72854        6.77592       0.205071
              4        6.65937        6.74678       0.155859
              5        6.88515        6.77446        0.12712
              6        7.35372          6.871       0.137802
              7        6.12561        6.76452       0.153852
              8        6.33405        6.71071       0.143722
              9        6.70103        6.70963       0.127757
             10        6.45592        6.68426       0.117474
             11        6.70257        6.68593       0.106806
             12        6.67013        6.68461      0.0979137
             13        6.32156        6.65668      0.0942804
             14        6.30363        6.63146      0.0908561
             15        6.34694         6.6125      0.0867565
             16        6.84406        6.62697      0.0825326
             17        6.44604        6.61633       0.078361
             18        6.75358        6.62395      0.0743777
             19        6.53425        6.61923      0.0706127
             20        5.76115        6.57633      0.0790488
              1        7.23063        7.23063              0
              2        6.36996         6.8003       0.304293
              3         6.7303        6.77696       0.203754
              4        6.66644        6.74933       0.154678
              5        6.90005        6.77948       0.126645
              6        7.33176        6.87152       0.134903
              7        6.12431        6.76478        0.15211
              8        6.28207        6.70444       0.144569
              9        6.70968        6.70502       0.128507
             10        6.47141        6.68166        0.11776
             11        6.74497        6.68742       0.107196
             12        6.68284        6.68703      0.0982632
             13        6.31588        6.65848      0.0947613
             14        6.31128        6.63368      0.0911803
             15          6.374        6.61637      0.0867295
             16        6.83019        6.62974      0.0823321
             17        6.50204        6.62222      0.0778309
             18        6.73872         6.6287      0.0737756
             19        6.55224        6.62467      0.0700023
             20        5.74622        6.58075      0.0790904
