              1       -0.74364       -0.74364              0
              2      -0.751912      -0.747776     0.00292459
              3      -0.746576      -0.747376     0.00197689
              4       -0.74256      -0.746172      0.0018126
              5      -0.745064       -0.74595     0.00146356
              6        -0.7494      -0.746525     0.00132777
              7      -0.747488      -0.746663     0.00114519
              8      -0.747576      -0.746777     0.00100771
              9      -0.747768      -0.746887     0.00090174
             10      -0.748168      -0.747015    0.000820612
             11      -0.747512       -0.74706    0.000747253
             12      -0.741648      -0.746609    0.000809738
             13      -0.745424      -0.746518    0.000752567
             14       -0.74732      -0.746575    0.000700988
             15         -0.741      -0.746204    0.000746323
             16      -0.745088      -0.746134    0.000702928
             17      -0.743712      -0.745992    0.000675863
             18       -0.74212      -0.745776    0.000671668
             19      -0.745904      -0.745783     0.00063635
             20       -0.74312       -0.74565    0.000618308
              1      -0.742488      -0.742488              0
              2      -0.751168      -0.746828     0.00306884
              3      -0.746992      -0.746883     0.00204638
              4         -0.742      -0.745662     0.00186362
              5      -0.744736      -0.745477     0.00150007
              6       -0.74888      -0.746044     0.00135305
              7      -0.747032      -0.746185      0.0011671
              8      -0.746872      -0.746271     0.00102436
              9      -0.747752      -0.746436    0.000923667
             10      -0.747952      -0.746587    0.000843657
             11      -0.748696      -0.746779    0.000788442
             12      -0.741528      -0.746341    0.000835384
             13      -0.745576      -0.746282    0.000773196
             14      -0.747016      -0.746335     0.00071974
             15      -0.741384      -0.746005    0.000743595
             16      -0.744896      -0.745936    0.000700342
             17      -0.743544      -0.745795    0.000673126
             18      -0.741776      -0.745572    0.000671738
             19      -0.745904      -0.745589    0.000636611
             20      -0.743376      -0.745478    0.000614322
