              1       0.413276       0.413276              0
              2       0.401838       0.407557      0.0040439
              3       0.409231       0.408115     0.00273415
              4        0.41476       0.409776     0.00250496
              5       0.411316       0.410084     0.00202281
              6       0.405325       0.409291     0.00183462
              7       0.407971       0.409103     0.00158219
              8        0.40785       0.408946     0.00139215
              9       0.407584       0.408795     0.00124566
             10       0.407031       0.408618     0.00113351
             11       0.407938       0.408556     0.00103215
             12       0.416012       0.409178     0.00111758
             13        0.41082       0.409304     0.00103873
             14       0.408203       0.409225    0.000967507
             15         0.4169       0.409737     0.00102944
             16       0.411283       0.409834    0.000969621
             17       0.413177        0.41003    0.000932318
             18       0.415364       0.410327    0.000926417
             19       0.410158       0.410318      0.0008777
             20       0.413991       0.410502    0.000852814
              1       0.414859       0.414859              0
              2       0.402872       0.408866     0.00423798
              3       0.408657       0.408796     0.00282589
              4       0.415529       0.410479     0.00257232
              5       0.411768       0.410737     0.00207073
              6       0.406045       0.409955     0.00186741
              7       0.408601       0.409762     0.00161062
              8       0.408822       0.409644     0.00141357
              9       0.407606       0.409418     0.00127451
             10        0.40733       0.409209     0.00116404
             11         0.4063       0.408945     0.00108784
             12       0.416176       0.409547     0.00115208
             13       0.410611       0.409629     0.00106636
             14       0.408623       0.409557    0.000992608
             15       0.416374       0.410012     0.00102519
             16       0.411548       0.410108    0.000965604
             17       0.413408       0.410302    0.000928118
             18       0.415836       0.410609    0.000926085
             19       0.410158       0.410585    0.000877648
             20       0.413639       0.410738    0.000846942
