              1       0.404073       0.404073              0
              2       0.324026       0.364049      0.0283009
              3       0.278681       0.335593      0.0299301
              4       0.333351       0.335033      0.0224528
              5       0.318898       0.331806      0.0181927
              6       0.357729       0.336126      0.0156652
              7       0.382959       0.342817      0.0147872
              8       0.273366       0.334135       0.015276
              9       0.320349       0.332603      0.0136553
             10       0.352631       0.334606      0.0124357
             11       0.381619        0.33888      0.0120172
             12       0.233618       0.330108      0.0138521
             13       0.253623       0.324225      0.0139803
             14       0.315218       0.323581      0.0129965
             15       0.337406       0.324503      0.0121627
             16       0.331903       0.324966      0.0114113
             17        0.29727       0.323336      0.0108557
             18       0.275804       0.320696      0.0105689
             19       0.258027       0.317397      0.0105147
             20       0.315654        0.31731     0.00998937
              1       0.334462       0.334462              0
              2       0.324123       0.329292     0.00365548
              3       0.279022       0.312535      0.0138972
              4       0.334317       0.317981      0.0114401
              5       0.319091       0.318203     0.00915423
              6       0.358498       0.324919     0.00978673
              7        0.38138       0.332985      0.0112309
              8        0.27317       0.325508      0.0120617
              9       0.320253       0.324924      0.0107356
             10       0.353304       0.327762      0.0100302
             11       0.380757        0.33258        0.01021
             12       0.232488       0.324239      0.0123032
             13       0.254211       0.318852      0.0124805
             14       0.315944       0.318644      0.0115907
             15       0.336971       0.319866      0.0108822
             16       0.332144       0.320633      0.0102291
             17       0.295326       0.319145     0.00973511
             18       0.275756       0.316734     0.00948802
             19       0.257587       0.313621      0.0094856
             20       0.315508       0.313716     0.00901179
