              1        43.3531        43.3531              0
              2        54.3554        48.8542        3.88991
              3        60.1177        52.6087        4.01529
              4        50.2245        52.0127        3.05538
              5        54.2122        52.4526        2.47577
              6        47.2819        51.5908        2.20804
              7        44.8876        50.6332        2.08997
              8        59.2087        51.7051        2.08558
              9         54.856        52.0552        1.88301
             10        49.0241        51.7521        1.71893
             11        43.2313        50.9775        1.72841
             12        65.3071        52.1716        1.95381
             13        62.6807          52.98        1.96365
             14        55.1879        53.1377        1.82971
             15        50.1723          52.94        1.71838
             16        52.7404        52.9276        1.61102
             17        58.9505        53.2819        1.55473
             18        59.8711        53.6479        1.51083
             19        59.3689         53.949        1.46101
             20        55.0768        54.0054        1.38905
              1        51.6787        51.6787              0
              2        54.3696        53.0241       0.951392
              3        60.1229        55.3904        2.03349
              4        50.2108        54.0955        1.89303
              5        54.2023        54.1169        1.51454
              6        47.2622        52.9744        1.63725
              7         44.922        51.8241        1.76172
              8        59.2003        52.7461        1.76638
              9        54.8635        52.9814        1.58571
             10         49.058         52.589        1.47488
             11        43.2191        51.7372        1.56759
             12        65.3238        52.8694        1.79998
             13        62.6872        53.6246        1.81304
             14        55.1773        53.7356        1.68693
             15        50.1588        53.4971        1.59123
             16        52.7268         53.449        1.49251
             17        58.9865        53.7747        1.43982
             18        59.8881        54.1143        1.39931
             19        59.3892        54.3919        1.35293
             20        55.0685        54.4258         1.2857
