              1      -0.934496      -0.934496              0
              2      -0.947832      -0.941164     0.00471499
              3      -0.955304      -0.945877     0.00496899
              4      -0.946288       -0.94598      0.0037278
              5       -0.94868       -0.94652      0.0030211
              6       -0.94224      -0.945807     0.00260043
              7      -0.938032      -0.944696      0.0024547
              8      -0.956176      -0.946131     0.00253281
              9       -0.94844      -0.946388     0.00226434
             10      -0.943088      -0.946058     0.00206181
             11      -0.938256      -0.945348     0.00199263
             12      -0.962672      -0.946792     0.00229059
             13      -0.959408      -0.947762     0.00231084
             14      -0.949288      -0.947871     0.00214835
             15      -0.945616      -0.947721     0.00201038
             16      -0.946528      -0.947646     0.00188611
             17      -0.952248      -0.947917     0.00179448
             18      -0.955776      -0.948354      0.0017471
             19      -0.958688      -0.948898     0.00173775
             20      -0.949216      -0.948914     0.00165093
              1      -0.946104      -0.946104              0
              2      -0.947816       -0.94696    0.000605283
              3      -0.955248      -0.949723     0.00229152
              4      -0.946128      -0.948824     0.00188664
              5      -0.948648      -0.948789     0.00150964
              6      -0.942112      -0.947676     0.00161697
              7      -0.938296      -0.946336     0.00186011
              8      -0.956208       -0.94757     0.00199536
              9      -0.948456      -0.947668     0.00177608
             10      -0.942976      -0.947199     0.00165931
             11        -0.9384      -0.946399     0.00169031
             12      -0.962856      -0.947771     0.00203096
             13      -0.959312      -0.948658     0.00205965
             14      -0.949168      -0.948695     0.00191286
             15      -0.945688      -0.948494     0.00179581
             16      -0.946488      -0.948369     0.00168794
             17      -0.952568      -0.948616     0.00160662
             18      -0.955784      -0.949014     0.00156594
             19       -0.95876      -0.949527     0.00156528
             20       -0.94924      -0.949513     0.00148708
