              1       0.818776       0.818776              0
              2       0.878888       0.848832      0.0212528
              3       0.806792       0.834819      0.0182116
              4       0.814832       0.829822      0.0143278
              5         0.8915       0.842158      0.0159096
              6       0.658272        0.81151      0.0309597
              7       0.850848        0.81713      0.0270421
              8       0.876408       0.824539      0.0246562
              9       0.574348        0.79674      0.0341652
             10       0.804492       0.797516      0.0307574
             11       0.845908       0.801915      0.0282742
             12       0.678036       0.791592      0.0277386
             13       0.891832       0.799302      0.0266551
             14       0.861416       0.803739      0.0251177
             15       0.839036       0.806092      0.0235531
             16         0.7977       0.805568      0.0220869
             17       0.808972       0.805768      0.0207886
             18       0.757456       0.803084      0.0198062
             19       0.848264       0.805462      0.0189059
             20       0.830096       0.806694      0.0180007
              1       0.836856       0.836856              0
              2       0.879008       0.857932       0.014903
              3       0.806632       0.840832      0.0171362
              4       0.814624        0.83428       0.014049
              5       0.891408       0.845706      0.0151906
              6       0.658188       0.814453      0.0312122
              7       0.850952       0.819667      0.0271854
              8       0.876708       0.826797      0.0247045
              9       0.573872       0.798694      0.0344128
             10       0.804416       0.799266      0.0309762
             11       0.846228       0.803536      0.0284529
             12       0.678368       0.793105      0.0279284
             13       0.891784       0.800696      0.0267917
             14         0.8612       0.805017      0.0252242
             15       0.839016       0.807284      0.0236442
             16       0.798188       0.806715      0.0221733
             17       0.809116       0.806857      0.0208694
             18       0.757476       0.804113      0.0198895
             19       0.848264       0.806437      0.0189779
             20       0.829684       0.807599      0.0180646
