              1       0.200896       0.200896              0
              2       0.201193       0.201045    0.000105231
              3       0.201155       0.201081    7.62973e-05
              4       0.202085       0.201332    0.000224806
              5        0.20226       0.201518    0.000244654
              6        0.20111        0.20145    0.000213093
              7       0.201827       0.201504    0.000189326
              8        0.20149       0.201502    0.000165668
              9       0.200923       0.201438     0.00015927
             10       0.201342       0.201428     0.00014363
             11       0.202365       0.201513    0.000153752
             12       0.200836       0.201457    0.000150949
             13       0.200522       0.201385    0.000155536
             14       0.200727       0.201338    0.000151352
             15       0.201465       0.201346      0.0001415
             16       0.200706       0.201306    0.000138202
             17       0.201875        0.20134    0.000134054
             18       0.200302       0.201282     0.00013845
             19       0.200929       0.201263    0.000132407
             20       0.201558       0.201278      0.0001266
              1       0.201419       0.201419              0
              2       0.201498       0.201458    2.79135e-05
              3       0.200543       0.201153    0.000249856
              4       0.202504       0.201491    0.000347324
              5       0.200624       0.201318    0.000318169
              6       0.201746       0.201389    0.000273031
              7       0.200687       0.201289    0.000251797
              8       0.200739        0.20122     0.00022951
              9       0.201137       0.201211    0.000204193
             10       0.201481       0.201238    0.000185547
             11        0.20155       0.201266    0.000170835
             12       0.201752       0.201307     0.00016132
             13       0.201149       0.201294    0.000149366
             14       0.201429       0.201304    0.000139004
             15       0.200842       0.201273    0.000133113
             16       0.200665       0.201235    0.000130105
             17       0.201132       0.201229    0.000122595
             18       0.201132       0.201224    0.000115903
             19       0.201135       0.201219    0.000109896
             20        0.20111       0.201214    0.000104536
