              1      -0.469408      -0.469408              0
              2      -0.468176      -0.468792    0.000435578
              3      -0.468336       -0.46864    0.000315795
              4      -0.464464      -0.467596    0.000934638
              5      -0.463736      -0.466824     0.00101777
              6       -0.46852      -0.467107    0.000886527
              7      -0.465544      -0.466883    0.000787486
              8      -0.466944      -0.466891    0.000689086
              9      -0.469296      -0.467158    0.000662311
             10       -0.46756      -0.467198    0.000597297
             11      -0.463296      -0.466844    0.000639736
             12      -0.469656      -0.467078    0.000627888
             13      -0.470952      -0.467376    0.000646449
             14      -0.470104      -0.467571    0.000628956
             15      -0.467048      -0.467536    0.000587991
             16      -0.470192      -0.467702    0.000574196
             17      -0.465344      -0.467563    0.000556921
             18      -0.471856      -0.467802    0.000574779
             19      -0.469272      -0.467879    0.000549711
             20      -0.466664      -0.467818    0.000525573
              1       -0.46724       -0.46724              0
              2      -0.466912      -0.467076    0.000115966
              3      -0.470864      -0.468339     0.00103386
              4      -0.462712      -0.466932     0.00144405
              5      -0.470528      -0.467651     0.00132226
              6       -0.46588      -0.467356     0.00113436
              7      -0.470272      -0.467773       0.001046
              8      -0.470056      -0.468058      0.0009534
              9      -0.468408      -0.468097    0.000848259
             10      -0.466984      -0.467986    0.000770699
             11      -0.466696      -0.467868    0.000709496
             12      -0.465856      -0.467701    0.000669897
             13       -0.46836      -0.467751    0.000620284
             14        -0.4672      -0.467712    0.000577227
             15      -0.469632       -0.46784    0.000552755
             16       -0.47036      -0.467997     0.00054018
             17      -0.468432      -0.468023    0.000509009
             18      -0.468432      -0.468046    0.000481238
             19      -0.468416      -0.468065    0.000456304
             20       -0.46852      -0.468088    0.000434055
