              1        1.45258        1.45258              0
              2        1.39916        1.42587      0.0188887
              3        1.39251        1.41475      0.0155238
              4        1.36828        1.40313      0.0153876
              5        1.37758        1.39802      0.0131313
              6        1.40806        1.39969      0.0110488
              7        1.36692        1.39501      0.0104156
              8        1.36213         1.3909     0.00989154
              9        1.43268        1.39554     0.00982161
             10        1.37991        1.39398     0.00896294
             11        1.40405         1.3949     0.00819473
             12        1.36164        1.39213     0.00796655
             13        1.40698        1.39327     0.00743529
             14        1.40847        1.39435     0.00698305
             15        1.40359        1.39497      0.0065446
             16        1.40377        1.39552     0.00615864
             17        1.37431        1.39427     0.00592144
             18        1.44115        1.39688      0.0061385
             19        1.41265        1.39771     0.00587129
             20        1.38588        1.39712     0.00560744
              1        1.37568        1.37568              0
              2        1.36293         1.3693     0.00450682
              3        1.44605        1.39488      0.0211035
              4        1.35756        1.38555      0.0177717
              5         1.3497        1.37838      0.0155971
              6        1.39606        1.38133      0.0132732
              7        1.35264        1.37723      0.0119931
              8        1.40763        1.38103      0.0110797
              9        1.40099        1.38325      0.0100682
             10        1.40452        1.38538     0.00928342
             11        1.43464        1.38985     0.00945842
             12        1.36476        1.38776     0.00889848
             13        1.39728         1.3885     0.00824406
             14        1.43085        1.39152     0.00819144
             15        1.41815         1.3933     0.00783534
             16        1.41218        1.39448     0.00743402
             17        1.42509        1.39628     0.00721158
             18        1.36044        1.39429     0.00708045
             19        1.41537         1.3954     0.00679417
             20        1.34587        1.39292       0.006891
