              1       0.021096       0.021096              0
              2        0.02478       0.022938     0.00130249
              3       0.025328      0.0237347     0.00108495
              4        0.02104       0.023061     0.00100125
              5       0.026752      0.0237992     0.00103805
              6        0.03152       0.025086     0.00145883
              7       0.029136      0.0256646     0.00136032
              8       0.031512      0.0263955     0.00137268
              9       0.027968      0.0265702     0.00123123
             10       0.030024      0.0269156     0.00115553
             11       0.034224        0.02758     0.00122671
             12        0.02524       0.027385     0.00113988
             13       0.027096      0.0273628     0.00105241
             14       0.023012       0.027052     0.00102209
             15       0.032684      0.0274275     0.00102059
             16       0.037048      0.0280287     0.00112001
             17        0.02894      0.0280824     0.00105541
             18       0.032752      0.0283418     0.00102816
             19        0.02352       0.028088     0.00100488
             20       0.024912      0.0279292    0.000967103
              1       0.029912       0.029912              0
              2        0.02072       0.025316     0.00324986
              3       0.020796      0.0238093     0.00249147
              4       0.025124       0.024138     0.00189015
              5       0.036004      0.0265112     0.00260618
              6       0.024232      0.0261313     0.00219933
              7       0.032776      0.0270806     0.00207992
              8       0.015272      0.0256045     0.00228442
              9       0.033244      0.0264533     0.00218261
             10       0.025812      0.0263892     0.00196529
             11       0.034756      0.0271498     0.00192821
             12        0.03446       0.027759     0.00186127
             13       0.028436      0.0278111     0.00171882
             14       0.019792      0.0272383     0.00168879
             15       0.032552      0.0275925     0.00161293
             16       0.034928       0.028051     0.00157594
             17       0.027344      0.0280094     0.00148378
             18       0.020392      0.0275862     0.00146045
             19       0.029148      0.0276684      0.0013859
             20       0.024452      0.0275076      0.0013259
