              1      -0.549576      -0.549576              0
              2       -0.55064      -0.550108    0.000376181
              3       -0.55608      -0.552099     0.00164461
              4      -0.548984       -0.55132     0.00140576
              5      -0.551712      -0.551398     0.00112679
              6      -0.553096      -0.551681    0.000973865
              7      -0.553272      -0.551909    0.000860845
              8        -0.5496       -0.55162    0.000800146
              9       -0.55316      -0.551791    0.000729308
             10       -0.55428       -0.55204    0.000697554
             11      -0.550312      -0.551883    0.000651589
             12      -0.553264      -0.551998    0.000607369
             13       -0.55252      -0.552038    0.000561974
             14      -0.552176      -0.552048    0.000521919
             15      -0.554856      -0.552235    0.000519613
             16      -0.551984       -0.55222    0.000487375
             17      -0.553136      -0.552273    0.000461678
             18      -0.551952      -0.552256    0.000436374
             19      -0.553616      -0.552327     0.00041924
             20      -0.551656      -0.552294    0.000399619
              1      -0.546944      -0.546944              0
              2      -0.549928      -0.548436       0.001055
              3      -0.553488       -0.55012     0.00154443
              4          -0.55       -0.55009     0.00115861
              5      -0.550144      -0.550101    0.000926939
              6      -0.552968      -0.550579    0.000887116
              7      -0.553448      -0.550989    0.000849826
              8       -0.55276       -0.55121    0.000771906
              9       -0.55204      -0.551302    0.000691626
             10      -0.549592      -0.551131    0.000643261
             11      -0.553328      -0.551331    0.000615003
             12      -0.550104      -0.551229    0.000572188
             13         -0.551      -0.551211    0.000528444
             14        -0.5534      -0.551367    0.000513307
             15      -0.554008      -0.551543    0.000508377
             16      -0.549448      -0.551413    0.000493185
             17       -0.55272      -0.551489    0.000470133
             18      -0.551256      -0.551476    0.000444193
             19      -0.555072      -0.551666     0.00045936
             20      -0.554688      -0.551817    0.000460578
