              1        2.17276        2.17276              0
              2        2.12144         2.1471      0.0181441
              3        2.24329        2.17917      0.0288399
              4        2.13463        2.16803      0.0236819
              5        2.18925        2.17227      0.0193219
              6        2.15059        2.16866       0.016436
              7        2.11055        2.16036      0.0160479
              8        2.17871        2.16265      0.0142049
              9        2.17702        2.16425       0.012716
             10        2.18071         2.1659      0.0115504
             11        2.10878         2.1607      0.0116089
             12        2.09613        2.15532      0.0118229
             13        2.21909        2.16023      0.0118874
             14        2.14179        2.15891       0.011111
             15        2.16344        2.15921      0.0103744
             16        2.15882        2.15919     0.00972604
             17        2.16493        2.15953     0.00915979
             18         2.0789        2.15505     0.00968445
             19        2.19572        2.15719     0.00940838
             20        2.13357        2.15601     0.00901179
              1         2.0503         2.0503              0
              2        2.12944        2.08987      0.0279803
              3        2.02567        2.06847      0.0255592
              4        2.08837        2.07345      0.0196477
              5        2.00044        2.05885      0.0204354
              6        2.07197        2.06103      0.0171462
              7        2.19894        2.08073      0.0234235
              8        2.23663        2.10022       0.027429
              9        2.11879        2.10228      0.0244588
             10        2.02911        2.09497      0.0230816
             11        2.17937        2.10264      0.0222222
             12        2.14201        2.10592      0.0206112
             13        2.12862        2.10767      0.0190995
             14        2.10821        2.10771      0.0177353
             15        2.27427        2.11881      0.0197251
             16        2.08982          2.117      0.0185753
             17         2.1811        2.12077      0.0178613
             18        2.07354        2.11814      0.0170606
             19        2.31324        2.12841      0.0190031
             20        2.15791        2.12989      0.0181101
