              1       0.269267       0.269267              0
              2       0.268815       0.269041     0.00015967
              3       0.266492       0.268191    0.000701724
              4       0.269518       0.268523    0.000599523
              5       0.268359        0.26849    0.000480512
              6       0.267769        0.26837    0.000415176
              7       0.267694       0.268274    0.000366921
              8       0.269257       0.268396    0.000341011
              9       0.267742       0.268324    0.000310776
             10       0.267263       0.268218    0.000297232
             11       0.268954       0.268285    0.000277655
             12       0.267698       0.268236     0.00025879
             13       0.268015       0.268219     0.00023944
             14       0.268162       0.268215    0.000222372
             15       0.267017       0.268135    0.000221417
             16       0.268243       0.268142    0.000207682
             17       0.267752       0.268119    0.000196725
             18       0.268257       0.268126    0.000185945
             19       0.267547       0.268096    0.000178639
             20       0.268383        0.26811    0.000170283
              1        0.27038        0.27038              0
              2       0.269117       0.269749    0.000446435
              3       0.267602       0.269033    0.000655717
              4       0.269087       0.269047    0.000491925
              5       0.269026       0.269042    0.000393558
              6       0.267824       0.268839    0.000376735
              7       0.267619       0.268665    0.000361002
              8       0.267913       0.268571    0.000327898
              9        0.26822       0.268532     0.00029378
             10        0.26926       0.268605    0.000273274
             11        0.26767        0.26852    0.000261301
             12       0.269043       0.268563    0.000243132
             13       0.268662       0.268571    0.000224549
             14        0.26764       0.268504    0.000218142
             15        0.26738       0.268429      0.0002161
             16       0.269321       0.268485    0.000209655
             17        0.26793       0.268452    0.000199852
             18       0.268553       0.268458    0.000188827
             19       0.266925       0.268377    0.000195379
             20       0.267089       0.268313    0.000195943
