              1       0.045472       0.045472              0
              2       0.037724       0.041598     0.00273933
              3       0.046656       0.043284     0.00228695
              4       0.043448       0.043325     0.00171558
              5       0.035136      0.0416872     0.00200738
              6       0.039812      0.0413747     0.00169697
              7        0.05398      0.0431754     0.00221251
              8        0.03924      0.0426835     0.00198988
              9       0.031996       0.041496     0.00209334
             10        0.05386      0.0427324      0.0022193
             11       0.046564      0.0430807      0.0020447
             12       0.033772       0.042305     0.00201609
             13        0.03886        0.04204     0.00187834
             14       0.051468      0.0427134     0.00186099
             15        0.04046      0.0425632     0.00174297
             16       0.048404      0.0429283     0.00167183
             17       0.034692      0.0424438     0.00164219
             18       0.055256      0.0431556     0.00169822
             19       0.040788      0.0430309     0.00161341
             20       0.033656      0.0425622     0.00159938
              1        0.04948        0.04948              0
              2         0.0357        0.04259     0.00487197
              3         0.0506        0.04526     0.00391177
              4        0.03472       0.042625     0.00371682
              5       0.050728      0.0442456     0.00330795
              6       0.035532      0.0427933     0.00305885
              7        0.02404      0.0401143     0.00360918
              8       0.043552       0.040544     0.00318351
              9       0.042124      0.0407196     0.00283462
             10       0.047688      0.0414164     0.00263542
             11        0.02734      0.0401367     0.00268863
             12       0.044812      0.0405263     0.00249265
             13       0.035084      0.0401077      0.0023358
             14       0.057256      0.0413326     0.00246932
             15       0.043408      0.0414709     0.00230857
             16       0.031776       0.040865     0.00224239
             17       0.043616      0.0410268     0.00211632
             18       0.039348      0.0409336      0.0020008
             19       0.042376      0.0410095     0.00189693
             20         0.0405       0.040984     0.00180226
