              1      -0.891048      -0.891048              0
              2      -0.887544      -0.889296     0.00123885
              3       -0.88964      -0.889411     0.00083119
              4      -0.885304      -0.888384     0.00108589
              5      -0.888232      -0.888354    0.000869136
              6      -0.886072      -0.887973    0.000803171
              7      -0.890592      -0.888347    0.000770645
              8      -0.881144      -0.887447     0.00107895
              9      -0.881256      -0.886759     0.00115776
             10       -0.88488      -0.886571     0.00105713
             11       -0.88616      -0.886534    0.000961685
             12       -0.89396      -0.887153     0.00106216
             13       -0.88468      -0.886962    0.000997339
             14        -0.8898      -0.887165    0.000946471
             15      -0.888176      -0.887233    0.000885769
             16      -0.889656      -0.887384    0.000843259
             17      -0.893744      -0.887758    0.000872709
             18      -0.883016      -0.887495    0.000863074
             19      -0.887792       -0.88751    0.000817791
             20      -0.881008      -0.887185    0.000839042
              1      -0.890408      -0.890408              0
              2      -0.887488      -0.888948     0.00103238
              3       -0.88968      -0.889192    0.000716505
              4      -0.884848      -0.888106      0.0010832
              5        -0.8882      -0.888125    0.000866723
              6      -0.885904      -0.887755    0.000797395
              7       -0.89044      -0.888138    0.000770251
              8      -0.881416      -0.887298      0.0010354
              9      -0.881208      -0.886621     0.00111985
             10      -0.884832      -0.886442     0.00102206
             11      -0.886328      -0.886432    0.000929197
             12      -0.894072      -0.887069     0.00104741
             13      -0.884824      -0.886896    0.000980969
             14      -0.889376      -0.887073    0.000926756
             15      -0.888136      -0.887144    0.000867676
             16      -0.889568      -0.887296    0.000826567
             17      -0.893608      -0.887667    0.000857304
             18      -0.883232       -0.88742    0.000844337
             19       -0.88772      -0.887436    0.000800046
             20      -0.880808      -0.887105    0.000825837
