              1        27.1585        27.1585              0
              2        24.2385        25.6985        1.03236
              3        24.4795        25.2922       0.764029
              4        22.1744        24.5127       0.885436
              5        22.8813        24.1864       0.766115
              6        23.3674        24.0499       0.650475
              7        25.7667        24.2952       0.602012
              8        21.0707        23.8921       0.647788
              9        19.6808        23.4242       0.725384
             10        22.3404        23.3158       0.660892
             11        24.3797        23.4125       0.607846
             12        26.0091        23.6289       0.594458
             13        20.4677        23.3857       0.596397
             14        23.5729        23.3991       0.553947
             15        22.8208        23.3605       0.518357
             16        25.9653        23.5233       0.510885
             17        26.8151         23.717       0.516226
             18        21.4095        23.5888       0.503213
             19        22.1417        23.5126       0.482457
             20         20.691        23.3715       0.478518
              1        26.3473        26.3473              0
              2        24.2742        25.3108       0.732933
              3        24.5514        25.0576       0.530528
              4         22.198        24.3427       0.735961
              5        22.9447        24.0631       0.639685
              6        23.4272        23.9571        0.54178
              7        25.7736        24.2166       0.522849
              8        21.0865        23.8254       0.585879
              9        19.6484        23.3613       0.680205
             10        22.3692         23.262       0.619377
             11         24.355        23.3614       0.570984
             12        25.9921        23.5806       0.563917
             13        20.4784         23.342       0.568794
             14        23.5537        23.3571       0.528367
             15        22.8346        23.3223       0.494289
             16        25.9289        23.4852       0.489507
             17        26.8358        23.6823       0.498817
             18        21.4076        23.5559       0.486849
             19        22.1133          23.48       0.467109
             20        20.7045        23.3412        0.46391
