              1       0.424712       0.424712              0
              2        0.35408       0.389396      0.0249722
              3       0.370544       0.383112      0.0174208
              4       0.342828       0.373041      0.0157092
              5       0.371236        0.37268      0.0125715
              6       0.311068       0.362411      0.0140579
              7        0.43014       0.372087      0.0150145
              8         0.4673       0.383989      0.0172204
              9       0.412896         0.3872      0.0156037
             10         0.5042         0.3989      0.0179001
             11       0.408444       0.399768      0.0162939
             12       0.445156        0.40355      0.0153688
             13       0.326436       0.397618      0.0152885
             14       0.349536       0.394184      0.0145771
             15        0.41856       0.395809      0.0136956
             16       0.338096       0.392202      0.0133062
             17       0.437856       0.394888      0.0127916
             18       0.454276       0.398187      0.0124992
             19       0.487676       0.402897      0.0126978
             20       0.377808       0.401642      0.0121247
              1         0.4441         0.4441              0
              2       0.353936       0.399018      0.0318778
              3       0.370624       0.389553      0.0226133
              4       0.342876       0.377884      0.0197426
              5       0.370212        0.37635      0.0158536
              6       0.310756       0.365417       0.016557
              7       0.430448       0.374707      0.0165946
              8        0.46706       0.386252      0.0180955
              9        0.41288        0.38921       0.016325
             10       0.504088       0.400698      0.0182932
             11        0.40852       0.401409       0.016644
             12       0.444808       0.405026       0.015645
             13       0.325428       0.398903      0.0155937
             14       0.350392       0.395438      0.0148599
             15       0.418052       0.396945      0.0139455
             16        0.33778       0.393248      0.0135553
             17       0.437924       0.395876      0.0130102
             18       0.454588       0.399137      0.0126897
             19       0.488144       0.403822      0.0128574
             20       0.377832       0.402522      0.0122801
