              1       0.408715       0.408715              0
              2       0.421078       0.414897     0.00437098
              3       0.413689       0.414494     0.00293247
              4       0.428956        0.41811     0.00382634
              5       0.418655       0.418219     0.00306262
              6       0.426258       0.419559     0.00283011
              7       0.410327        0.41824     0.00271575
              8       0.443534       0.421402     0.00379389
              9       0.443142       0.423817     0.00406934
             10       0.430445        0.42448     0.00371599
             11       0.425948       0.424613     0.00338057
             12       0.398404       0.422429     0.00373841
             13       0.431147         0.4231     0.00351047
             14       0.413124       0.422387     0.00333125
             15       0.418852       0.422152     0.00311749
             16       0.413633       0.421619     0.00296777
             17        0.39917       0.420299     0.00307298
             18       0.436982       0.421226     0.00303882
             19       0.420205       0.421172     0.00287936
             20       0.444009       0.422314     0.00295313
              1       0.410977       0.410977              0
              2       0.421276       0.416126     0.00364106
              3       0.413548       0.415267     0.00252678
              4       0.430557        0.41909     0.00381455
              5       0.418768       0.419025     0.00305218
              6       0.426848       0.420329     0.00280819
              7       0.410864       0.418977     0.00271308
              8       0.442582       0.421928      0.0036406
              9        0.44331       0.424303     0.00393567
             10       0.430614       0.424934     0.00359234
             11       0.425357       0.424973     0.00326597
             12       0.398007       0.422726     0.00368671
             13       0.430642       0.423335     0.00345303
             14       0.414621       0.422712       0.003262
             15       0.418993       0.422464     0.00305394
             16       0.413943       0.421932     0.00290914
             17       0.399652       0.420621     0.00301881
             18       0.436225       0.421488     0.00297297
             19       0.420459       0.421434     0.00281699
             20       0.444708       0.422598     0.00290658
