              1       0.357912       0.357912              0
              2       0.299522       0.328717       0.020644
              3       0.290139       0.315858      0.0173104
              4         0.2873       0.308718      0.0143799
              5       0.268267       0.300628      0.0135905
              6       0.288228       0.298561      0.0114815
              7       0.371349        0.30896      0.0137669
              8       0.236698       0.299927      0.0147139
              9        0.34136       0.304531      0.0137804
             10       0.317649       0.305842      0.0124646
             11       0.403665       0.314735      0.0141526
             12       0.222429       0.307043      0.0149179
             13       0.187759       0.297867      0.0163505
             14       0.258565        0.29506      0.0154218
             15       0.276259       0.293807      0.0144445
             16       0.225517       0.289539      0.0141583
             17        0.26991       0.288384      0.0133724
             18       0.298704       0.288957      0.0126418
             19       0.230036       0.285856      0.0123509
             20       0.283585       0.285743      0.0117339
              1        0.27965        0.27965              0
              2       0.300067       0.289858     0.00721859
              3       0.290358       0.290025     0.00481431
              4       0.287464       0.289384     0.00365306
              5       0.268486       0.285205     0.00474515
              6       0.289539       0.285927     0.00400889
              7       0.369947        0.29793      0.0116316
              8       0.236918       0.290304      0.0124289
              9        0.34136       0.295976      0.0122745
             10       0.318573       0.298236      0.0112531
             11       0.403128       0.307772      0.0136864
             12       0.221216       0.300559       0.014321
             13       0.186817       0.291809      0.0156657
             14       0.259278       0.289486      0.0147181
             15       0.275602        0.28856      0.0137659
             16       0.226068       0.284654      0.0134482
             17       0.268979       0.283732      0.0126887
             18       0.299031       0.284582      0.0120122
             19       0.229925       0.281706      0.0117194
             20       0.284296       0.281835      0.0111341
