              1       0.842948       0.842948              0
              2       0.849104       0.846026     0.00217647
              3        0.87888       0.856977     0.00905869
              4       0.839716       0.852662     0.00775405
              5        0.91262       0.864654      0.0123903
              6        0.92164       0.874151      0.0134827
              7       0.885652       0.875794      0.0116563
              8        0.89542       0.878248      0.0104542
              9       0.836148        0.87357       0.010286
             10       0.893696       0.875582     0.00945229
             11        0.88406       0.876353     0.00862435
             12       0.717264       0.863096      0.0149537
             13       0.942336       0.869191      0.0149943
             14       0.873296       0.869484      0.0139262
             15       0.859228       0.868801      0.0130145
             16       0.747492       0.861219      0.0142393
             17       0.654992       0.849088      0.0178356
             18        0.88246       0.850942      0.0169409
             19       0.903856       0.853727      0.0162765
             20       0.876156       0.854848      0.0155013
              1       0.861144       0.861144              0
              2        0.84914       0.855142     0.00424405
              3       0.878872       0.863052     0.00705106
              4        0.83958       0.857184     0.00733424
              5       0.912472       0.868242      0.0114997
              6       0.921568       0.877129      0.0125563
              7       0.885768       0.878363      0.0108231
              8       0.895616        0.88052     0.00968265
              9       0.835788        0.87555     0.00979976
             10       0.893612       0.877356      0.0089847
             11       0.884296       0.877987     0.00819003
             12       0.717356       0.864601      0.0148531
             13       0.942392       0.870585      0.0148671
             14          0.873       0.870757      0.0138062
             15        0.85928       0.869992       0.012907
             16        0.74778       0.862354      0.0141814
             17       0.655084       0.850162      0.0178342
             18       0.882448       0.851955      0.0169334
             19       0.903736       0.854681        0.01626
             20       0.875904       0.855742      0.0154815
