              1        54.3253        54.3253              0
              2        61.2629        57.7941        2.45282
              3        61.5135        59.0339        1.92319
              4        64.3436        60.3613        1.84445
              5        65.9103        61.4711        1.77837
              6        61.9938        61.5582        1.48411
              7        52.0124        60.1945        1.79227
              8         70.081        61.4303        1.94825
              9         57.417        60.9844        1.78208
             10        59.4758        60.8336        1.61024
             11        46.2432        59.5072         1.9345
             12         71.605        60.5153        2.01897
             13        75.4092         61.661        2.16445
             14        68.4152        62.1434        2.06291
             15        64.0707        62.2719        1.92938
             16        71.3415        62.8388        1.89023
             17        64.8418        62.9566        1.78271
             18        61.2657        62.8626        1.68614
             19        68.7623        63.1732        1.62574
             20        63.8398        63.2065        1.54479
              1        63.1692        63.1692              0
              2        61.2877        62.2284       0.665225
              3         61.502        61.9863       0.485554
              4        64.3431        62.5755       0.626891
              5        65.9157        63.2435       0.780084
              6        61.9867        63.0341        0.67761
              7        52.0276        61.4617        1.56731
              8        70.0766        62.5386        1.70159
              9        57.4223        61.9701        1.60467
             10        59.4996        61.7231         1.4631
             11        46.2348         60.315        1.88983
             12        71.6202        61.2571         1.9531
             13        75.4273        62.3471        2.08495
             14        68.3928         62.779        1.98024
             15        64.0753        62.8654        1.85011
             16        71.3274        63.3943        1.80849
             17         64.867        63.4809        1.70418
             18        61.2503         63.357        1.61401
             19        68.7766        63.6422        1.55406
             20        63.8125        63.6507        1.47638
