              1        -0.9484        -0.9484              0
              2      -0.957008      -0.952704     0.00304339
              3      -0.958384      -0.954597     0.00255075
              4        -0.9588      -0.955648     0.00211843
              5      -0.961584      -0.956835     0.00199993
              6      -0.958664       -0.95714     0.00168967
              7      -0.946408      -0.955607     0.00202788
              8      -0.966184      -0.956929     0.00216287
              9      -0.950848      -0.956253     0.00202534
             10      -0.954344      -0.956062     0.00183179
             11        -0.9416      -0.954748     0.00208436
             12      -0.968256      -0.955873     0.00219368
             13      -0.973272      -0.957212      0.0023987
             14         -0.963      -0.957625     0.00226272
             15      -0.960416      -0.957811     0.00211951
             16      -0.967808      -0.958436     0.00207709
             17      -0.961344      -0.958607     0.00196194
             18      -0.957128      -0.958525     0.00185466
             19      -0.967152      -0.958979     0.00181178
             20      -0.959344      -0.958997     0.00172128
              1       -0.95992       -0.95992              0
              2      -0.956928      -0.958424     0.00105783
              3      -0.958352        -0.9584    0.000705493
              4      -0.958776      -0.958494    0.000535346
              5      -0.961552      -0.959106    0.000694741
              6      -0.958472         -0.959    0.000586921
              7      -0.946616      -0.957231     0.00171343
              8      -0.966152      -0.958346     0.00182643
              9      -0.950848      -0.957513     0.00180352
             10      -0.954208      -0.957182     0.00165317
             11       -0.94168      -0.955773       0.002016
             12      -0.968432      -0.956828     0.00210599
             13      -0.973408      -0.958103     0.00229795
             14      -0.962896      -0.958446     0.00215916
             15      -0.960512      -0.958583     0.00201961
             16      -0.967728      -0.959155     0.00197259
             17       -0.96148      -0.959292     0.00186129
             18       -0.95708      -0.959169     0.00176194
             19      -0.967168       -0.95959     0.00171877
             20       -0.95924      -0.959572     0.00163292
