              1        2.65197        2.65197              0
              2        2.65385        2.65291    0.000664487
              3        2.74929        2.68504      0.0262368
              4        2.73205        2.69679      0.0221549
              5        2.57698        2.67283      0.0278122
              6        2.60676        2.66182      0.0252626
              7        2.68955        2.66578       0.021962
              8        2.67815        2.66732      0.0192711
              9        2.69782        2.67071      0.0174253
             10        2.82704        2.68635      0.0215846
             11        2.64355        2.68246      0.0199699
             12        2.78295        2.69083      0.0199849
             13        2.80205        2.69939      0.0201961
             14        2.85652        2.71061      0.0216488
             15        2.77925        2.71519      0.0206835
             16        2.78727        2.71969      0.0198755
             17        2.61179        2.71334      0.0196937
             18        2.76843         2.7164      0.0188358
             19        2.68188        2.71459      0.0179319
             20        2.56582        2.70715      0.0185139
              1        2.64132        2.64132              0
              2        2.66621        2.65376     0.00879912
              3        2.74715        2.68489      0.0260847
              4        2.73686        2.69788      0.0225681
              5        2.58194         2.6747      0.0274982
              6        2.60835        2.66364      0.0250399
              7        2.69418          2.668      0.0218396
              8        2.66501        2.66763      0.0191128
              9        2.71219        2.67258      0.0176189
             10        2.83731        2.68905      0.0222636
             11        2.67927        2.68816      0.0202574
             12        2.77299        2.69523      0.0197641
             13        2.79321        2.70277      0.0196281
             14        2.86284         2.7142      0.0212974
             15        2.79523         2.7196      0.0205513
             16        2.77502        2.72307      0.0195566
             17        2.62759        2.71745      0.0191956
             18        2.78025        2.72094      0.0184436
             19        2.68117        2.71885      0.0175912
             20        2.56926        2.71137      0.0182325
