              1       0.063388       0.063388              0
              2       0.049428       0.056408     0.00493561
              3       0.051524        0.05478     0.00354876
              4       0.066512       0.057713      0.0036791
              5       0.078456      0.0618616      0.0047362
              6       0.035928      0.0575393     0.00558085
              7       0.036964         0.0546     0.00550346
              8        0.05996        0.05527     0.00485614
              9        0.05304      0.0550222     0.00432289
             10       0.046036      0.0541236      0.0039829
             11        0.04274      0.0530887     0.00375286
             12       0.054512      0.0532073     0.00344199
             13       0.053336      0.0532172     0.00317724
             14       0.050288       0.053008     0.00295718
             15        0.08062      0.0548488     0.00328335
             16       0.049556       0.054518     0.00309476
             17         0.0589      0.0547758     0.00292343
             18       0.064784      0.0553318      0.0028134
             19       0.039312      0.0544886     0.00278881
             20       0.057236       0.054626     0.00265275
              1       0.063192       0.063192              0
              2       0.050264       0.056728     0.00457074
              3       0.050176       0.054544     0.00353059
              4        0.06684       0.057618     0.00375483
              5       0.077004      0.0614952     0.00458795
              6       0.036144        0.05727     0.00543089
              7       0.037644      0.0544663     0.00532985
              8       0.060152       0.055177     0.00471076
              9        0.05328      0.0549662     0.00419206
             10       0.044988      0.0539684     0.00388979
             11       0.042672      0.0529415     0.00366924
             12       0.055404      0.0531467      0.0033692
             13        0.05514         0.0533     0.00311352
             14       0.048556      0.0529611      0.0029095
             15       0.080876      0.0548221     0.00325677
             16       0.049704      0.0545023     0.00306889
             17       0.058304      0.0547259      0.0028965
             18       0.065844      0.0553436     0.00280067
             19       0.038552      0.0544598     0.00278922
             20        0.05638      0.0545558     0.00265141
