              1         0.3034         0.3034              0
              2       0.301947       0.302673    0.000513756
              3       0.303533        0.30296      0.0004149
              4        0.30373       0.303152    0.000352993
              5        0.30389         0.3033    0.000311708
              6       0.301552       0.303009    0.000371744
              7       0.302636       0.302955    0.000322427
              8        0.30252       0.302901    0.000286687
              9       0.302542       0.302861    0.000257591
             10       0.301606       0.302735    0.000260624
             11       0.304077       0.302857    0.000263932
             12       0.302935       0.302864    0.000242017
             13       0.302251       0.302817    0.000227945
             14       0.302654       0.302805    0.000211961
             15        0.30401       0.302885    0.000212513
             16       0.303051       0.302896    0.000199484
             17       0.304211       0.302973    0.000202187
             18       0.303854       0.303022    0.000196792
             19       0.303279       0.303036    0.000186899
             20       0.304082       0.303088    0.000184725
              1       0.303703       0.303703              0
              2       0.302166       0.302934    0.000543364
              3       0.303734       0.303201    0.000422591
              4        0.30385       0.303363     0.00034669
              5       0.303792       0.303449    0.000287763
              6       0.301583       0.303138    0.000371581
              7       0.303038       0.303124    0.000318772
              8         0.3036       0.303183    0.000284438
              9       0.302023       0.303054    0.000280549
             10       0.301687       0.302918    0.000283888
             11       0.303217       0.302945    0.000259379
             12       0.302636       0.302919    0.000239038
             13       0.302175       0.302862      0.0002274
             14       0.302645       0.302846    0.000211684
             15        0.30356       0.302894    0.000202852
             16        0.30285       0.302891    0.000190192
             17       0.303716        0.30294    0.000185093
             18       0.304193       0.303009    0.000187446
             19        0.30302        0.30301    0.000177581
             20       0.304193       0.303069     0.00017828
