              1      -0.594368      -0.594368              0
              2      -0.596968      -0.595668    0.000919239
              3      -0.594128      -0.595155    0.000742448
              4      -0.593776       -0.59481    0.000631793
              5      -0.593488      -0.594546    0.000558023
              6      -0.597672      -0.595067    0.000665208
              7      -0.595736      -0.595162     0.00057701
              8      -0.595944       -0.59526    0.000513091
              9      -0.595904      -0.595332    0.000461043
             10      -0.597576      -0.595556    0.000466382
             11      -0.593152      -0.595337    0.000472422
             12        -0.5952      -0.595326    0.000433192
             13      -0.596424       -0.59541     0.00040802
             14      -0.595704      -0.595431    0.000379414
             15      -0.593272      -0.595287    0.000380453
             16      -0.594992      -0.595269    0.000357122
             17      -0.592912       -0.59513     0.00036203
             18      -0.593552      -0.595043    0.000352376
             19      -0.594584      -0.595019    0.000334656
             20      -0.593144      -0.594925    0.000330788
              1      -0.593824      -0.593824              0
              2      -0.596576        -0.5952    0.000972979
              3      -0.593768      -0.594723    0.000756735
              4       -0.59356      -0.594432     0.00062087
              5      -0.593664      -0.594278    0.000515346
              6      -0.597616      -0.594835     0.00066505
              7      -0.595016      -0.594861    0.000570548
              8      -0.594008      -0.594754    0.000509085
              9      -0.596832      -0.594985    0.000502156
             10      -0.597432       -0.59523     0.00050808
             11      -0.594696      -0.595181    0.000464201
             12      -0.595736      -0.595227    0.000427815
             13       -0.59656       -0.59533    0.000407003
             14       -0.59572      -0.595358    0.000378884
             15       -0.59408      -0.595273    0.000363074
             16      -0.595352      -0.595277    0.000340416
             17        -0.5938      -0.595191      0.0003313
             18      -0.592944      -0.595066    0.000335582
             19      -0.595048      -0.595065    0.000317921
             20      -0.592944      -0.594959    0.000319221
