              1        3.06092        3.06092              0
              2        3.02988         3.0454      0.0109713
              3         2.9752          3.022      0.0204593
              4         2.9094        2.99385      0.0288053
              5         2.9109        2.97726      0.0274088
              6        2.82061        2.95115      0.0330109
              7        2.99679        2.95767      0.0289317
              8        2.97651        2.96003      0.0254109
              9        3.02808        2.96759      0.0236857
             10        3.08235        2.97906      0.0239366
