              1      -0.442577      -0.442577              0
              2      -0.445269      -0.443923    0.000951632
              3      -0.430574      -0.439474     0.00368805
              4      -0.420225      -0.434661     0.00500184
              5      -0.412465      -0.430222     0.00563715
              6      -0.387515      -0.423104     0.00801799
              7       -0.42171      -0.422905     0.00687503
              8      -0.407914      -0.421031     0.00626583
              9      -0.415492      -0.420416     0.00559978
             10      -0.469999      -0.425374     0.00689388
