              1      0.0488352      0.0488352              0
              2      0.0483073      0.0485713    0.000186623
              3      0.0476604      0.0482677    0.000277372
              4      0.0497363      0.0486348    0.000379972
              5      0.0490189      0.0487116    0.000311647
              6      0.0487407      0.0487165    0.000259744
              7      0.0500153       0.048902    0.000281209
              8       0.050849      0.0491454    0.000335218
              9      0.0483513      0.0490572    0.000309365
             10      0.0480343      0.0489549    0.000294855
