              1        4.08312        4.08312              0
              2        4.02533        4.05422      0.0204303
              3        3.95595        4.02147      0.0300153
              4        3.96911        4.00838      0.0252039
              5        3.85496        3.97769      0.0340544
              6        3.89087        3.96322      0.0313024
              7        3.95193        3.96161      0.0268722
              8        3.96613        3.96218      0.0235191
              9        3.79627        3.94374      0.0271867
             10        3.91789        3.94116      0.0245906
             11        3.95328        3.94226      0.0223798
             12        3.82255        3.93228      0.0226293
             13        3.68337        3.91314      0.0278341
             14        3.92104         3.9137      0.0258517
             15        3.92358        3.91436      0.0241366
             16        4.27358        3.93681      0.0313782
             17        3.91972         3.9358      0.0295485
             18        4.29453        3.95573      0.0339693
             19        3.94834        3.95535      0.0321836
             20        3.77305        3.94623       0.031839
              1        3.87654        3.87654              0
              2        3.78242        3.82948      0.0332781
              3        3.87298        3.84398      0.0251465
              4        3.91431        3.86156      0.0242394
              5        4.23394        3.93604      0.0693778
              6        4.14046        3.97011      0.0656497
              7        4.01096        3.97594      0.0565299
              8        3.83497        3.95832       0.052138
              9        3.74716        3.93486      0.0513536
             10        4.15038        3.95641      0.0505388
             11        3.82268        3.94425      0.0473842
             12        3.59276        3.91496      0.0517024
             13        4.08958        3.92839      0.0494393
             14        3.98118        3.93217      0.0460515
             15        4.27894        3.95528      0.0484378
             16        3.52317        3.92828      0.0524013
             17        3.97574        3.93107      0.0493931
             18        3.85365        3.92677       0.046836
             19        3.74698         3.9173      0.0453167
             20        4.09625        3.92625      0.0439252
