              1        0.35949        0.35949              0
              2       0.356608       0.358049     0.00101886
              3       0.355722       0.357273    0.000928772
              4       0.358248       0.357517    0.000727843
              5       0.358655       0.357745    0.000616867
              6        0.35733       0.357676    0.000517912
              7       0.357058       0.357587    0.000451383
              8       0.357337       0.357556    0.000396044
              9       0.359565       0.357779    0.000410126
             10        0.35639        0.35764    0.000391932
             11       0.358064       0.357679    0.000358194
             12       0.358397       0.357739    0.000333313
             13       0.355571       0.357572    0.000346867
             14       0.356076       0.357465     0.00033814
             15        0.35579       0.357353    0.000333532
             16       0.359219        0.35747    0.000332436
             17        0.35909       0.357565     0.00032625
             18       0.360052       0.357703    0.000336111
             19         0.3589       0.357766    0.000324265
             20       0.360018       0.357879    0.000327019
              1       0.355319       0.355319              0
              2       0.357575       0.356447    0.000797644
              3       0.358689       0.357194    0.000809497
              4       0.358078       0.357415    0.000636555
              5       0.357228       0.357378    0.000510347
              6       0.356492        0.35723    0.000446119
              7        0.35551       0.356985    0.000444953
              8       0.358058       0.357119    0.000409057
              9       0.360039       0.357443     0.00047517
             10       0.356915        0.35739    0.000430581
             11       0.355722       0.357239    0.000417303
             12       0.360492        0.35751    0.000462302
             13       0.357772        0.35753    0.000427181
             14       0.355333       0.357373    0.000424525
             15       0.357901       0.357408    0.000397682
             16        0.36012       0.357578    0.000407348
             17       0.359727       0.357704    0.000402532
             18       0.356322       0.357627    0.000387424
             19       0.357099       0.357599    0.000368032
             20       0.355817        0.35751    0.000360258
