              1       -0.66204       -0.66204              0
              2      -0.665432      -0.663736     0.00119925
              3      -0.666472      -0.664648     0.00109257
              4      -0.663504      -0.664362    0.000856039
              5      -0.663024      -0.664094    0.000725453
              6      -0.664584      -0.664176    0.000609116
              7      -0.664904       -0.66428    0.000530904
              8      -0.664576      -0.664317    0.000465828
              9      -0.661952      -0.664054    0.000482528
             10      -0.665688      -0.664218    0.000461105
             11       -0.66372      -0.664172      0.0004214
             12      -0.663328      -0.664102    0.000392114
             13      -0.666648      -0.664298    0.000407938
             14      -0.666056      -0.664423     0.00039766
             15      -0.666392      -0.664555    0.000392208
             16       -0.66236      -0.664417    0.000390946
             17      -0.662512      -0.664305    0.000383681
             18      -0.661376      -0.664143    0.000395377
             19      -0.662736      -0.664069    0.000381437
             20      -0.661416      -0.663936    0.000384733
              1      -0.666944      -0.666944              0
              2      -0.664296       -0.66562    0.000936209
              3      -0.662984      -0.664741    0.000950923
              4      -0.663704      -0.664482    0.000747719
              5      -0.664704      -0.664526    0.000599492
              6      -0.665568        -0.6647    0.000524109
              7       -0.66672      -0.664989    0.000522677
              8      -0.663728      -0.664831    0.000480507
              9      -0.661392      -0.664449    0.000558762
             10      -0.665072      -0.664511    0.000506348
             11      -0.666472      -0.664689    0.000490691
             12      -0.660856       -0.66437    0.000543936
             13      -0.664064      -0.664346    0.000502604
             14      -0.666928      -0.664531    0.000499385
             15      -0.663912       -0.66449    0.000467794
             16      -0.661296       -0.66429    0.000479252
             17       -0.66176      -0.664141    0.000473604
             18      -0.665768      -0.664232    0.000455835
             19      -0.664856      -0.664264    0.000433027
             20       -0.66636      -0.664369    0.000423863
