              1      -0.507352      -0.507352              0
              2      -0.508272      -0.507812    0.000325269
              3      -0.505744      -0.507123    0.000603166
              4      -0.502832       -0.50605     0.00103325
              5       -0.50692      -0.506224    0.000841122
              6      -0.509576      -0.506783    0.000866834
              7       -0.50952      -0.507174    0.000826512
              8      -0.506224      -0.507055    0.000731674
              9      -0.506936      -0.507042    0.000650496
             10      -0.508544      -0.507192    0.000602543
             11      -0.506032      -0.507087    0.000556918
             12       -0.50624      -0.507016    0.000514957
             13      -0.506856      -0.507004    0.000475492
             14       -0.50824      -0.507092    0.000449653
             15       -0.50748      -0.507118     0.00042042
             16      -0.505664      -0.507027    0.000403844
             17      -0.505456      -0.506935    0.000390519
             18      -0.506752      -0.506924    0.000368955
             19      -0.509184      -0.507043    0.000368204
             20      -0.502264      -0.506804    0.000420245
              1      -0.506056      -0.506056              0
              2      -0.507464       -0.50676    0.000497803
              3      -0.504856      -0.506125    0.000615363
              4       -0.50404      -0.505604    0.000645635
              5      -0.506848      -0.505853    0.000562407
              6      -0.509592      -0.506476     0.00073709
              7      -0.508576      -0.506776    0.000690148
              8         -0.506      -0.506679    0.000610658
              9      -0.508256      -0.506854    0.000567389
             10       -0.50848      -0.507017    0.000533434
             11       -0.50748      -0.507059      0.0004866
             12      -0.506336      -0.506999    0.000449763
             13       -0.50756      -0.507042    0.000417234
             14       -0.50836      -0.507136    0.000397913
             15      -0.507016      -0.507128    0.000371466
             16      -0.507048      -0.507123    0.000348283
             17      -0.505248      -0.507013    0.000344818
             18      -0.506336      -0.506975    0.000327704
             19      -0.507592      -0.507008    0.000312061
             20      -0.502552      -0.506785    0.000367473
