              1        1.65184        1.65184              0
              2        1.75803        1.70494      0.0375438
              3         1.6895        1.69979      0.0253796
              4        1.72416        1.70588      0.0197521
              5        1.72453        1.70961      0.0161499
              6        1.69211        1.70669      0.0137191
              7        1.75186        1.71315      0.0131895
              8        1.62105        1.70164      0.0157846
              9        1.60006        1.69035      0.0176094
             10        1.73678        1.69499      0.0164491
             11         1.6759        1.69326      0.0150451
             12        1.68397        1.69248      0.0138112
             13        1.74253        1.69633      0.0132744
             14        1.69794        1.69645      0.0123268
             15         1.7267        1.69846      0.0116688
             16        1.64757        1.69528      0.0113648
             17        1.73767        1.69778      0.0109664
             18        1.70511        1.69818      0.0103647
             19        1.71398        1.69901     0.00985249
             20        1.65836        1.69698     0.00956721
              1        1.64726        1.64726              0
              2        1.76762        1.70744      0.0425528
              3        1.68337        1.69942      0.0291155
              4        1.71523        1.70337      0.0221034
              5        1.74139        1.71097      0.0189456
              6        1.69068        1.70759      0.0160872
              7        1.74544          1.713      0.0146695
              8        1.62669        1.70221      0.0163279
              9         1.6156        1.69259      0.0171163
             10        1.74331        1.69766      0.0161389
             11        1.69101        1.69705       0.014683
             12         1.6744        1.69517      0.0135802
             13        1.74269        1.69882      0.0130182
             14        1.70379        1.69918      0.0120932
             15        1.73287        1.70142      0.0114937
             16        1.65244        1.69836      0.0111757
             17        1.73904        1.70075      0.0107714
             18        1.69847        1.70063      0.0101738
             19         1.7111        1.70118     0.00965323
             20        1.64846        1.69854     0.00952359
