              1       0.046168       0.046168              0
              2       0.031416       0.038792     0.00521562
              3       0.027708      0.0350973     0.00460331
              4       0.044692       0.037496     0.00402925
              5       0.050548      0.0401064     0.00398016
              6       0.026532       0.037844     0.00390724
              7       0.022672      0.0356766     0.00390421
              8       0.048524      0.0372825     0.00373188
              9       0.032484      0.0367493      0.0033551
             10       0.037884      0.0368628     0.00302151
             11       0.022668      0.0355724      0.0030098
             12        0.02614      0.0347863     0.00285978
             13       0.034128      0.0347357     0.00264024
             14       0.031584      0.0345106     0.00246123
             15       0.051524      0.0356448     0.00254512
             16       0.026424      0.0350685     0.00245042
             17       0.041016      0.0354184     0.00233112
             18       0.041588      0.0357611     0.00222667
             19       0.035484      0.0357465     0.00210953
             20       0.040176       0.035968     0.00201564
              1        0.04536        0.04536              0
              2       0.032244       0.038802     0.00463721
              3       0.026712       0.034772     0.00451492
              4       0.044588       0.037226     0.00399786
              5       0.048816       0.039544      0.0038115
              6       0.026428       0.037358      0.0037511
              7       0.023324      0.0353531     0.00371253
              8       0.048884      0.0370445     0.00361326
              9       0.032844      0.0365778     0.00324179
             10       0.037404      0.0366604     0.00291866
             11       0.023252      0.0354415     0.00289671
             12        0.02822      0.0348397     0.00271711
             13       0.034676      0.0348271     0.00250813
             14        0.03056      0.0345223     0.00234742
             15       0.051456      0.0356512     0.00244738
             16       0.025792       0.035035     0.00237072
             17       0.040676      0.0353668     0.00225437
             18       0.043392      0.0358127     0.00217276
             19       0.034472      0.0357421     0.00205955
             20       0.038912      0.0359006     0.00196267
