              1       0.231764       0.231764              0
              2       0.231472       0.231618    0.000103103
              3       0.232272       0.231836    0.000190867
              4       0.233189       0.232174    0.000325999
              5         0.2319       0.232119    0.000265355
              6       0.231058       0.231942    0.000273835
              7       0.231076       0.231819    0.000261219
              8        0.23212       0.231856    0.000231276
              9       0.231895       0.231861     0.00020562
             10       0.231386       0.231813    0.000190464
             11       0.232181       0.231847    0.000176062
             12       0.232115       0.231869    0.000162809
             13       0.231921       0.231873    0.000150334
             14       0.231482       0.231845    0.000142164
             15       0.231723       0.231837    0.000132918
             16       0.232297       0.231866    0.000127687
             17       0.232363       0.231895    0.000123481
             18       0.231954       0.231898    0.000116664
             19       0.231182       0.231861    0.000116448
             20       0.233367       0.231936    0.000132767
              1       0.232174       0.232174              0
              2       0.231728       0.231951    0.000157465
              3       0.232552       0.232151    0.000194428
              4       0.232809       0.232316     0.00020383
              5       0.231923       0.232237    0.000177543
              6       0.231053        0.23204    0.000233173
              7       0.231376       0.231945     0.00021832
              8       0.232191       0.231976    0.000193189
              9       0.231477        0.23192    0.000179491
             10       0.231406       0.231869    0.000168749
             11       0.231723       0.231856    0.000153928
             12       0.232085       0.231875    0.000142283
             13       0.231698       0.231861    0.000131988
             14       0.231444       0.231831    0.000125877
             15        0.23187       0.231834    0.000117511
             16        0.23186       0.231836    0.000110178
             17       0.232429        0.23187     0.00010908
             18       0.232085       0.231882    0.000103669
             19       0.231688       0.231872    9.87185e-05
             20       0.233277       0.231942    0.000116103
