           Iteration         Path Length         Temperature
                   0              559.58                  90
                 100             489.983               89.85
                 200             541.706                89.7
                 300             544.005               89.55
                 400             597.476                89.4
                 500             391.218               89.25
                 600              538.39                89.1
                 700             562.122               88.95
                 800             472.352                88.8
                 900             520.993               88.65
                1000             575.612                88.5
                1100             546.018               88.35
                1200             487.136                88.2
                1300             510.316               88.05
                1400             477.728                87.9
                1500             510.778               87.75
                1600             466.234                87.6
                1700               504.7               87.45
                1800             483.054                87.3
                1900             470.981               87.15
                2000             508.672                  87
                2100             480.223               86.85
                2200             499.959                86.7
                2300             523.082               86.55
                2400             509.342                86.4
                2500             552.095               86.25
                2600             467.681                86.1
                2700              495.13               85.95
                2800             579.636                85.8
                2900              579.58               85.65
                3000             459.384                85.5
                3100             519.334               85.35
                3200             523.237                85.2
                3300             485.662               85.05
                3400             546.456                84.9
                3500             554.299               84.75
                3600             525.878                84.6
                3700             503.883               84.45
                3800             576.498                84.3
                3900             536.253               84.15
                4000             474.898                  84
                4100             502.727               83.85
                4200              561.24                83.7
                4300             498.007               83.55
                4400             459.172                83.4
                4500             508.248               83.25
                4600             488.689                83.1
                4700             474.668               82.95
                4800             526.062                82.8
                4900             551.204               82.65
                5000             507.532                82.5
                5100             513.521               82.35
                5200             566.899                82.2
                5300              501.24               82.05
                5400             556.673                81.9
                5500             447.814               81.75
                5600             501.999                81.6
                5700             497.695               81.45
                5800               440.1                81.3
                5900             488.732               81.15
                6000             548.452                  81
                6100             551.151               80.85
                6200             520.872                80.7
                6300             520.502               80.55
                6400             503.063                80.4
                6500             522.738               80.25
                6600             500.412                80.1
                6700             482.151               79.95
                6800             496.301                79.8
                6900             459.938               79.65
                7000             473.701                79.5
                7100             509.369               79.35
                7200             520.065                79.2
                7300             477.709               79.05
                7400              468.46                78.9
                7500              563.28               78.75
                7600             484.523                78.6
                7700              515.76               78.45
                7800             413.466                78.3
                7900             506.446               78.15
                8000             527.617                  78
                8100             493.386               77.85
                8200             510.444                77.7
                8300             472.551               77.55
                8400             570.241                77.4
                8500              524.19               77.25
                8600             584.105                77.1
                8700             579.271               76.95
                8800             546.868                76.8
                8900             537.969               76.65
                9000             488.802                76.5
                9100             519.712               76.35
                9200             534.985                76.2
                9300             507.604               76.05
                9400              555.56                75.9
                9500             475.767               75.75
                9600             524.279                75.6
                9700             494.823               75.45
                9800             473.503                75.3
                9900             600.908               75.15
               10000             591.519                  75
               10100             557.229               74.85
               10200             547.875                74.7
               10300             515.664               74.55
               10400             523.159                74.4
               10500             548.653               74.25
               10600             536.445                74.1
               10700             478.262               73.95
               10800             518.639                73.8
               10900             546.746               73.65
               11000             459.821                73.5
               11100             615.834               73.35
               11200             435.331                73.2
               11300             442.191               73.05
               11400             539.661                72.9
               11500             539.909               72.75
               11600             504.523                72.6
               11700             502.707               72.45
               11800             551.311                72.3
               11900             469.102               72.15
               12000              529.66                  72
               12100             557.949               71.85
               12200             470.343                71.7
               12300             509.463               71.55
               12400             490.166                71.4
               12500              567.53               71.25
               12600             584.804                71.1
               12700              444.84               70.95
               12800             464.048                70.8
               12900             458.624               70.65
               13000             521.017                70.5
               13100             518.154               70.35
               13200             525.569                70.2
               13300              523.51               70.05
               13400             504.006                69.9
               13500             572.051               69.75
               13600             492.896                69.6
               13700             505.656               69.45
               13800              512.56                69.3
               13900             442.735               69.15
               14000             488.166                  69
               14100             527.639               68.85
               14200             496.549                68.7
               14300             504.035               68.55
               14400             459.444                68.4
               14500              580.35               68.25
               14600             509.296                68.1
               14700             535.153               67.95
               14800             453.525                67.8
               14900             541.044               67.65
               15000             505.959                67.5
               15100             464.475               67.35
               15200             544.812                67.2
               15300             519.741               67.05
               15400             546.319                66.9
               15500              455.94               66.75
               15600             420.931                66.6
               15700             514.128               66.45
               15800             518.117                66.3
               15900             598.567               66.15
               16000             491.581                  66
               16100             509.055               65.85
               16200              513.98                65.7
               16300             548.375               65.55
               16400             526.543                65.4
               16500             458.409               65.25
               16600              577.98                65.1
               16700             514.938               64.95
               16800             543.173                64.8
               16900             475.419               64.65
               17000             540.176                64.5
               17100             528.965               64.35
               17200             495.755                64.2
               17300             581.715               64.05
               17400             532.602                63.9
               17500              474.46               63.75
               17600             570.707                63.6
               17700             475.407               63.45
               17800              514.66                63.3
               17900             547.342               63.15
               18000             589.402                  63
               18100             464.418               62.85
               18200             480.569                62.7
               18300             494.394               62.55
               18400               483.1                62.4
               18500             515.899               62.25
               18600             472.537                62.1
               18700             558.049               61.95
               18800             527.226                61.8
               18900             581.304               61.65
               19000             519.688                61.5
               19100             519.611               61.35
               19200              498.78                61.2
               19300             479.327               61.05
               19400             490.448                60.9
               19500             569.484               60.75
               19600             473.686                60.6
               19700             473.864               60.45
               19800             475.417                60.3
               19900             473.535               60.15
               20000             479.331                  60
               20100             555.238               59.85
               20200             522.251                59.7
               20300             533.712               59.55
               20400             455.687                59.4
               20500             515.739               59.25
               20600             526.689                59.1
               20700             536.065               58.95
               20800             519.023                58.8
               20900             501.689               58.65
               21000             581.975                58.5
               21100             528.387               58.35
               21200             536.579                58.2
               21300             587.616               58.05
               21400              505.81                57.9
               21500             459.991               57.75
               21600             430.967                57.6
               21700             505.872               57.45
               21800             457.334                57.3
               21900             438.361               57.15
               22000             466.226                  57
               22100             476.785               56.85
               22200             557.119                56.7
               22300              510.68               56.55
               22400             524.805                56.4
               22500              466.67               56.25
               22600             475.881                56.1
               22700             435.508               55.95
               22800             499.142                55.8
               22900             515.423               55.65
               23000              602.93                55.5
               23100              461.31               55.35
               23200             539.891                55.2
               23300              529.62               55.05
               23400             522.391                54.9
               23500             534.627               54.75
               23600             490.116                54.6
               23700             552.307               54.45
               23800             544.843                54.3
               23900             547.319               54.15
               24000             477.211                  54
               24100             549.572               53.85
               24200             444.385                53.7
               24300             508.454               53.55
               24400             502.192                53.4
               24500             516.989               53.25
               24600              523.99                53.1
               24700             423.594               52.95
               24800              512.68                52.8
               24900             529.828               52.65
               25000             386.628                52.5
               25100             423.202               52.35
               25200             538.968                52.2
               25300             591.839               52.05
               25400             440.233                51.9
               25500             514.869               51.75
               25600             534.176                51.6
               25700             526.068               51.45
               25800             544.285                51.3
               25900             517.054               51.15
               26000             554.383                  51
               26100             505.301               50.85
               26200             509.276                50.7
               26300              482.42               50.55
               26400             559.329                50.4
               26500             455.274               50.25
               26600              475.55                50.1
               26700             539.306               49.95
               26800             490.421                49.8
               26900             546.414               49.65
               27000             487.335                49.5
               27100             569.746               49.35
               27200             521.345                49.2
               27300             522.985               49.05
               27400             507.732                48.9
               27500             543.229               48.75
               27600             487.956                48.6
               27700             552.839               48.45
               27800             498.357                48.3
               27900             500.168               48.15
               28000             469.772                  48
               28100             476.783               47.85
               28200             536.383                47.7
               28300             483.643               47.55
               28400             487.983                47.4
               28500             454.925               47.25
               28600             520.622                47.1
               28700             565.145               46.95
               28800             479.871                46.8
               28900             538.696               46.65
               29000              523.45                46.5
               29100             535.879               46.35
               29200             535.499                46.2
               29300             433.396               46.05
               29400             528.165                45.9
               29500             473.247               45.75
               29600              458.95                45.6
               29700             497.676               45.45
               29800             485.862                45.3
               29900             443.514               45.15
               30000             554.177                  45
               30100             448.095               44.85
               30200             474.137                44.7
               30300             499.001               44.55
               30400             511.947                44.4
               30500             476.948               44.25
               30600             538.154                44.1
               30700             472.623               43.95
               30800             602.845                43.8
               30900             536.967               43.65
               31000             534.166                43.5
               31100             491.045               43.35
               31200             501.975                43.2
               31300             487.997               43.05
               31400             456.652                42.9
               31500             499.508               42.75
               31600             431.648                42.6
               31700             461.267               42.45
               31800             547.282                42.3
               31900             484.174               42.15
               32000             565.409                  42
               32100              541.64               41.85
               32200             490.258                41.7
               32300             514.667               41.55
               32400             632.581                41.4
               32500             407.312               41.25
               32600             548.414                41.1
               32700             442.346               40.95
               32800             479.361                40.8
               32900             500.429               40.65
               33000              496.34                40.5
               33100             441.303               40.35
               33200             539.701                40.2
               33300             445.594               40.05
               33400             576.798                39.9
               33500             479.797               39.75
               33600             479.855                39.6
               33700             475.559               39.45
               33800              521.71                39.3
               33900             499.693               39.15
               34000             497.079                  39
               34100             523.224               38.85
               34200              527.07                38.7
               34300             515.582               38.55
               34400              536.22                38.4
               34500             552.636               38.25
               34600             475.606                38.1
               34700             505.806               37.95
               34800             473.753                37.8
               34900             520.485               37.65
               35000             509.138                37.5
               35100             454.922               37.35
               35200             465.137                37.2
               35300             522.247               37.05
               35400             452.025                36.9
               35500             430.535               36.75
               35600             506.468                36.6
               35700             417.904               36.45
               35800             507.204                36.3
               35900             473.667               36.15
               36000              424.25                  36
               36100             464.482               35.85
               36200             443.236                35.7
               36300             539.853               35.55
               36400             497.866                35.4
               36500             386.037               35.25
               36600              411.56                35.1
               36700             520.587               34.95
               36800             570.515                34.8
               36900               477.4               34.65
               37000              557.63                34.5
               37100             503.512               34.35
               37200              454.64                34.2
               37300             507.049               34.05
               37400             467.328                33.9
               37500             505.634               33.75
               37600             427.217                33.6
               37700             454.447               33.45
               37800             518.575                33.3
               37900             434.975               33.15
               38000             405.972                  33
               38100             503.851               32.85
               38200             483.552                32.7
               38300             475.334               32.55
               38400             423.682                32.4
               38500              494.06               32.25
               38600             472.918                32.1
               38700             448.679               31.95
               38800             508.003                31.8
               38900             425.228               31.65
               39000             555.888                31.5
               39100               472.9               31.35
               39200             526.968                31.2
               39300             469.234               31.05
               39400              508.82                30.9
               39500             428.811               30.75
               39600             449.589                30.6
               39700             471.611               30.45
               39800             460.282                30.3
               39900             538.482               30.15
               40000              480.76                  30
               40100             515.634               29.85
               40200             474.102                29.7
               40300              456.31               29.55
               40400             542.237                29.4
               40500             536.089               29.25
               40600             458.827                29.1
               40700             503.423               28.95
               40800             514.273                28.8
               40900             449.587               28.65
               41000             560.325                28.5
               41100             532.463               28.35
               41200             495.162                28.2
               41300             506.487               28.05
               41400             470.524                27.9
               41500             432.462               27.75
               41600             446.979                27.6
               41700             554.612               27.45
               41800              454.43                27.3
               41900             522.072               27.15
               42000             472.613                  27
               42100             466.477               26.85
               42200             469.025                26.7
               42300              458.86               26.55
               42400             457.591                26.4
               42500             459.468               26.25
               42600             476.696                26.1
               42700             484.812               25.95
               42800             468.555                25.8
               42900             464.603               25.65
               43000             467.317                25.5
               43100             497.357               25.35
               43200             445.351                25.2
               43300             456.795               25.05
               43400             463.627                24.9
               43500             511.365               24.75
               43600             391.723                24.6
               43700             445.922               24.45
               43800             449.026                24.3
               43900             439.518               24.15
               44000             511.972                  24
               44100             542.045               23.85
               44200             502.632                23.7
               44300             535.236               23.55
               44400             432.815                23.4
               44500             415.861               23.25
               44600             511.346                23.1
               44700             596.917               22.95
               44800             457.167                22.8
               44900             425.738               22.65
               45000             444.156                22.5
               45100             435.394               22.35
               45200             472.818                22.2
               45300             418.272               22.05
               45400              497.45                21.9
               45500             468.552               21.75
               45600             478.369                21.6
               45700             420.447               21.45
               45800              412.37                21.3
               45900             402.625               21.15
               46000              455.03                  21
               46100             494.645               20.85
               46200             447.557                20.7
               46300             408.163               20.55
               46400             447.042                20.4
               46500             390.731               20.25
               46600             545.343                20.1
               46700             438.987               19.95
               46800             482.377                19.8
               46900             427.713               19.65
               47000             434.568                19.5
               47100             463.279               19.35
               47200              448.26                19.2
               47300             440.666               19.05
               47400             468.139                18.9
               47500             387.287               18.75
               47600             401.646                18.6
               47700             482.658               18.45
               47800              500.86                18.3
               47900             535.371               18.15
               48000             427.665                  18
               48100             451.566               17.85
               48200             376.382                17.7
               48300             467.303               17.55
               48400             462.357                17.4
               48500             459.607               17.25
               48600             423.871                17.1
               48700             414.826               16.95
               48800             404.488                16.8
               48900             473.038               16.65
               49000             431.939                16.5
               49100             422.265               16.35
               49200             437.896                16.2
               49300             446.158               16.05
               49400             448.189                15.9
               49500             384.091               15.75
               49600             487.158                15.6
               49700             451.539               15.45
               49800             470.794                15.3
               49900             450.259               15.15
               50000             405.522                  15
               50100             428.263               14.85
               50200             374.165                14.7
               50300             464.224               14.55
               50400             558.246                14.4
               50500             562.963               14.25
               50600             422.619                14.1
               50700             371.841               13.95
               50800             382.178                13.8
               50900             363.438               13.65
               51000             367.556                13.5
               51100             371.089               13.35
               51200              439.44                13.2
               51300             499.803               13.05
               51400             450.066                12.9
               51500              335.16               12.75
               51600             343.187                12.6
               51700             357.326               12.45
               51800             351.473                12.3
               51900             361.873               12.15
               52000             365.989                  12
               52100             389.426               11.85
               52200             406.881                11.7
               52300             367.627               11.55
               52400             405.136                11.4
               52500             365.973               11.25
               52600             422.774                11.1
               52700             417.604               10.95
               52800              428.19                10.8
               52900             420.534               10.65
               53000             400.498                10.5
               53100             395.823               10.35
               53200             439.426                10.2
               53300             452.398               10.05
               53400             464.314                 9.9
               53500             369.982                9.75
               53600             417.371                 9.6
               53700             359.234                9.45
               53800             351.868                 9.3
               53900             423.855                9.15
               54000             365.901                   9
               54100             384.343                8.85
               54200             422.753                 8.7
               54300             361.319                8.55
               54400             365.404                 8.4
               54500             327.486                8.25
               54600             275.262                 8.1
               54700             303.261                7.95
               54800             372.798                 7.8
               54900             272.206                7.65
               55000               336.6                 7.5
               55100             344.825                7.35
               55200             286.674                 7.2
               55300              308.46                7.05
               55400               292.8                 6.9
               55500             343.288                6.75
               55600             318.878                 6.6
               55700             355.872                6.45
               55800             383.446                 6.3
               55900             363.712                6.15
               56000             349.319                   6
               56100             320.969                5.85
               56200             271.347                 5.7
               56300             271.271                5.55
               56400             279.645                 5.4
               56500             265.338                5.25
               56600             276.186                 5.1
               56700             269.622                4.95
               56800             241.859                 4.8
               56900             233.763                4.65
               57000             241.415                 4.5
               57100             254.038                4.35
               57200             238.905                 4.2
               57300             221.929                4.05
               57400             230.186                 3.9
               57500             233.194                3.75
               57600             231.128                 3.6
               57700             229.928                3.45
               57800             227.425                 3.3
               57900             218.993                3.15
               58000             222.065                   3
               58100             190.171                2.85
               58200             194.501                 2.7
               58300             187.025                2.55
               58400             177.333                 2.4
               58500             175.806                2.25
               58600             171.278                 2.1
               58700             186.698                1.95
               58800             189.349                 1.8
               58900             187.674                1.65
               59000             185.759                 1.5
               59100              177.12                1.35
               59200             180.906                 1.2
               59300             173.863                1.05
               59400             172.812                 0.9
               59500             170.199                0.75
               59600             169.139                 0.6
               59700             169.139                0.45
               59800             168.779                 0.3
               59900             168.493                0.15
