           Iteration         Path Length         Temperature
                   0             560.866                  90
                 100             510.731               89.85
                 200             478.861                89.7
                 300              570.89               89.55
                 400             546.903                89.4
                 500             574.356               89.25
                 600             513.845                89.1
                 700             502.818               88.95
                 800             507.475                88.8
                 900             562.209               88.65
                1000             578.628                88.5
                1100             608.365               88.35
                1200             482.775                88.2
                1300              515.81               88.05
                1400             490.436                87.9
                1500             444.562               87.75
                1600             527.413                87.6
                1700             526.183               87.45
                1800             493.459                87.3
                1900             457.058               87.15
                2000             586.933                  87
                2100              542.79               86.85
                2200              449.52                86.7
                2300             563.039               86.55
                2400              568.49                86.4
                2500             493.908               86.25
                2600             455.083                86.1
                2700             500.381               85.95
                2800               513.6                85.8
                2900             503.641               85.65
                3000             607.992                85.5
                3100             577.274               85.35
                3200             473.366                85.2
                3300             488.537               85.05
                3400             520.791                84.9
                3500             467.361               84.75
                3600             528.668                84.6
                3700             510.892               84.45
                3800              497.34                84.3
                3900             481.014               84.15
                4000             530.835                  84
                4100             432.639               83.85
                4200             534.844                83.7
                4300             609.294               83.55
                4400             494.437                83.4
                4500             473.178               83.25
                4600             570.793                83.1
                4700             593.597               82.95
                4800             615.332                82.8
                4900             543.809               82.65
                5000             584.445                82.5
                5100             513.443               82.35
                5200             479.555                82.2
                5300             481.003               82.05
                5400             502.445                81.9
                5500             505.816               81.75
                5600             575.602                81.6
                5700             422.027               81.45
                5800             535.446                81.3
                5900             528.084               81.15
                6000             476.307                  81
                6100             428.232               80.85
                6200             525.139                80.7
                6300             611.545               80.55
                6400              519.91                80.4
                6500             520.257               80.25
                6600             451.439                80.1
                6700             496.092               79.95
                6800             503.001                79.8
                6900             588.951               79.65
                7000             563.204                79.5
                7100             601.188               79.35
                7200             558.381                79.2
                7300             553.394               79.05
                7400             602.683                78.9
                7500             482.355               78.75
                7600             549.976                78.6
                7700             540.805               78.45
                7800             537.999                78.3
                7900              512.28               78.15
                8000             438.476                  78
                8100             566.883               77.85
                8200             582.225                77.7
                8300             561.957               77.55
                8400             528.552                77.4
                8500             524.937               77.25
                8600              465.54                77.1
                8700             587.087               76.95
                8800              461.03                76.8
                8900             513.518               76.65
                9000              554.38                76.5
                9100             554.654               76.35
                9200             538.715                76.2
                9300             540.556               76.05
                9400             533.094                75.9
                9500             469.122               75.75
                9600             499.529                75.6
                9700             459.363               75.45
                9800             554.058                75.3
                9900             606.774               75.15
               10000             487.736                  75
               10100             475.812               74.85
               10200               440.6                74.7
               10300             416.961               74.55
               10400             425.918                74.4
               10500             531.443               74.25
               10600              522.26                74.1
               10700              446.22               73.95
               10800             459.083                73.8
               10900             471.108               73.65
               11000             445.777                73.5
               11100             511.484               73.35
               11200             607.024                73.2
               11300             537.557               73.05
               11400              536.47                72.9
               11500             550.907               72.75
               11600             499.068                72.6
               11700             407.109               72.45
               11800              541.17                72.3
               11900              520.08               72.15
               12000             495.485                  72
               12100             546.132               71.85
               12200              512.39                71.7
               12300             596.764               71.55
               12400             512.094                71.4
               12500             471.638               71.25
               12600             540.587                71.1
               12700             606.462               70.95
               12800              595.36                70.8
               12900             573.721               70.65
               13000             433.925                70.5
               13100             533.993               70.35
               13200             515.355                70.2
               13300              545.02               70.05
               13400             559.191                69.9
               13500             512.674               69.75
               13600             527.665                69.6
               13700              527.11               69.45
               13800             514.083                69.3
               13900             483.386               69.15
               14000             551.578                  69
               14100             546.978               68.85
               14200             532.531                68.7
               14300             523.077               68.55
               14400             565.634                68.4
               14500             567.509               68.25
               14600             518.263                68.1
               14700             523.045               67.95
               14800             477.189                67.8
               14900             531.441               67.65
               15000             554.536                67.5
               15100             526.325               67.35
               15200             591.438                67.2
               15300             544.119               67.05
               15400             568.476                66.9
               15500             533.344               66.75
               15600             481.512                66.6
               15700              508.98               66.45
               15800             482.447                66.3
               15900             574.683               66.15
               16000             491.858                  66
               16100             527.124               65.85
               16200             555.732                65.7
               16300             450.923               65.55
               16400             501.135                65.4
               16500             511.041               65.25
               16600             579.487                65.1
               16700             548.569               64.95
               16800             546.257                64.8
               16900             495.861               64.65
               17000             506.185                64.5
               17100             527.865               64.35
               17200             545.028                64.2
               17300             501.435               64.05
               17400             520.925                63.9
               17500             472.735               63.75
               17600             438.504                63.6
               17700             468.084               63.45
               17800              510.07                63.3
               17900             515.194               63.15
               18000             545.837                  63
               18100             527.504               62.85
               18200             555.761                62.7
               18300             539.245               62.55
               18400             453.624                62.4
               18500             457.553               62.25
               18600             571.254                62.1
               18700             519.502               61.95
               18800             483.435                61.8
               18900             543.589               61.65
               19000             579.052                61.5
               19100             567.254               61.35
               19200             515.697                61.2
               19300             510.065               61.05
               19400             493.849                60.9
               19500             414.005               60.75
               19600             467.985                60.6
               19700             540.557               60.45
               19800             455.879                60.3
               19900             533.976               60.15
               20000             517.694                  60
               20100              523.13               59.85
               20200             382.603                59.7
               20300             479.355               59.55
               20400             527.402                59.4
               20500             409.369               59.25
               20600             489.892                59.1
               20700             519.683               58.95
               20800             480.526                58.8
               20900             501.841               58.65
               21000             510.305                58.5
               21100             578.412               58.35
               21200             515.831                58.2
               21300              528.54               58.05
               21400             523.032                57.9
               21500             504.683               57.75
               21600             509.358                57.6
               21700             505.199               57.45
               21800             521.704                57.3
               21900              531.72               57.15
               22000             511.715                  57
               22100             453.751               56.85
               22200             536.054                56.7
               22300             468.265               56.55
               22400             483.636                56.4
               22500             475.597               56.25
               22600              530.81                56.1
               22700             535.113               55.95
               22800             564.518                55.8
               22900             472.526               55.65
               23000              567.26                55.5
               23100             456.631               55.35
               23200             594.823                55.2
               23300             526.789               55.05
               23400             541.036                54.9
               23500             550.397               54.75
               23600             521.139                54.6
               23700             502.179               54.45
               23800             530.936                54.3
               23900             470.793               54.15
               24000             505.875                  54
               24100             534.619               53.85
               24200             516.926                53.7
               24300             481.769               53.55
               24400             447.969                53.4
               24500             532.635               53.25
               24600              538.64                53.1
               24700              559.74               52.95
               24800              538.68                52.8
               24900             477.465               52.65
               25000             466.184                52.5
               25100             533.452               52.35
               25200             507.508                52.2
               25300             485.801               52.05
               25400             485.158                51.9
               25500             434.452               51.75
               25600             485.458                51.6
               25700             536.052               51.45
               25800             526.544                51.3
               25900             454.993               51.15
               26000             462.808                  51
               26100             475.236               50.85
               26200             505.701                50.7
               26300             485.082               50.55
               26400             520.191                50.4
               26500             488.189               50.25
               26600             505.757                50.1
               26700             489.458               49.95
               26800             503.287                49.8
               26900             523.135               49.65
               27000             510.771                49.5
               27100             587.208               49.35
               27200             537.034                49.2
               27300             547.633               49.05
               27400               495.7                48.9
               27500             446.084               48.75
               27600              447.54                48.6
               27700             519.186               48.45
               27800             521.329                48.3
               27900             576.906               48.15
               28000             472.698                  48
               28100             502.922               47.85
               28200             520.244                47.7
               28300             529.573               47.55
               28400             469.132                47.4
               28500             521.371               47.25
               28600             458.342                47.1
               28700             498.902               46.95
               28800             473.201                46.8
               28900             561.979               46.65
               29000              443.99                46.5
               29100             531.622               46.35
               29200             446.748                46.2
               29300             547.709               46.05
               29400             512.871                45.9
               29500             508.338               45.75
               29600             507.466                45.6
               29700             477.958               45.45
               29800             511.876                45.3
               29900             527.814               45.15
               30000             575.972                  45
               30100             526.232               44.85
               30200              414.87                44.7
               30300             545.886               44.55
               30400             520.061                44.4
               30500              503.73               44.25
               30600             540.195                44.1
               30700             487.798               43.95
               30800             476.005                43.8
               30900              483.61               43.65
               31000              515.73                43.5
               31100             425.002               43.35
               31200             477.634                43.2
               31300             518.135               43.05
               31400              516.79                42.9
               31500             508.555               42.75
               31600             488.435                42.6
               31700             543.918               42.45
               31800              516.17                42.3
               31900             501.394               42.15
               32000             450.354                  42
               32100             426.215               41.85
               32200             517.172                41.7
               32300             557.533               41.55
               32400             498.637                41.4
               32500             483.869               41.25
               32600             438.729                41.1
               32700             576.611               40.95
               32800             580.262                40.8
               32900             497.437               40.65
               33000             492.118                40.5
               33100             508.098               40.35
               33200             516.542                40.2
               33300             556.407               40.05
               33400             484.086                39.9
               33500             360.656               39.75
               33600             475.072                39.6
               33700             548.068               39.45
               33800             477.979                39.3
               33900             512.415               39.15
               34000             515.221                  39
               34100             447.824               38.85
               34200             526.333                38.7
               34300             495.713               38.55
               34400              562.38                38.4
               34500             462.369               38.25
               34600             462.466                38.1
               34700             484.032               37.95
               34800             423.039                37.8
               34900             463.313               37.65
               35000             434.997                37.5
               35100              525.93               37.35
               35200             449.063                37.2
               35300             528.483               37.05
               35400             435.008                36.9
               35500             463.539               36.75
               35600             485.714                36.6
               35700             500.038               36.45
               35800             573.125                36.3
               35900             576.011               36.15
               36000             551.344                  36
               36100             575.909               35.85
               36200             424.223                35.7
               36300             512.879               35.55
               36400             446.975                35.4
               36500             480.811               35.25
               36600             523.394                35.1
               36700             503.071               34.95
               36800             555.858                34.8
               36900             462.201               34.65
               37000             445.338                34.5
               37100             501.495               34.35
               37200             481.983                34.2
               37300             429.532               34.05
               37400             413.569                33.9
               37500             501.791               33.75
               37600             490.777                33.6
               37700             574.342               33.45
               37800             507.118                33.3
               37900             567.806               33.15
               38000              457.07                  33
               38100             490.416               32.85
               38200             472.895                32.7
               38300             481.875               32.55
               38400             530.614                32.4
               38500             553.069               32.25
               38600             431.458                32.1
               38700             411.955               31.95
               38800             488.823                31.8
               38900             444.492               31.65
               39000             485.369                31.5
               39100              467.26               31.35
               39200             501.299                31.2
               39300             414.924               31.05
               39400             576.755                30.9
               39500             429.105               30.75
               39600              488.56                30.6
               39700             533.545               30.45
               39800             464.049                30.3
               39900             488.876               30.15
               40000             509.518                  30
               40100             524.096               29.85
               40200             474.227                29.7
               40300             490.293               29.55
               40400              454.82                29.4
               40500             488.018               29.25
               40600             469.766                29.1
               40700             471.688               28.95
               40800             466.632                28.8
               40900             490.307               28.65
               41000             525.132                28.5
               41100             460.504               28.35
               41200             544.999                28.2
               41300             511.381               28.05
               41400             449.831                27.9
               41500             530.762               27.75
               41600             413.164                27.6
               41700             428.063               27.45
               41800             545.022                27.3
               41900              442.32               27.15
               42000             459.701                  27
               42100             507.879               26.85
               42200             406.337                26.7
               42300             446.921               26.55
               42400             476.394                26.4
               42500             556.332               26.25
               42600             424.792                26.1
               42700             464.747               25.95
               42800             509.098                25.8
               42900             448.844               25.65
               43000             451.064                25.5
               43100             469.839               25.35
               43200             507.011                25.2
               43300              462.67               25.05
               43400             497.554                24.9
               43500             476.738               24.75
               43600             508.941                24.6
               43700             433.788               24.45
               43800             403.684                24.3
               43900             448.345               24.15
               44000             480.175                  24
               44100             443.204               23.85
               44200             445.211                23.7
               44300             567.159               23.55
               44400             486.225                23.4
               44500             478.894               23.25
               44600             476.819                23.1
               44700             501.845               22.95
               44800             502.847                22.8
               44900             402.183               22.65
               45000             426.319                22.5
               45100             504.947               22.35
               45200             483.829                22.2
               45300             471.345               22.05
               45400             432.337                21.9
               45500             514.991               21.75
               45600             355.039                21.6
               45700             478.794               21.45
               45800             439.749                21.3
               45900             462.779               21.15
               46000             457.165                  21
               46100             490.749               20.85
               46200             458.093                20.7
               46300             521.037               20.55
               46400             523.308                20.4
               46500             516.927               20.25
               46600             474.604                20.1
               46700             419.595               19.95
               46800             334.413                19.8
               46900             429.141               19.65
               47000             422.291                19.5
               47100             377.848               19.35
               47200             446.695                19.2
               47300             455.208               19.05
               47400             518.576                18.9
               47500             497.631               18.75
               47600             462.567                18.6
               47700             410.597               18.45
               47800             464.748                18.3
               47900              397.24               18.15
               48000             438.418                  18
               48100             373.837               17.85
               48200             456.515                17.7
               48300             435.556               17.55
               48400             446.794                17.4
               48500             375.934               17.25
               48600             445.489                17.1
               48700             460.907               16.95
               48800             455.878                16.8
               48900             507.357               16.65
               49000             464.583                16.5
               49100             425.741               16.35
               49200             385.988                16.2
               49300             475.067               16.05
               49400             417.547                15.9
               49500             483.696               15.75
               49600             390.619                15.6
               49700             305.145               15.45
               49800             344.691                15.3
               49900             383.702               15.15
               50000             359.225                  15
               50100             391.173               14.85
               50200             428.785                14.7
               50300              409.92               14.55
               50400             460.261                14.4
               50500             411.823               14.25
               50600             438.566                14.1
               50700               448.1               13.95
               50800              490.97                13.8
               50900             414.655               13.65
               51000             388.755                13.5
               51100             428.141               13.35
               51200             414.545                13.2
               51300             405.047               13.05
               51400             423.233                12.9
               51500             386.558               12.75
               51600             435.565                12.6
               51700             420.374               12.45
               51800             332.731                12.3
               51900             359.111               12.15
               52000              359.92                  12
               52100             416.908               11.85
               52200             341.635                11.7
               52300             368.608               11.55
               52400             398.699                11.4
               52500             407.481               11.25
               52600             411.364                11.1
               52700             434.598               10.95
               52800             395.351                10.8
               52900              357.08               10.65
               53000             280.148                10.5
               53100             345.484               10.35
               53200             289.265                10.2
               53300             319.278               10.05
               53400             356.137                 9.9
               53500             428.432                9.75
               53600             415.432                 9.6
               53700             373.547                9.45
               53800             377.534                 9.3
               53900             296.013                9.15
               54000             273.435                   9
               54100             307.112                8.85
               54200             315.883                 8.7
               54300              337.01                8.55
               54400             353.183                 8.4
               54500             385.807                8.25
               54600             342.981                 8.1
               54700             346.147                7.95
               54800             430.589                 7.8
               54900             346.541                7.65
               55000             300.355                 7.5
               55100             293.654                7.35
               55200             249.169                 7.2
               55300             265.753                7.05
               55400             300.814                 6.9
               55500             332.863                6.75
               55600             274.321                 6.6
               55700             312.138                6.45
               55800             258.638                 6.3
               55900             260.118                6.15
               56000             278.114                   6
               56100             301.838                5.85
               56200             309.895                 5.7
               56300             278.259                5.55
               56400             281.985                 5.4
               56500             284.603                5.25
               56600              301.88                 5.1
               56700             268.004                4.95
               56800             297.351                 4.8
               56900             259.345                4.65
               57000             286.962                 4.5
               57100             277.281                4.35
               57200             259.727                 4.2
               57300             248.326                4.05
               57400             274.899                 3.9
               57500             265.474                3.75
               57600             267.486                 3.6
               57700             264.094                3.45
               57800             252.136                 3.3
               57900             225.344                3.15
               58000             221.073                   3
               58100             217.361                2.85
               58200             218.654                 2.7
               58300             224.114                2.55
               58400             222.516                 2.4
               58500             221.348                2.25
               58600             224.482                 2.1
               58700             211.458                1.95
               58800             199.606                 1.8
               58900             191.729                1.65
               59000             188.272                 1.5
               59100             191.804                1.35
               59200             191.791                 1.2
               59300             194.581                1.05
               59400             196.009                 0.9
               59500             194.444                0.75
               59600             192.432                 0.6
               59700              190.35                0.45
               59800             186.618                 0.3
               59900             186.618                0.15
