           Iteration         Path Length         Temperature
                   0             583.113                  90
                 100              549.62               89.85
                 200             545.283                89.7
                 300             542.129               89.55
                 400             549.178                89.4
                 500             541.436               89.25
                 600             540.854                89.1
                 700             527.741               88.95
                 800             530.278                88.8
                 900             492.154               88.65
                1000             555.596                88.5
                1100             511.128               88.35
                1200             498.586                88.2
                1300             592.279               88.05
                1400             462.829                87.9
                1500             520.485               87.75
                1600             513.578                87.6
                1700             428.999               87.45
                1800             491.867                87.3
                1900             592.174               87.15
                2000             561.761                  87
                2100             485.667               86.85
                2200             512.223                86.7
                2300             505.001               86.55
                2400             469.716                86.4
                2500              536.08               86.25
                2600             578.639                86.1
                2700             578.164               85.95
                2800             572.064                85.8
                2900             482.519               85.65
                3000              504.68                85.5
                3100             609.315               85.35
                3200             521.624                85.2
                3300             553.929               85.05
                3400             541.001                84.9
                3500             443.359               84.75
                3600             594.844                84.6
                3700             558.432               84.45
                3800             549.173                84.3
                3900             567.587               84.15
                4000             577.255                  84
                4100              557.52               83.85
                4200             568.232                83.7
                4300             538.092               83.55
                4400             488.775                83.4
                4500             531.018               83.25
                4600              513.02                83.1
                4700             478.132               82.95
                4800             504.629                82.8
                4900             606.334               82.65
                5000              561.02                82.5
                5100             519.466               82.35
                5200             501.668                82.2
                5300             489.252               82.05
                5400             562.124                81.9
                5500             513.113               81.75
                5600             606.374                81.6
                5700             579.315               81.45
                5800             438.495                81.3
                5900             530.797               81.15
                6000             496.687                  81
                6100             493.878               80.85
                6200              563.03                80.7
                6300             424.527               80.55
                6400             565.381                80.4
                6500             517.261               80.25
                6600             527.833                80.1
                6700             483.621               79.95
                6800              479.74                79.8
                6900             596.313               79.65
                7000             504.171                79.5
                7100              531.35               79.35
                7200             556.213                79.2
                7300             482.166               79.05
                7400             571.256                78.9
                7500              506.73               78.75
                7600             438.982                78.6
                7700             515.033               78.45
                7800             569.602                78.3
                7900             422.343               78.15
                8000             545.615                  78
                8100             496.239               77.85
                8200             531.305                77.7
                8300             491.947               77.55
                8400             480.183                77.4
                8500             508.518               77.25
                8600             489.334                77.1
                8700              519.26               76.95
                8800             502.911                76.8
                8900             525.936               76.65
                9000             500.504                76.5
                9100             464.577               76.35
                9200             515.178                76.2
                9300             508.267               76.05
                9400              555.33                75.9
                9500             479.399               75.75
                9600             588.228                75.6
                9700             505.883               75.45
                9800             494.628                75.3
                9900             520.061               75.15
               10000              506.97                  75
               10100             483.947               74.85
               10200             469.651                74.7
               10300             513.766               74.55
               10400             555.346                74.4
               10500             543.949               74.25
               10600             568.523                74.1
               10700             620.569               73.95
               10800             534.929                73.8
               10900             497.091               73.65
               11000             434.088                73.5
               11100             531.272               73.35
               11200             501.672                73.2
               11300             483.654               73.05
               11400             521.657                72.9
               11500             475.888               72.75
               11600             569.961                72.6
               11700             530.561               72.45
               11800             543.204                72.3
               11900             511.378               72.15
               12000             472.729                  72
               12100             521.812               71.85
               12200             538.267                71.7
               12300             531.315               71.55
               12400              514.16                71.4
               12500             510.747               71.25
               12600             456.648                71.1
               12700             480.489               70.95
               12800             574.642                70.8
               12900             515.159               70.65
               13000             450.538                70.5
               13100             470.845               70.35
               13200             514.621                70.2
               13300              534.86               70.05
               13400             453.773                69.9
               13500             458.879               69.75
               13600              517.36                69.6
               13700             529.657               69.45
               13800             507.403                69.3
               13900             457.158               69.15
               14000             558.831                  69
               14100             564.506               68.85
               14200             476.171                68.7
               14300              555.54               68.55
               14400             445.754                68.4
               14500             587.368               68.25
               14600             475.953                68.1
               14700             468.167               67.95
               14800             548.919                67.8
               14900             508.472               67.65
               15000             581.916                67.5
               15100             456.553               67.35
               15200             567.234                67.2
               15300             513.908               67.05
               15400             484.816                66.9
               15500             448.379               66.75
               15600              534.33                66.6
               15700             527.031               66.45
               15800             512.571                66.3
               15900             417.308               66.15
               16000             453.063                  66
               16100             451.033               65.85
               16200             558.551                65.7
               16300             493.775               65.55
               16400             536.217                65.4
               16500             510.542               65.25
               16600             489.642                65.1
               16700             459.428               64.95
               16800             509.272                64.8
               16900             580.354               64.65
               17000             538.838                64.5
               17100             548.551               64.35
               17200               554.5                64.2
               17300               505.1               64.05
               17400             483.463                63.9
               17500             566.222               63.75
               17600              457.88                63.6
               17700             486.335               63.45
               17800             529.811                63.3
               17900             528.797               63.15
               18000             535.874                  63
               18100             543.176               62.85
               18200             457.482                62.7
               18300              466.74               62.55
               18400             532.268                62.4
               18500             452.453               62.25
               18600             484.995                62.1
               18700             544.389               61.95
               18800             508.401                61.8
               18900              551.49               61.65
               19000             466.313                61.5
               19100             483.538               61.35
               19200             478.691                61.2
               19300             524.963               61.05
               19400             551.352                60.9
               19500             562.573               60.75
               19600             539.897                60.6
               19700             539.888               60.45
               19800             463.242                60.3
               19900             539.559               60.15
               20000             533.371                  60
               20100             433.558               59.85
               20200             481.788                59.7
               20300             537.357               59.55
               20400             544.252                59.4
               20500             469.431               59.25
               20600             467.894                59.1
               20700             475.982               58.95
               20800             538.721                58.8
               20900             502.883               58.65
               21000             541.044                58.5
               21100              465.44               58.35
               21200             527.763                58.2
               21300             585.862               58.05
               21400             541.241                57.9
               21500             553.308               57.75
               21600             425.936                57.6
               21700             469.627               57.45
               21800             484.133                57.3
               21900             542.235               57.15
               22000             518.856                  57
               22100             527.937               56.85
               22200             513.987                56.7
               22300             413.563               56.55
               22400             488.182                56.4
               22500             549.809               56.25
               22600             461.215                56.1
               22700              482.01               55.95
               22800             528.923                55.8
               22900             503.556               55.65
               23000             540.118                55.5
               23100             527.855               55.35
               23200             520.597                55.2
               23300             480.295               55.05
               23400             558.259                54.9
               23500             482.973               54.75
               23600             538.674                54.6
               23700             548.917               54.45
               23800              540.72                54.3
               23900             514.204               54.15
               24000             557.717                  54
               24100             476.586               53.85
               24200             422.214                53.7
               24300              477.72               53.55
               24400             501.121                53.4
               24500             588.227               53.25
               24600             506.528                53.1
               24700             542.275               52.95
               24800             565.768                52.8
               24900             428.012               52.65
               25000             531.258                52.5
               25100             481.606               52.35
               25200             530.733                52.2
               25300              601.65               52.05
               25400             462.016                51.9
               25500             475.277               51.75
               25600             432.624                51.6
               25700             516.934               51.45
               25800             514.058                51.3
               25900             498.005               51.15
               26000               543.5                  51
               26100             555.695               50.85
               26200             490.185                50.7
               26300             519.825               50.55
               26400             513.723                50.4
               26500             555.386               50.25
               26600             455.726                50.1
               26700             555.833               49.95
               26800             504.428                49.8
               26900             500.491               49.65
               27000             544.039                49.5
               27100              505.37               49.35
               27200             539.715                49.2
               27300             523.079               49.05
               27400             496.219                48.9
               27500             530.863               48.75
               27600             448.283                48.6
               27700             472.311               48.45
               27800             483.113                48.3
               27900             507.014               48.15
               28000             449.582                  48
               28100             551.889               47.85
               28200             522.621                47.7
               28300             455.938               47.55
               28400             433.338                47.4
               28500             623.332               47.25
               28600             455.753                47.1
               28700             488.682               46.95
               28800             420.841                46.8
               28900              491.97               46.65
               29000             495.639                46.5
               29100             478.744               46.35
               29200             454.152                46.2
               29300             472.423               46.05
               29400             456.515                45.9
               29500             503.409               45.75
               29600             526.758                45.6
               29700              452.26               45.45
               29800             415.558                45.3
               29900             486.365               45.15
               30000             467.754                  45
               30100             545.119               44.85
               30200             536.291                44.7
               30300             519.638               44.55
               30400             506.494                44.4
               30500              563.41               44.25
               30600             466.603                44.1
               30700             527.831               43.95
               30800             473.785                43.8
               30900               431.9               43.65
               31000             529.465                43.5
               31100             470.923               43.35
               31200               449.5                43.2
               31300              595.24               43.05
               31400             531.925                42.9
               31500             509.475               42.75
               31600             596.708                42.6
               31700             558.755               42.45
               31800             503.765                42.3
               31900             565.834               42.15
               32000             504.641                  42
               32100             560.782               41.85
               32200              553.48                41.7
               32300             477.256               41.55
               32400             440.404                41.4
               32500              583.89               41.25
               32600             474.104                41.1
               32700             505.641               40.95
               32800             499.145                40.8
               32900             518.047               40.65
               33000              417.38                40.5
               33100             483.622               40.35
               33200             476.111                40.2
               33300             466.155               40.05
               33400             470.531                39.9
               33500             501.966               39.75
               33600             490.598                39.6
               33700             518.192               39.45
               33800             490.535                39.3
               33900             486.726               39.15
               34000             430.982                  39
               34100             517.502               38.85
               34200             494.639                38.7
               34300             517.452               38.55
               34400             509.405                38.4
               34500             437.027               38.25
               34600             441.873                38.1
               34700              511.78               37.95
               34800             528.479                37.8
               34900              469.51               37.65
               35000             535.845                37.5
               35100             447.669               37.35
               35200              529.73                37.2
               35300             559.202               37.05
               35400             526.291                36.9
               35500             496.535               36.75
               35600             494.788                36.6
               35700             502.072               36.45
               35800             490.793                36.3
               35900             476.542               36.15
               36000             527.441                  36
               36100             396.764               35.85
               36200             558.269                35.7
               36300             555.103               35.55
               36400             519.824                35.4
               36500              460.51               35.25
               36600             471.735                35.1
               36700             540.253               34.95
               36800             433.133                34.8
               36900             479.541               34.65
               37000             496.303                34.5
               37100             574.259               34.35
               37200             471.294                34.2
               37300             490.479               34.05
               37400             530.585                33.9
               37500             470.274               33.75
               37600             617.653                33.6
               37700             511.146               33.45
               37800             427.786                33.3
               37900             500.117               33.15
               38000             464.172                  33
               38100             509.534               32.85
               38200             527.508                32.7
               38300             486.169               32.55
               38400             492.562                32.4
               38500             454.191               32.25
               38600             474.004                32.1
               38700             531.324               31.95
               38800             542.913                31.8
               38900             512.301               31.65
               39000             522.349                31.5
               39100             491.417               31.35
               39200             486.054                31.2
               39300             488.757               31.05
               39400             474.643                30.9
               39500             451.536               30.75
               39600             482.107                30.6
               39700              446.08               30.45
               39800             453.882                30.3
               39900             534.716               30.15
               40000             426.895                  30
               40100             431.919               29.85
               40200             524.749                29.7
               40300             481.363               29.55
               40400             468.967                29.4
               40500             558.905               29.25
               40600             432.194                29.1
               40700             520.935               28.95
               40800             453.095                28.8
               40900             525.589               28.65
               41000             476.324                28.5
               41100             497.435               28.35
               41200             488.392                28.2
               41300             470.198               28.05
               41400               454.5                27.9
               41500             516.317               27.75
               41600             517.676                27.6
               41700             445.247               27.45
               41800             382.533                27.3
               41900             493.994               27.15
               42000             478.035                  27
               42100             376.038               26.85
               42200             461.236                26.7
               42300             500.307               26.55
               42400             435.442                26.4
               42500             498.289               26.25
               42600             432.164                26.1
               42700             504.429               25.95
               42800             476.524                25.8
               42900             489.259               25.65
               43000             465.597                25.5
               43100             496.833               25.35
               43200             415.094                25.2
               43300             426.146               25.05
               43400              437.96                24.9
               43500              488.25               24.75
               43600             516.443                24.6
               43700             479.411               24.45
               43800             419.016                24.3
               43900             455.042               24.15
               44000             462.182                  24
               44100             580.827               23.85
               44200             460.312                23.7
               44300             474.631               23.55
               44400             486.811                23.4
               44500              463.18               23.25
               44600             459.692                23.1
               44700             516.064               22.95
               44800             471.251                22.8
               44900             445.489               22.65
               45000             534.893                22.5
               45100             422.113               22.35
               45200             422.986                22.2
               45300             451.604               22.05
               45400             441.319                21.9
               45500             412.844               21.75
               45600             443.046                21.6
               45700             445.913               21.45
               45800             387.119                21.3
               45900             507.883               21.15
               46000             469.156                  21
               46100             431.685               20.85
               46200              387.83                20.7
               46300             419.114               20.55
               46400              424.11                20.4
               46500             421.343               20.25
               46600             448.788                20.1
               46700             422.535               19.95
               46800              448.98                19.8
               46900             375.763               19.65
               47000             464.882                19.5
               47100             444.278               19.35
               47200             443.861                19.2
               47300             513.869               19.05
               47400             434.333                18.9
               47500             426.419               18.75
               47600             429.219                18.6
               47700             535.501               18.45
               47800             476.028                18.3
               47900             517.382               18.15
               48000             427.447                  18
               48100              417.46               17.85
               48200             381.655                17.7
               48300             415.206               17.55
               48400              456.93                17.4
               48500             399.621               17.25
               48600             394.575                17.1
               48700             386.831               16.95
               48800               408.2                16.8
               48900              395.37               16.65
               49000             349.888                16.5
               49100             413.535               16.35
               49200             478.536                16.2
               49300             404.785               16.05
               49400             438.862                15.9
               49500             413.501               15.75
               49600              402.62                15.6
               49700             400.988               15.45
               49800             406.417                15.3
               49900             529.895               15.15
               50000             428.595                  15
               50100             400.698               14.85
               50200             424.356                14.7
               50300             447.112               14.55
               50400             389.831                14.4
               50500             333.133               14.25
               50600             382.496                14.1
               50700             391.642               13.95
               50800             429.117                13.8
               50900             440.579               13.65
               51000             460.997                13.5
               51100             433.896               13.35
               51200             452.423                13.2
               51300             358.689               13.05
               51400              388.62                12.9
               51500             328.728               12.75
               51600             386.409                12.6
               51700              420.68               12.45
               51800             461.976                12.3
               51900             440.135               12.15
               52000             343.433                  12
               52100             323.477               11.85
               52200             359.372                11.7
               52300             363.238               11.55
               52400              313.27                11.4
               52500             348.011               11.25
               52600             316.669                11.1
               52700             380.565               10.95
               52800             337.504                10.8
               52900             385.283               10.65
               53000             359.137                10.5
               53100             379.406               10.35
               53200             335.719                10.2
               53300             413.288               10.05
               53400             414.999                 9.9
               53500             349.139                9.75
               53600             347.277                 9.6
               53700             327.441                9.45
               53800             341.303                 9.3
               53900             413.766                9.15
               54000              362.88                   9
               54100             375.711                8.85
               54200             394.331                 8.7
               54300             344.827                8.55
               54400             402.064                 8.4
               54500             367.467                8.25
               54600             317.813                 8.1
               54700             410.842                7.95
               54800             365.525                 7.8
               54900             386.008                7.65
               55000             352.643                 7.5
               55100             311.744                7.35
               55200             302.667                 7.2
               55300             332.802                7.05
               55400             320.251                 6.9
               55500             400.003                6.75
               55600             284.868                 6.6
               55700             321.238                6.45
               55800             312.614                 6.3
               55900             280.981                6.15
               56000             268.889                   6
               56100             315.248                5.85
               56200             329.811                 5.7
               56300             320.989                5.55
               56400             323.264                 5.4
               56500             288.927                5.25
               56600             281.167                 5.1
               56700             289.758                4.95
               56800             247.428                 4.8
               56900             277.052                4.65
               57000             256.731                 4.5
               57100             252.033                4.35
               57200             252.004                 4.2
               57300             221.996                4.05
               57400             235.838                 3.9
               57500             244.089                3.75
               57600             239.223                 3.6
               57700             250.342                3.45
               57800             249.866                 3.3
               57900             244.899                3.15
               58000              240.88                   3
               58100              234.71                2.85
               58200             232.892                 2.7
               58300             242.499                2.55
               58400             235.366                 2.4
               58500             225.413                2.25
               58600             220.067                 2.1
               58700              218.65                1.95
               58800             220.956                 1.8
               58900             217.852                1.65
               59000             207.961                 1.5
               59100             204.662                1.35
               59200             200.693                 1.2
               59300             199.167                1.05
               59400             193.409                 0.9
               59500             193.409                0.75
               59600             195.803                 0.6
               59700             193.646                0.45
               59800              187.88                 0.3
               59900              187.88                0.15
