           Iteration         Path Length         Temperature
                   0             1143.67                  90
                 100             878.858               89.85
                 200             1041.35                89.7
                 300             1165.06               89.55
                 400             1011.31                89.4
                 500              970.21               89.25
                 600             926.897                89.1
                 700             896.068               88.95
                 800             1031.65                88.8
                 900             1047.15               88.65
                1000             979.756                88.5
                1100             929.153               88.35
                1200             1004.74                88.2
                1300             1027.75               88.05
                1400             1068.55                87.9
                1500             951.749               87.75
                1600             961.567                87.6
                1700             1020.98               87.45
                1800             1113.84                87.3
                1900             1036.54               87.15
                2000             1149.16                  87
                2100             1014.77               86.85
                2200             921.756                86.7
                2300             1217.28               86.55
                2400              1170.9                86.4
                2500             933.143               86.25
                2600             891.437                86.1
                2700             1060.19               85.95
                2800             1016.63                85.8
                2900             1100.13               85.65
                3000             892.234                85.5
                3100             901.713               85.35
                3200             938.988                85.2
                3300             976.793               85.05
                3400             1108.58                84.9
                3500             1102.17               84.75
                3600             992.336                84.6
                3700             1107.45               84.45
                3800             930.527                84.3
                3900             1144.69               84.15
                4000             873.934                  84
                4100             1063.71               83.85
                4200             1056.15                83.7
                4300             1103.16               83.55
                4400             1160.18                83.4
                4500              1044.2               83.25
                4600              1141.6                83.1
                4700             1108.71               82.95
                4800              1087.1                82.8
                4900             1028.97               82.65
                5000             1108.56                82.5
                5100              1037.3               82.35
                5200             1018.58                82.2
                5300             1075.21               82.05
                5400             1074.38                81.9
                5500             1064.75               81.75
                5600             955.135                81.6
                5700             1109.67               81.45
                5800             1047.58                81.3
                5900             1212.25               81.15
                6000             1110.77                  81
                6100             948.718               80.85
                6200             1001.35                80.7
                6300             1086.62               80.55
                6400              1120.2                80.4
                6500              1140.2               80.25
                6600             1044.68                80.1
                6700             955.199               79.95
                6800             1052.64                79.8
                6900             1037.07               79.65
                7000             1089.26                79.5
                7100             955.961               79.35
                7200             1084.53                79.2
                7300             820.196               79.05
                7400               951.3                78.9
                7500             1130.77               78.75
                7600             1085.97                78.6
                7700             1131.44               78.45
                7800             868.587                78.3
                7900             921.433               78.15
                8000              913.92                  78
                8100             1036.08               77.85
                8200             1150.57                77.7
                8300             1120.68               77.55
                8400             1031.85                77.4
                8500             999.551               77.25
                8600             1040.61                77.1
                8700             1045.85               76.95
                8800             956.408                76.8
                8900             1079.65               76.65
                9000             1058.48                76.5
                9100              1125.4               76.35
                9200             1000.39                76.2
                9300             1112.29               76.05
                9400              1126.7                75.9
                9500              1120.5               75.75
                9600             1077.12                75.6
                9700             1116.12               75.45
                9800             1034.49                75.3
                9900             939.798               75.15
               10000             866.646                  75
               10100             1065.36               74.85
               10200             988.368                74.7
               10300             1171.98               74.55
               10400             1278.96                74.4
               10500             1064.49               74.25
               10600             997.767                74.1
               10700             952.249               73.95
               10800             1009.23                73.8
               10900             1058.06               73.65
               11000             965.061                73.5
               11100             967.659               73.35
               11200             1017.19                73.2
               11300             1078.12               73.05
               11400             1014.22                72.9
               11500             1126.27               72.75
               11600             925.319                72.6
               11700             1073.76               72.45
               11800             942.185                72.3
               11900             990.755               72.15
               12000              1030.1                  72
               12100             1113.16               71.85
               12200             899.213                71.7
               12300             955.312               71.55
               12400             974.107                71.4
               12500             969.191               71.25
               12600             1105.78                71.1
               12700             1049.02               70.95
               12800             951.806                70.8
               12900             1104.47               70.65
               13000             1114.02                70.5
               13100             914.723               70.35
               13200             1103.73                70.2
               13300              1089.1               70.05
               13400             840.149                69.9
               13500             1058.46               69.75
               13600             851.376                69.6
               13700              1014.1               69.45
               13800             982.429                69.3
               13900             1019.87               69.15
               14000             973.451                  69
               14100             996.162               68.85
               14200             1096.54                68.7
               14300             937.636               68.55
               14400             935.028                68.4
               14500             898.016               68.25
               14600             992.579                68.1
               14700             1043.82               67.95
               14800             1082.41                67.8
               14900             827.686               67.65
               15000             1196.24                67.5
               15100             960.419               67.35
               15200             1166.02                67.2
               15300             1101.04               67.05
               15400             983.551                66.9
               15500             995.029               66.75
               15600             955.973                66.6
               15700             941.823               66.45
               15800               917.8                66.3
               15900              1055.8               66.15
               16000             1073.58                  66
               16100             1056.05               65.85
               16200             903.241                65.7
               16300              1023.1               65.55
               16400             1014.76                65.4
               16500              1076.3               65.25
               16600             915.453                65.1
               16700             1041.42               64.95
               16800             972.499                64.8
               16900             1047.22               64.65
               17000             1114.84                64.5
               17100             1030.37               64.35
               17200             882.451                64.2
               17300             944.153               64.05
               17400             868.972                63.9
               17500             984.837               63.75
               17600             798.354                63.6
               17700             967.177               63.45
               17800             1010.35                63.3
               17900             884.789               63.15
               18000             803.951                  63
               18100                1074               62.85
               18200             1136.81                62.7
               18300             879.547               62.55
               18400             1019.32                62.4
               18500             879.192               62.25
               18600             1194.68                62.1
               18700             851.338               61.95
               18800             984.007                61.8
               18900             924.806               61.65
               19000             838.242                61.5
               19100             1054.83               61.35
               19200             1058.73                61.2
               19300              1007.7               61.05
               19400              949.24                60.9
               19500             1104.25               60.75
               19600             1017.08                60.6
               19700             1113.16               60.45
               19800             1000.32                60.3
               19900             969.159               60.15
               20000              1131.8                  60
               20100             1013.52               59.85
               20200             828.435                59.7
               20300             996.193               59.55
               20400             880.081                59.4
               20500              1090.2               59.25
               20600              1047.2                59.1
               20700             914.589               58.95
               20800             985.977                58.8
               20900             1161.29               58.65
               21000              933.13                58.5
               21100             988.903               58.35
               21200             826.817                58.2
               21300             964.783               58.05
               21400             892.193                57.9
               21500             991.469               57.75
               21600             1079.36                57.6
               21700             799.492               57.45
               21800             933.158                57.3
               21900             900.855               57.15
               22000             907.595                  57
               22100             950.873               56.85
               22200              1140.1                56.7
               22300             704.668               56.55
               22400             859.259                56.4
               22500             1150.57               56.25
               22600              1038.2                56.1
               22700             1052.48               55.95
               22800             1077.85                55.8
               22900                1122               55.65
               23000             963.081                55.5
               23100             964.497               55.35
               23200             1104.96                55.2
               23300             1043.41               55.05
               23400             1051.36                54.9
               23500             848.726               54.75
               23600             962.353                54.6
               23700             928.553               54.45
               23800             877.891                54.3
               23900             990.537               54.15
               24000             915.089                  54
               24100             977.993               53.85
               24200             905.161                53.7
               24300             942.804               53.55
               24400             1116.49                53.4
               24500             1058.64               53.25
               24600             981.332                53.1
               24700              1008.7               52.95
               24800             973.358                52.8
               24900             867.923               52.65
               25000             968.947                52.5
               25100             1029.89               52.35
               25200             1018.75                52.2
               25300             1016.68               52.05
               25400             906.191                51.9
               25500             1030.56               51.75
               25600             1009.56                51.6
               25700             978.785               51.45
               25800             723.133                51.3
               25900             928.464               51.15
               26000             1055.38                  51
               26100             1062.58               50.85
               26200             985.122                50.7
               26300             952.482               50.55
               26400             949.065                50.4
               26500             919.303               50.25
               26600             909.856                50.1
               26700             728.219               49.95
               26800             892.106                49.8
               26900             1070.32               49.65
               27000             1079.38                49.5
               27100             910.724               49.35
               27200             1038.93                49.2
               27300             854.992               49.05
               27400             838.912                48.9
               27500             874.194               48.75
               27600               942.3                48.6
               27700             945.351               48.45
               27800              1137.8                48.3
               27900                1053               48.15
               28000             754.446                  48
               28100             863.814               47.85
               28200             988.405                47.7
               28300              1047.1               47.55
               28400             906.491                47.4
               28500             902.571               47.25
               28600             929.195                47.1
               28700             970.103               46.95
               28800             859.639                46.8
               28900             1000.34               46.65
               29000             799.481                46.5
               29100             915.912               46.35
               29200             903.193                46.2
               29300             778.821               46.05
               29400             809.235                45.9
               29500             947.272               45.75
               29600             1144.93                45.6
               29700             1029.33               45.45
               29800             808.446                45.3
               29900             921.518               45.15
               30000             921.884                  45
               30100              925.25               44.85
               30200             906.911                44.7
               30300                 968               44.55
               30400             903.478                44.4
               30500             952.048               44.25
               30600             745.457                44.1
               30700             900.874               43.95
               30800             953.747                43.8
               30900             884.424               43.65
               31000             830.926                43.5
               31100             1004.44               43.35
               31200             887.002                43.2
               31300             979.647               43.05
               31400             797.291                42.9
               31500             951.569               42.75
               31600             954.404                42.6
               31700             968.732               42.45
               31800             926.059                42.3
               31900             925.806               42.15
               32000             798.942                  42
               32100             1097.27               41.85
               32200             1083.35                41.7
               32300             866.889               41.55
               32400             994.479                41.4
               32500              778.81               41.25
               32600             811.223                41.1
               32700             806.014               40.95
               32800             845.891                40.8
               32900             670.929               40.65
               33000              783.36                40.5
               33100             1076.57               40.35
               33200             894.785                40.2
               33300             1055.46               40.05
               33400             957.148                39.9
               33500             808.939               39.75
               33600              918.11                39.6
               33700             905.094               39.45
               33800             1112.93                39.3
               33900             886.518               39.15
               34000             856.023                  39
               34100             776.353               38.85
               34200             879.583                38.7
               34300              884.45               38.55
               34400             1040.12                38.4
               34500             902.274               38.25
               34600             813.518                38.1
               34700             826.846               37.95
               34800             845.717                37.8
               34900             896.244               37.65
               35000             1005.95                37.5
               35100             1001.21               37.35
               35200             996.392                37.2
               35300             876.859               37.05
               35400             929.075                36.9
               35500             1057.34               36.75
               35600             964.011                36.6
               35700             762.628               36.45
               35800             842.499                36.3
               35900             777.757               36.15
               36000             847.074                  36
               36100             890.898               35.85
               36200              997.36                35.7
               36300             810.493               35.55
               36400             1044.27                35.4
               36500             970.644               35.25
               36600             794.723                35.1
               36700              692.82               34.95
               36800             744.791                34.8
               36900             816.791               34.65
               37000             832.239                34.5
               37100             948.756               34.35
               37200             837.528                34.2
               37300             730.837               34.05
               37400             645.396                33.9
               37500             800.575               33.75
               37600             956.306                33.6
               37700              851.91               33.45
               37800             807.742                33.3
               37900              819.01               33.15
               38000             789.335                  33
               38100             921.094               32.85
               38200             750.386                32.7
               38300             862.738               32.55
               38400             651.183                32.4
               38500             794.587               32.25
               38600             880.467                32.1
               38700             964.534               31.95
               38800             749.034                31.8
               38900             861.499               31.65
               39000             944.624                31.5
               39100             688.694               31.35
               39200             938.408                31.2
               39300             710.949               31.05
               39400             554.431                30.9
               39500             717.797               30.75
               39600             786.386                30.6
               39700              905.53               30.45
               39800             837.056                30.3
               39900             676.036               30.15
               40000             782.013                  30
               40100             675.119               29.85
               40200             719.252                29.7
               40300             949.605               29.55
               40400             742.973                29.4
               40500             1030.42               29.25
               40600             772.082                29.1
               40700             628.492               28.95
               40800             663.769                28.8
               40900             647.504               28.65
               41000             613.865                28.5
               41100              802.48               28.35
               41200             757.592                28.2
               41300             810.112               28.05
               41400             709.351                27.9
               41500              816.56               27.75
               41600             870.299                27.6
               41700             876.258               27.45
               41800             1100.29                27.3
               41900             748.297               27.15
               42000             788.328                  27
               42100             1014.26               26.85
               42200             780.539                26.7
               42300             784.552               26.55
               42400              667.89                26.4
               42500             737.568               26.25
               42600             825.382                26.1
               42700             806.335               25.95
               42800             682.735                25.8
               42900             811.691               25.65
               43000              870.13                25.5
               43100             641.724               25.35
               43200             738.062                25.2
               43300             917.815               25.05
               43400             921.476                24.9
               43500             779.653               24.75
               43600              869.26                24.6
               43700             797.582               24.45
               43800             598.989                24.3
               43900             690.253               24.15
               44000             591.892                  24
               44100             715.422               23.85
               44200             677.028                23.7
               44300             679.747               23.55
               44400             749.773                23.4
               44500             654.414               23.25
               44600             670.685                23.1
               44700             553.219               22.95
               44800             599.751                22.8
               44900             648.551               22.65
               45000              885.21                22.5
               45100             747.628               22.35
               45200             607.264                22.2
               45300             646.559               22.05
               45400             606.636                21.9
               45500             656.648               21.75
               45600             661.723                21.6
               45700             853.514               21.45
               45800             840.509                21.3
               45900             632.517               21.15
               46000             701.419                  21
               46100              636.36               20.85
               46200             767.167                20.7
               46300             686.289               20.55
               46400             844.294                20.4
               46500             724.594               20.25
               46600             612.712                20.1
               46700             551.838               19.95
               46800             648.995                19.8
               46900             545.648               19.65
               47000             646.498                19.5
               47100             681.124               19.35
               47200             636.207                19.2
               47300             647.649               19.05
               47400             522.457                18.9
               47500             700.148               18.75
               47600             530.338                18.6
               47700             502.252               18.45
               47800             649.529                18.3
               47900             584.108               18.15
               48000             580.293                  18
               48100             665.383               17.85
               48200             664.546                17.7
               48300             604.715               17.55
               48400              548.78                17.4
               48500             604.409               17.25
               48600             620.758                17.1
               48700              672.57               16.95
               48800             608.483                16.8
               48900             618.784               16.65
               49000             516.989                16.5
               49100             526.634               16.35
               49200             483.013                16.2
               49300              485.04               16.05
               49400             469.687                15.9
               49500             543.233               15.75
               49600             561.063                15.6
               49700             579.223               15.45
               49800              529.56                15.3
               49900             577.222               15.15
               50000             447.062                  15
               50100             531.082               14.85
               50200             561.877                14.7
               50300             543.829               14.55
               50400             631.518                14.4
               50500             725.599               14.25
               50600             692.993                14.1
               50700             557.567               13.95
               50800             664.538                13.8
               50900             705.165               13.65
               51000             671.983                13.5
               51100               646.2               13.35
               51200               568.4                13.2
               51300             533.952               13.05
               51400             551.793                12.9
               51500             516.251               12.75
               51600             534.196                12.6
               51700             545.912               12.45
               51800             538.539                12.3
               51900              502.45               12.15
               52000             457.983                  12
               52100             517.561               11.85
               52200             504.777                11.7
               52300             544.001               11.55
               52400             609.425                11.4
               52500             557.308               11.25
               52600             537.937                11.1
               52700             421.872               10.95
               52800             448.337                10.8
               52900              485.84               10.65
               53000             432.087                10.5
               53100             472.047               10.35
               53200              387.55                10.2
               53300             395.806               10.05
               53400             377.507                 9.9
               53500             375.316                9.75
               53600             389.459                 9.6
               53700             377.786                9.45
               53800             400.736                 9.3
               53900             359.026                9.15
               54000             376.646                   9
               54100             372.899                8.85
               54200             363.346                 8.7
               54300             349.921                8.55
               54400             349.104                 8.4
               54500             351.366                8.25
               54600              352.26                 8.1
               54700             331.726                7.95
               54800               300.3                 7.8
               54900             271.027                7.65
               55000             264.431                 7.5
               55100             262.693                7.35
               55200              265.85                 7.2
               55300             234.664                7.05
               55400             262.358                 6.9
               55500             255.668                6.75
               55600             236.598                 6.6
               55700             268.717                6.45
               55800             265.704                 6.3
               55900             258.487                6.15
               56000             278.441                   6
               56100              275.03                5.85
               56200              288.83                 5.7
               56300             290.901                5.55
               56400             287.593                 5.4
               56500               283.1                5.25
               56600             283.781                 5.1
               56700             246.815                4.95
               56800             240.177                 4.8
               56900             238.644                4.65
               57000             239.501                 4.5
               57100             226.586                4.35
               57200             198.165                 4.2
               57300             209.735                4.05
               57400             205.069                 3.9
               57500             196.911                3.75
               57600             194.411                 3.6
               57700             198.587                3.45
               57800             198.608                 3.3
               57900             200.028                3.15
               58000              196.67                   3
               58100             199.319                2.85
               58200             207.411                 2.7
               58300             209.439                2.55
               58400             205.381                 2.4
               58500             205.785                2.25
               58600             201.242                 2.1
               58700             194.649                1.95
               58800             194.672                 1.8
               58900             191.311                1.65
               59000             191.775                 1.5
               59100             197.968                1.35
               59200             197.967                 1.2
               59300             197.968                1.05
               59400             195.271                 0.9
               59500             194.196                0.75
               59600             188.941                 0.6
               59700             186.892                0.45
               59800             186.892                 0.3
               59900             186.892                0.15
