           Iteration         Path Length         Temperature
                   0             1100.14                  90
                 100             1110.93               89.85
                 200             1018.15                89.7
                 300             921.107               89.55
                 400             1043.95                89.4
                 500             920.993               89.25
                 600             1263.38                89.1
                 700             1039.16               88.95
                 800             1091.43                88.8
                 900             842.558               88.65
                1000             942.288                88.5
                1100             1040.41               88.35
                1200             892.132                88.2
                1300             1171.66               88.05
                1400             751.751                87.9
                1500             984.065               87.75
                1600             1051.73                87.6
                1700             975.876               87.45
                1800             1052.63                87.3
                1900             1062.35               87.15
                2000               975.7                  87
                2100             956.003               86.85
                2200             1169.02                86.7
                2300             955.425               86.55
                2400             967.412                86.4
                2500             1116.83               86.25
                2600             1143.36                86.1
                2700             989.517               85.95
                2800             1045.14                85.8
                2900              932.72               85.65
                3000             1132.08                85.5
                3100             1093.27               85.35
                3200             1030.08                85.2
                3300             982.941               85.05
                3400             1059.22                84.9
                3500             1047.43               84.75
                3600             870.954                84.6
                3700              933.86               84.45
                3800             1108.06                84.3
                3900              1086.9               84.15
                4000             973.208                  84
                4100             1004.84               83.85
                4200             1158.12                83.7
                4300             1167.38               83.55
                4400             1004.31                83.4
                4500             1107.89               83.25
                4600             1082.97                83.1
                4700             1119.12               82.95
                4800             938.314                82.8
                4900             1027.07               82.65
                5000             994.363                82.5
                5100             1187.74               82.35
                5200             988.648                82.2
                5300             962.093               82.05
                5400             1062.35                81.9
                5500             929.737               81.75
                5600             1181.62                81.6
                5700             1166.85               81.45
                5800             1089.01                81.3
                5900             1026.16               81.15
                6000             949.193                  81
                6100             939.756               80.85
                6200             1087.67                80.7
                6300             1009.02               80.55
                6400             1118.49                80.4
                6500             990.648               80.25
                6600             859.058                80.1
                6700             1084.64               79.95
                6800             873.033                79.8
                6900             1082.68               79.65
                7000             1018.41                79.5
                7100             963.427               79.35
                7200             1123.08                79.2
                7300             1128.89               79.05
                7400             1051.96                78.9
                7500             975.185               78.75
                7600             934.869                78.6
                7700             939.299               78.45
                7800             923.123                78.3
                7900             877.698               78.15
                8000             809.344                  78
                8100             726.554               77.85
                8200             824.498                77.7
                8300             1223.41               77.55
                8400             1206.55                77.4
                8500             1086.55               77.25
                8600             1070.08                77.1
                8700             1038.95               76.95
                8800             1037.07                76.8
                8900                1027               76.65
                9000             902.356                76.5
                9100             1036.95               76.35
                9200             1004.83                76.2
                9300             972.045               76.05
                9400             934.536                75.9
                9500             1183.01               75.75
                9600             1096.75                75.6
                9700             1108.03               75.45
                9800             1206.06                75.3
                9900             917.014               75.15
               10000             1129.92                  75
               10100             900.076               74.85
               10200             1048.66                74.7
               10300             902.227               74.55
               10400             1074.89                74.4
               10500             1120.31               74.25
               10600             983.809                74.1
               10700             926.941               73.95
               10800             952.394                73.8
               10900             876.785               73.65
               11000             1111.26                73.5
               11100             1097.26               73.35
               11200             1104.71                73.2
               11300             920.359               73.05
               11400             1122.69                72.9
               11500             1039.06               72.75
               11600             1050.79                72.6
               11700             865.906               72.45
               11800             1126.09                72.3
               11900             925.178               72.15
               12000             990.251                  72
               12100             1027.38               71.85
               12200             863.233                71.7
               12300             934.274               71.55
               12400             860.478                71.4
               12500             1037.95               71.25
               12600             1057.84                71.1
               12700             1091.74               70.95
               12800             1247.59                70.8
               12900             1106.19               70.65
               13000             973.854                70.5
               13100             1122.69               70.35
               13200             1040.83                70.2
               13300             1028.98               70.05
               13400             1085.35                69.9
               13500             962.834               69.75
               13600             1022.92                69.6
               13700             885.623               69.45
               13800             975.045                69.3
               13900             944.889               69.15
               14000             1040.04                  69
               14100             1056.52               68.85
               14200              958.11                68.7
               14300             1044.39               68.55
               14400             1065.04                68.4
               14500             1244.45               68.25
               14600             1044.24                68.1
               14700             867.426               67.95
               14800             1150.48                67.8
               14900             1022.82               67.65
               15000             1134.44                67.5
               15100             997.447               67.35
               15200              1144.2                67.2
               15300             1213.78               67.05
               15400             1166.44                66.9
               15500             940.047               66.75
               15600             1048.45                66.6
               15700             972.497               66.45
               15800              861.97                66.3
               15900             837.214               66.15
               16000             910.053                  66
               16100             801.943               65.85
               16200             925.911                65.7
               16300             1201.34               65.55
               16400             978.844                65.4
               16500             847.528               65.25
               16600             997.777                65.1
               16700             1058.12               64.95
               16800              1089.9                64.8
               16900             1012.92               64.65
               17000              790.18                64.5
               17100              1054.3               64.35
               17200             929.008                64.2
               17300             874.303               64.05
               17400              874.22                63.9
               17500             885.319               63.75
               17600             1031.48                63.6
               17700             842.328               63.45
               17800             1013.01                63.3
               17900             1042.91               63.15
               18000             907.368                  63
               18100             1004.95               62.85
               18200             1126.65                62.7
               18300             978.895               62.55
               18400             1007.48                62.4
               18500             1013.49               62.25
               18600              794.91                62.1
               18700             925.247               61.95
               18800             1058.04                61.8
               18900             952.913               61.65
               19000             887.104                61.5
               19100              831.81               61.35
               19200             1073.88                61.2
               19300             988.443               61.05
               19400             786.677                60.9
               19500             1151.68               60.75
               19600             981.657                60.6
               19700             1189.24               60.45
               19800              898.41                60.3
               19900             1135.32               60.15
               20000             972.622                  60
               20100              948.72               59.85
               20200             975.639                59.7
               20300             1012.39               59.55
               20400             877.949                59.4
               20500             969.509               59.25
               20600             1068.07                59.1
               20700             1042.35               58.95
               20800             1010.45                58.8
               20900             1099.89               58.65
               21000             944.636                58.5
               21100             929.071               58.35
               21200             1088.55                58.2
               21300             928.048               58.05
               21400             1021.35                57.9
               21500             954.899               57.75
               21600             1051.81                57.6
               21700              967.03               57.45
               21800             909.252                57.3
               21900             871.373               57.15
               22000             1053.35                  57
               22100             925.044               56.85
               22200             970.294                56.7
               22300             1009.26               56.55
               22400             969.913                56.4
               22500             1009.32               56.25
               22600             1044.59                56.1
               22700             1011.49               55.95
               22800             925.715                55.8
               22900             869.322               55.65
               23000             1096.48                55.5
               23100             881.802               55.35
               23200             1112.25                55.2
               23300             963.549               55.05
               23400             796.049                54.9
               23500             862.626               54.75
               23600             944.099                54.6
               23700             970.937               54.45
               23800             949.394                54.3
               23900             968.843               54.15
               24000             1134.36                  54
               24100             1218.43               53.85
               24200             1004.82                53.7
               24300             1007.07               53.55
               24400             871.912                53.4
               24500             966.136               53.25
               24600             1077.49                53.1
               24700             1056.58               52.95
               24800             1000.94                52.8
               24900             996.698               52.65
               25000             1055.47                52.5
               25100             847.129               52.35
               25200             922.532                52.2
               25300             1071.15               52.05
               25400             970.556                51.9
               25500             1052.16               51.75
               25600             762.468                51.6
               25700             1004.31               51.45
               25800             1015.63                51.3
               25900             916.385               51.15
               26000             841.827                  51
               26100             844.895               50.85
               26200             964.292                50.7
               26300             930.576               50.55
               26400              970.42                50.4
               26500             996.329               50.25
               26600             896.867                50.1
               26700             897.233               49.95
               26800             977.919                49.8
               26900             936.967               49.65
               27000             866.064                49.5
               27100             930.728               49.35
               27200             907.386                49.2
               27300             747.681               49.05
               27400              972.18                48.9
               27500             1079.69               48.75
               27600             996.688                48.6
               27700              949.11               48.45
               27800             839.904                48.3
               27900             807.275               48.15
               28000             982.444                  48
               28100             766.113               47.85
               28200             975.993                47.7
               28300              954.94               47.55
               28400             1192.88                47.4
               28500             913.249               47.25
               28600             1120.29                47.1
               28700             1014.85               46.95
               28800             929.704                46.8
               28900              790.65               46.65
               29000             868.582                46.5
               29100             1026.31               46.35
               29200             819.505                46.2
               29300             738.693               46.05
               29400             768.196                45.9
               29500             883.708               45.75
               29600             1141.64                45.6
               29700             860.308               45.45
               29800             1045.79                45.3
               29900              1070.7               45.15
               30000             809.564                  45
               30100             1080.35               44.85
               30200             842.114                44.7
               30300             998.798               44.55
               30400             972.277                44.4
               30500             1105.16               44.25
               30600             872.882                44.1
               30700             951.369               43.95
               30800             862.651                43.8
               30900             1031.57               43.65
               31000             1080.41                43.5
               31100             880.549               43.35
               31200             931.244                43.2
               31300             746.634               43.05
               31400             747.571                42.9
               31500             1003.88               42.75
               31600             910.167                42.6
               31700             593.349               42.45
               31800             993.528                42.3
               31900             756.282               42.15
               32000             949.175                  42
               32100             882.936               41.85
               32200             845.731                41.7
               32300             1002.44               41.55
               32400             917.069                41.4
               32500             967.686               41.25
               32600              1016.4                41.1
               32700             960.697               40.95
               32800             911.363                40.8
               32900             835.133               40.65
               33000             961.766                40.5
               33100             872.107               40.35
               33200             925.071                40.2
               33300             924.235               40.05
               33400             889.917                39.9
               33500             900.969               39.75
               33600             900.897                39.6
               33700             1083.19               39.45
               33800             1019.33                39.3
               33900             758.513               39.15
               34000             663.877                  39
               34100             1038.59               38.85
               34200             813.465                38.7
               34300              831.32               38.55
               34400             770.411                38.4
               34500             777.768               38.25
               34600             976.517                38.1
               34700             917.957               37.95
               34800             1063.48                37.8
               34900             770.071               37.65
               35000             998.246                37.5
               35100             929.386               37.35
               35200             992.885                37.2
               35300             995.361               37.05
               35400             912.157                36.9
               35500             820.215               36.75
               35600              819.95                36.6
               35700             872.814               36.45
               35800             872.197                36.3
               35900             882.495               36.15
               36000             894.188                  36
               36100             774.465               35.85
               36200              762.57                35.7
               36300             779.207               35.55
               36400             886.754                35.4
               36500             791.201               35.25
               36600             973.307                35.1
               36700             820.488               34.95
               36800             763.332                34.8
               36900             942.243               34.65
               37000             864.656                34.5
               37100             962.386               34.35
               37200             692.641                34.2
               37300             920.957               34.05
               37400             789.384                33.9
               37500             878.377               33.75
               37600             858.146                33.6
               37700             855.343               33.45
               37800             907.189                33.3
               37900             737.847               33.15
               38000             914.544                  33
               38100             627.574               32.85
               38200             931.668                32.7
               38300              882.44               32.55
               38400             924.766                32.4
               38500             678.357               32.25
               38600             910.111                32.1
               38700             801.511               31.95
               38800             771.519                31.8
               38900             713.883               31.65
               39000             864.617                31.5
               39100             851.852               31.35
               39200             963.681                31.2
               39300             774.807               31.05
               39400             822.327                30.9
               39500              852.96               30.75
               39600             780.288                30.6
               39700             726.737               30.45
               39800             745.113                30.3
               39900             794.336               30.15
               40000             975.203                  30
               40100             627.141               29.85
               40200             754.778                29.7
               40300             784.187               29.55
               40400             743.259                29.4
               40500             672.298               29.25
               40600             848.535                29.1
               40700             794.483               28.95
               40800             926.856                28.8
               40900             644.689               28.65
               41000             675.492                28.5
               41100             761.832               28.35
               41200             812.968                28.2
               41300             704.085               28.05
               41400             633.281                27.9
               41500             827.656               27.75
               41600              829.18                27.6
               41700             965.732               27.45
               41800             749.437                27.3
               41900             1025.31               27.15
               42000              820.81                  27
               42100             767.651               26.85
               42200             698.534                26.7
               42300             768.423               26.55
               42400             720.263                26.4
               42500             799.835               26.25
               42600             799.236                26.1
               42700             802.109               25.95
               42800             856.659                25.8
               42900             748.312               25.65
               43000              852.72                25.5
               43100             768.931               25.35
               43200             741.894                25.2
               43300             823.079               25.05
               43400             834.964                24.9
               43500             702.823               24.75
               43600             732.643                24.6
               43700             746.412               24.45
               43800              736.42                24.3
               43900             653.984               24.15
               44000             688.742                  24
               44100              564.16               23.85
               44200             576.408                23.7
               44300             552.469               23.55
               44400             714.066                23.4
               44500             762.528               23.25
               44600             674.194                23.1
               44700             663.708               22.95
               44800             661.641                22.8
               44900             800.353               22.65
               45000             787.624                22.5
               45100             744.668               22.35
               45200             651.903                22.2
               45300             609.662               22.05
               45400             816.069                21.9
               45500             801.756               21.75
               45600             751.758                21.6
               45700             739.873               21.45
               45800             819.442                21.3
               45900             722.494               21.15
               46000             608.486                  21
               46100             512.761               20.85
               46200             462.982                20.7
               46300             564.909               20.55
               46400              572.69                20.4
               46500             577.534               20.25
               46600             611.792                20.1
               46700             611.412               19.95
               46800             651.778                19.8
               46900             549.473               19.65
               47000             540.361                19.5
               47100             555.914               19.35
               47200             578.342                19.2
               47300              586.92               19.05
               47400             598.808                18.9
               47500             490.055               18.75
               47600             518.813                18.6
               47700             606.908               18.45
               47800              712.03                18.3
               47900             688.111               18.15
               48000             633.644                  18
               48100             533.497               17.85
               48200             513.329                17.7
               48300             595.902               17.55
               48400             512.478                17.4
               48500             553.171               17.25
               48600             527.796                17.1
               48700             541.371               16.95
               48800             681.784                16.8
               48900             776.803               16.65
               49000             854.251                16.5
               49100             688.769               16.35
               49200             618.313                16.2
               49300             606.595               16.05
               49400             558.451                15.9
               49500             598.672               15.75
               49600             669.834                15.6
               49700             641.371               15.45
               49800             572.446                15.3
               49900             626.047               15.15
               50000             517.859                  15
               50100             569.378               14.85
               50200             449.483                14.7
               50300             504.454               14.55
               50400             571.278                14.4
               50500             485.529               14.25
               50600             500.113                14.1
               50700              567.46               13.95
               50800             519.686                13.8
               50900             504.813               13.65
               51000             457.354                13.5
               51100             477.632               13.35
               51200             528.713                13.2
               51300             521.085               13.05
               51400             501.679                12.9
               51500             602.372               12.75
               51600             596.815                12.6
               51700             579.189               12.45
               51800             522.634                12.3
               51900             509.047               12.15
               52000             597.853                  12
               52100             584.689               11.85
               52200             552.232                11.7
               52300             585.864               11.55
               52400             611.347                11.4
               52500             603.139               11.25
               52600             560.434                11.1
               52700             521.316               10.95
               52800             519.647                10.8
               52900             527.073               10.65
               53000             506.421                10.5
               53100             426.074               10.35
               53200             504.173                10.2
               53300             406.199               10.05
               53400              416.73                 9.9
               53500             404.853                9.75
               53600             440.636                 9.6
               53700             410.428                9.45
               53800             412.451                 9.3
               53900             419.705                9.15
               54000             402.841                   9
               54100             414.052                8.85
               54200             395.703                 8.7
               54300             351.153                8.55
               54400                 334                 8.4
               54500             355.791                8.25
               54600             422.757                 8.1
               54700             398.749                7.95
               54800             387.194                 7.8
               54900             376.014                7.65
               55000             358.449                 7.5
               55100             366.682                7.35
               55200             363.034                 7.2
               55300             356.658                7.05
               55400             372.899                 6.9
               55500             382.312                6.75
               55600             353.579                 6.6
               55700             359.663                6.45
               55800             351.508                 6.3
               55900             346.787                6.15
               56000              371.42                   6
               56100             362.684                5.85
               56200             365.799                 5.7
               56300             358.654                5.55
               56400             361.674                 5.4
               56500             363.591                5.25
               56600             384.086                 5.1
               56700             369.634                4.95
               56800             380.085                 4.8
               56900             378.159                4.65
               57000             373.129                 4.5
               57100               346.1                4.35
               57200             339.713                 4.2
               57300             342.972                4.05
               57400             338.164                 3.9
               57500             338.749                3.75
               57600             338.362                 3.6
               57700             334.561                3.45
               57800             339.804                 3.3
               57900             339.026                3.15
               58000             336.506                   3
               58100             342.522                2.85
               58200              339.59                 2.7
               58300             351.096                2.55
               58400             336.989                 2.4
               58500             335.787                2.25
               58600             338.384                 2.1
               58700              336.69                1.95
               58800             331.446                 1.8
               58900             328.406                1.65
               59000             330.662                 1.5
               59100             331.679                1.35
               59200             329.091                 1.2
               59300              330.04                1.05
               59400              329.19                 0.9
               59500             330.069                0.75
               59600             331.296                 0.6
               59700             328.849                0.45
               59800             327.425                 0.3
               59900             326.837                0.15
