              1       0.531408       0.531408              0
              2       0.559376       0.545392     0.00988818
              3       0.512032       0.534272      0.0112202
              4       0.540572       0.535847     0.00852496
              5       0.514384       0.531554     0.00782643
              6       0.522228           0.53      0.0066746
              7       0.366928       0.506704      0.0223138
              8       0.525552        0.50906      0.0196486
              9        0.29414        0.48518      0.0284944
             10       0.455852       0.482247      0.0257955
             11         0.4597       0.480197      0.0235317
             12       0.504228         0.4822      0.0216558
             13       0.599448       0.491219      0.0217873
             14       0.554408       0.495733      0.0206933
             15       0.569272       0.500635       0.019886
             16       0.565932       0.504716      0.0190573
             17       0.513096       0.505209      0.0179426
             18         0.6082       0.510931      0.0178348
             19       0.386144       0.504363       0.018065
             20       0.567684       0.507529       0.017437
              1       0.535536       0.535536              0
              2       0.559376       0.547456     0.00842871
              3       0.511816       0.535576        0.01121
              4        0.54038       0.536777      0.0084716
              5       0.513744        0.53217     0.00793146
              6        0.52246       0.530552     0.00677266
              7       0.366692       0.507143      0.0224361
              8       0.525436        0.50943      0.0197478
              9       0.294612       0.485561      0.0285402
             10       0.456028       0.482608      0.0258385
             11       0.459788       0.480533      0.0235727
             12        0.50462       0.482541      0.0216936
             13       0.599336       0.491525       0.021806
             14       0.554624       0.496032       0.020709
             15       0.568748        0.50088      0.0198877
             16       0.565408       0.504913      0.0190492
             17       0.513208       0.505401       0.017935
             18        0.60854       0.511131      0.0178304
             19       0.386368       0.504564      0.0180607
             20       0.567252       0.507699      0.0174275
