              1      -0.898656      -0.898656              0
              2      -0.896616      -0.897636    0.000721249
              3      -0.898936      -0.898069     0.00059698
              4        -0.9038      -0.899502     0.00131904
              5      -0.899216      -0.899445     0.00105647
              6      -0.892744      -0.898328     0.00134702
              7      -0.896552      -0.898074     0.00117824
              8      -0.897952      -0.898059     0.00103106
              9      -0.901248      -0.898413    0.000975483
             10       -0.90292      -0.898864    0.000976504
             11      -0.897264      -0.898719    0.000898499
             12       -0.90772      -0.899469     0.00109277
             13       -0.90164      -0.899636      0.0010214
             14      -0.903784      -0.899932    0.000990487
             15      -0.903136      -0.900146    0.000947206
             16      -0.899112      -0.900081    0.000890206
             17      -0.904592      -0.900346    0.000876497
             18       -0.90408      -0.900554    0.000851993
             19      -0.901112      -0.900583    0.000807658
             20      -0.897296      -0.900419     0.00078382
              1      -0.898512      -0.898512              0
              2      -0.896656      -0.897584    0.000656195
              3      -0.898936      -0.898035    0.000571642
              4      -0.903616       -0.89943      0.0012822
              5       -0.89908       -0.89936     0.00102767
              6       -0.89284      -0.898273     0.00131051
              7      -0.896336      -0.897997     0.00115215
              8       -0.89808      -0.898007     0.00100818
              9      -0.901056      -0.898346    0.000951376
             10      -0.903176      -0.898829    0.000971145
             11      -0.897408        -0.8987    0.000891408
             12      -0.907904      -0.899467     0.00109863
             13      -0.901408      -0.899616     0.00102422
             14      -0.903544      -0.899897    0.000988747
             15      -0.902904      -0.900097     0.00094294
             16      -0.899136      -0.900037    0.000885917
             17      -0.904416      -0.900295    0.000870447
             18      -0.904224      -0.900513    0.000849022
             19      -0.901216       -0.90055    0.000805142
             20      -0.897464      -0.900396    0.000779529
