              1       0.416128       0.416128              0
              2       0.424048       0.420088     0.00280026
              3       0.415039       0.418405     0.00231801
              4       0.396076       0.412823     0.00513743
              5        0.41395       0.413048     0.00411489
              6       0.439031       0.417379     0.00523322
              7       0.424296       0.418367     0.00457797
              8       0.418863       0.418429     0.00400614
              9       0.406038       0.417052     0.00379021
             10       0.399514       0.415298      0.0037953
             11       0.421534       0.415865     0.00349235
             12       0.380719       0.412936     0.00425581
             13        0.40451       0.412288     0.00397749
             14       0.396139       0.411135     0.00385704
             15       0.398671       0.410304     0.00368832
             16       0.414355       0.410557     0.00346648
             17       0.392979       0.409523      0.0034133
             18       0.394981       0.408715      0.0033179
             19       0.406568       0.408602      0.0031452
             20        0.42141       0.409242     0.00305244
              1       0.416687       0.416687              0
              2       0.423893        0.42029     0.00254754
              3       0.415039        0.41854     0.00221964
              4       0.396795       0.413104     0.00499348
              5       0.414479       0.413379     0.00400235
              6       0.438661       0.417592     0.00509118
              7       0.425134        0.41867      0.0044764
              8       0.418366       0.418632     0.00391701
              9       0.406787       0.417316     0.00369629
             10       0.398515       0.415435     0.00377465
             11       0.420975       0.415939     0.00346493
             12       0.379996       0.412944     0.00427924
             13       0.405414       0.412365     0.00398907
             14       0.397077       0.411273     0.00385071
             15       0.399577       0.410493     0.00367209
             16       0.414261       0.410728     0.00345013
             17       0.393667       0.409725        0.00339
             18       0.394418       0.408874     0.00330661
             19       0.406163       0.408732     0.00313565
             20       0.420758       0.409333     0.00303598
