              1        27.3329        27.3329              0
              2        26.2143        26.7736       0.395477
              3         27.134        26.8937       0.281302
              4         29.131        27.4531       0.528343
              5        25.8192        27.1263       0.513879
              6        24.3799        26.6686       0.598318
              7        24.8686        26.4114       0.565407
              8        24.9005        26.2225        0.52533
              9        26.9688        26.3055       0.473459
             10        27.1075        26.3857       0.432853
             11        25.1853        26.2765       0.407025
             12         31.565        26.7172       0.563243
             13        26.7514        26.7199       0.519923
             14        27.0355        26.7424       0.483274
             15        29.8321        26.9484       0.493002
             16        28.3371        27.0352       0.469767
             17        30.0994        27.2154       0.475459
             18        29.0726        27.3186       0.460103
             19        28.2009        27.3651       0.438224
             20        25.4649          27.27       0.426487
              1        27.2832        27.2832              0
              2        26.2245        26.7538       0.374305
              3        27.0649        26.8575       0.263507
              4        29.1309        27.4259       0.530388
              5        25.8321        27.1071       0.511193
              6        24.3914        26.6545       0.593462
              7        24.8876        26.4021       0.559795
              8        24.9275        26.2177       0.519281
              9        26.9973        26.3044       0.468752
             10        27.0841        26.3823       0.428312
             11        25.2474        26.2792       0.401609
             12         31.521         26.716        0.55717
             13        26.7976        26.7223       0.514346
             14        27.0077        26.7427       0.478011
             15        29.8678         26.951       0.489446
             16         28.326        27.0369       0.466339
             17        30.0775        27.2158       0.471961
             18        29.1215        27.3217       0.457462
             19        28.2132        27.3686       0.435784
             20        25.4761         27.274       0.424144
