              1       0.380717       0.380717              0
              2       0.382194       0.381456    0.000522054
              3       0.380618       0.381176    0.000416102
              4       0.382824       0.381588    0.000473886
              5       0.382103       0.381691    0.000390128
              6        0.38056       0.381503    0.000367873
              7       0.380568       0.381369    0.000338683
              8       0.380759       0.381293    0.000304812
              9       0.387676       0.382002    0.000721454
             10       0.382012       0.382003    0.000649309
             11       0.381307        0.38194    0.000593358
             12       0.381995       0.381944    0.000543929
             13       0.385534        0.38222    0.000567877
             14       0.381357       0.382159    0.000530657
             15        0.37848       0.381913    0.000549028
             16       0.383146        0.38199    0.000520093
             17       0.380551       0.381906    0.000496342
             18       0.383469       0.381993    0.000476304
             19        0.38494       0.382148    0.000475826
             20       0.382906       0.382186    0.000453543
              1       0.383279       0.383279              0
              2       0.379529       0.381404     0.00132576
              3       0.380103        0.38097     0.00095215
              4       0.381215       0.381031    0.000716085
              5       0.379379       0.380701    0.000644619
              6       0.382766       0.381045    0.000622278
              7        0.38332        0.38137      0.0006124
              8       0.382219       0.381476    0.000544963
              9       0.385344       0.381906    0.000631553
             10       0.379254       0.381641    0.000621573
             11        0.37903       0.381403    0.000608707
             12       0.383295       0.381561    0.000578037
             13       0.384552       0.381791    0.000577543
             14       0.382385       0.381834    0.000537843
             15       0.381788       0.381831    0.000501995
             16       0.381705       0.381823    0.000470682
             17       0.377405       0.381563     0.00050971
             18       0.381033       0.381533    0.000482242
             19       0.379687       0.381436    0.000466549
             20       0.384321        0.38158    0.000464979
