              1       -0.69836       -0.69836              0
              2      -0.696936      -0.697648     0.00050346
              3      -0.698456      -0.697917    0.000401266
              4      -0.696328       -0.69752    0.000457139
              5      -0.697024      -0.697421    0.000376321
              6      -0.698512      -0.697603    0.000354835
              7      -0.698504      -0.697731    0.000326673
              8       -0.69832      -0.697805    0.000294007
              9      -0.691624      -0.697118    0.000698251
             10      -0.697112      -0.697118    0.000628426
             11      -0.697792      -0.697179     0.00057428
             12      -0.697128      -0.697175    0.000526439
             13      -0.693704      -0.696908    0.000549485
             14      -0.697744      -0.696967    0.000513473
             15      -0.700512      -0.697204    0.000530838
             16      -0.696016      -0.697129    0.000502825
             17       -0.69852      -0.697211    0.000479853
             18      -0.695704      -0.697128    0.000460443
             19       -0.69428      -0.696978    0.000459954
             20      -0.696248      -0.696941    0.000438401
              1      -0.695888      -0.695888              0
              2      -0.699504      -0.697696     0.00127845
              3      -0.698952      -0.698115    0.000918297
              4       -0.69788      -0.698056    0.000690594
              5      -0.699648      -0.698374    0.000621556
              6      -0.696384      -0.698043    0.000599993
              7      -0.695848      -0.697729    0.000590541
              8      -0.696912      -0.697627    0.000525483
              9      -0.693888      -0.697212    0.000609586
             10      -0.699768      -0.697467    0.000599842
             11      -0.699984      -0.697696    0.000587328
             12      -0.695872      -0.697544    0.000557706
             13      -0.694656      -0.697322    0.000557298
             14      -0.696752      -0.697281    0.000518975
             15      -0.697328      -0.697284    0.000484386
             16      -0.697408      -0.697292    0.000454174
             17      -0.701544      -0.697542    0.000491527
             18      -0.698056      -0.697571    0.000465049
             19      -0.699352      -0.697664    0.000449924
             20       -0.69488      -0.697525     0.00044845
