              1        4.87083        4.87083              0
              2        4.59321        4.73202      0.0981537
              3        4.72115         4.7284      0.0655026
              4        4.89006        4.76881      0.0603198
              5        4.54867        4.72478       0.062285
              6        4.70697        4.72181      0.0519749
              7        4.62019         4.7073      0.0465331
              8        4.87717        4.72853      0.0453028
              9        4.77106        4.73325      0.0405148
             10        4.76734        4.73666      0.0366065
             11        4.93497        4.75469      0.0374555
             12        4.83369        4.76127      0.0349079
             13        4.42518        4.73542      0.0406852
             14        4.74093        4.73581       0.037781
             15        5.23313        4.76897      0.0476379
             16        4.80228        4.77105       0.044706
             17        4.95424        4.78183      0.0433555
             18        4.80219        4.78296      0.0409616
             19        4.80857        4.78431      0.0388279
             20         4.6969        4.77994      0.0371317
              1        4.75079        4.75079              0
              2        4.86418        4.80748      0.0400905
              3         4.9135        4.84282        0.03933
              4        4.68325        4.80293      0.0454279
              5        4.85808        4.81396      0.0376578
              6        4.65332        4.78719      0.0397763
              7         4.3911         4.7306      0.0625033
              8        4.74557        4.73247      0.0547184
              9        4.53987        4.71107      0.0526574
             10        4.75221        4.71519      0.0475521
             11        5.19397        4.75871      0.0599253
             12        4.83279        4.76489      0.0552486
             13         4.5341        4.74713      0.0537752
             14        4.94249        4.76109      0.0517129
             15        4.75674         4.7608      0.0482662
             16        5.13468        4.78416      0.0505908
             17        5.03751        4.79907      0.0497615
             18        4.71251        4.79426      0.0472287
             19        4.74897        4.79187      0.0448031
             20        4.69446          4.787      0.0428269
