              1       0.093436       0.093436              0
              2        0.10134       0.097388     0.00279449
              3       0.086132       0.093636     0.00358549
              4        0.12058       0.100372     0.00642352
              5       0.105416       0.101381     0.00521743
              6       0.085132      0.0986727     0.00500155
              7       0.099756      0.0988274     0.00428944
              8       0.093384       0.098147     0.00380684
              9       0.113496      0.0998524     0.00374645
             10       0.118648       0.101732     0.00381425
             11       0.091236       0.100778     0.00358487
             12       0.107812       0.101364     0.00333371
             13       0.076856      0.0994788     0.00357075
             14       0.093544      0.0990549     0.00334077
             15       0.085744      0.0981675     0.00323376
             16       0.093104       0.097851      0.0030471
             17       0.102564      0.0981282     0.00288044
             18       0.072764      0.0967191     0.00304565
             19       0.100968      0.0969427     0.00289355
             20       0.108128       0.097502      0.0028024
              1       0.089964       0.089964              0
              2       0.103144       0.096554     0.00465983
              3       0.104028      0.0990453     0.00371329
              4       0.093524       0.097665     0.00303068
              5       0.099592      0.0980504     0.00244893
              6       0.105588      0.0993067     0.00234092
              7        0.10074      0.0995114     0.00201544
              8       0.130412       0.103374     0.00402051
              9       0.096928       0.102658     0.00363702
             10       0.104672       0.102859     0.00327889
             11       0.109512       0.103464     0.00303608
             12       0.083884       0.101832     0.00319154
             13       0.105308         0.1021     0.00295722
             14       0.081768       0.100647     0.00308202
             15        0.08206      0.0994083     0.00311572
             16       0.076428       0.097972     0.00323514
             17        0.09938      0.0980548      0.0030459
             18       0.101208        0.09823     0.00288171
             19       0.109512      0.0988238     0.00279055
             20       0.110568       0.099411      0.0027121
