              1      -0.974864      -0.974864              0
              2      -0.979136         -0.977     0.00151038
              3       -0.97868       -0.97756     0.00110587
              4      -0.968312      -0.975248     0.00216724
              5      -0.975992      -0.975397     0.00173889
              6      -0.973704      -0.975115     0.00147179
              7      -0.972064      -0.974679     0.00132448
              8      -0.970912      -0.974208      0.0012398
              9       -0.97244      -0.974012      0.0011175
             10      -0.973968      -0.974007     0.00100576
             11      -0.970688      -0.973705    0.000958519
             12        -0.9706      -0.973447    0.000912909
             13      -0.974592      -0.973535    0.000846926
             14      -0.966312      -0.973019    0.000930391
             15      -0.971968      -0.972949    0.000870999
             16      -0.979912      -0.973384    0.000918876
             17       -0.97344      -0.973387    0.000864831
             18       -0.96924      -0.973157    0.000846921
             19      -0.983768      -0.973715    0.000969145
             20      -0.973328      -0.973696    0.000920881
              1      -0.976224      -0.976224              0
              2      -0.979072      -0.977648     0.00100692
              3      -0.978584       -0.97796    0.000717992
              4      -0.968352      -0.975558     0.00214876
              5      -0.975928      -0.975632     0.00172028
              6      -0.973664      -0.975304     0.00146451
              7      -0.972016      -0.974834     0.00132848
              8      -0.970984      -0.974353     0.00124656
              9      -0.972376      -0.974133     0.00112724
             10       -0.97396      -0.974116     0.00101465
             11      -0.970752       -0.97381    0.000967399
             12       -0.97068      -0.973549    0.000921278
             13      -0.974536      -0.973625    0.000853532
             14      -0.966408       -0.97311    0.000935379
             15      -0.971912       -0.97303    0.000876422
             16      -0.979944      -0.973462    0.000922046
             17      -0.973424       -0.97346    0.000867811
             18      -0.969208      -0.973224    0.000851139
             19      -0.983736      -0.973777     0.00096964
             20      -0.973296      -0.973753    0.000921456
