              1         79.807         79.807              0
              2        83.6825        81.7448        1.37019
              3        84.9248        82.8048        1.25837
              4        71.4858         79.975        2.62609
              5         80.345         80.049        2.10191
              6        79.1491         79.899        1.75694
              7        76.2622        79.3795         1.5809
              8        75.3268        78.8729         1.4622
              9        75.6371        78.5134        1.34321
             10        79.8087        78.6429        1.21511
             11        75.1675         78.327        1.14499
             12        75.1675        78.0637        1.07942
             13         78.729        78.1149         0.9976
             14        72.1756        77.6906        1.01254
             15        78.5564        77.7483       0.946677
             16         84.001        78.1391       0.964804
             17        78.8985        78.1838       0.909084
             18        74.8464        77.9984       0.877283
             19        88.3463         78.543       0.985776
             20        79.2749        78.5796       0.937166
              1        81.0704        81.0704              0
              2        83.7043        82.3874        0.93122
              3        84.9276        83.2341       0.929178
              4        71.4761        80.2946        2.63934
              5        80.3328        80.3023        2.11148
              6        79.1016        80.1021        1.76903
              7        76.2632        79.5537        1.59906
              8        75.3645        79.0301        1.48244
              9        75.6424        78.6537        1.36468
             10        79.8188        78.7702        1.23317
             11        75.1416        78.4403        1.16435
             12        75.1508        78.1662        1.09912
             13        78.7098         78.208        1.01536
             14        72.1794        77.7774        1.03011
             15        78.5512         77.829       0.962728
             16        84.0119        78.2154       0.977041
             17        78.9194        78.2568       0.920446
             18        74.8189        78.0658       0.888905
             19        88.3632        78.6078       0.993699
             20        79.2657        78.6407       0.944559
