              1       0.198561       0.198561              0
              2       0.165171       0.181866      0.0118051
              3       0.168742       0.177491     0.00864272
              4       0.249487        0.19549      0.0168817
              5       0.189758       0.194344      0.0135442
              6       0.207602       0.196554      0.0114657
              7       0.220366       0.199955      0.0103201
              8        0.22932       0.203626     0.00966078
              9       0.217442       0.205161     0.00870847
             10       0.205545       0.205199      0.0078377
             11       0.231059        0.20755     0.00746944
             12       0.231743       0.209566     0.00711385
             13       0.200682       0.208883     0.00659938
             14       0.264964       0.212889     0.00724243
             15       0.221113       0.213437     0.00678032
             16        0.15909        0.21004     0.00715697
             17       0.209658       0.210018       0.006736
             18       0.242295       0.211811     0.00659615
             19       0.128802       0.207442      0.0075586
             20        0.21053       0.207597     0.00718224
              1       0.187947       0.187947              0
              2       0.165672       0.176809     0.00787531
              3       0.169493       0.174371      0.0056151
              4       0.249178       0.193072      0.0167347
              5       0.190258        0.19251      0.0133972
              6       0.207914       0.195077      0.0114077
              7        0.22074       0.198743      0.0103504
              8        0.22876       0.202495     0.00971289
              9        0.21794       0.204211     0.00878397
             10       0.205608       0.204351     0.00790668
             11       0.230562       0.206734     0.00753841
             12       0.231121       0.208766     0.00717893
             13       0.201118       0.208178     0.00665076
             14       0.264222       0.212181      0.0072815
             15       0.221548       0.212805     0.00682279
             16       0.158839       0.209433     0.00718185
             17       0.209783       0.209453     0.00675941
             18       0.242543       0.211291     0.00662917
             19       0.129054       0.206963     0.00756239
             20        0.21078       0.207154     0.00718668
