              1       0.906532       0.906532              0
              2       0.848304       0.877418      0.0205867
              3       0.832584       0.862473      0.0183645
              4       0.936956       0.881094      0.0212074
              5       0.817344       0.868344      0.0204424
              6       0.955028       0.882791      0.0215439
              7       0.704756       0.857358      0.0299242
              8       0.940492       0.867749      0.0279299
              9       0.925024       0.874113      0.0255413
             10        0.86518        0.87322      0.0230028
             11       0.747548       0.861795      0.0235787
             12       0.896512       0.864688      0.0217905
             13       0.942264       0.870656      0.0209155
             14        0.86338       0.870136       0.019428
             15       0.923676       0.873705      0.0184577
             16       0.979252       0.880302      0.0184453
             17        0.78498       0.874695      0.0181926
             18       0.925444       0.877514       0.017399
             19       0.958112       0.881756      0.0169925
             20       0.900556       0.882696      0.0161689
              1       0.917716       0.917716              0
              2       0.848212       0.882964      0.0245734
              3       0.832652       0.866193      0.0213514
              4       0.937136       0.883929      0.0221889
              5       0.817132        0.87057      0.0213982
              6       0.955144       0.884665      0.0219897
              7         0.7047       0.858956      0.0303613
              8       0.940556       0.869156      0.0282275
              9       0.924816        0.87534      0.0257597
             10       0.864944       0.874301      0.0232047
             11       0.747728       0.862794      0.0237776
             12       0.896608       0.865612      0.0219624
             13       0.942184       0.871502       0.021048
             14        0.86298       0.870893      0.0195534
             15        0.92366       0.874411      0.0185636
             16       0.979192        0.88096      0.0185225
             17       0.784796       0.875303      0.0182763
             18       0.925356       0.878084      0.0174712
             19        0.95822       0.882302      0.0170532
             20       0.900616       0.883217      0.0162251
