              1       0.066244       0.066244              0
              2        0.06442       0.065332    0.000644881
              3       0.059232      0.0632987     0.00171497
              4       0.052824        0.06068     0.00260719
              5       0.059368      0.0604176     0.00209892
              6        0.07062       0.062118     0.00233855
              7        0.06798      0.0629554     0.00214919
              8       0.050868      0.0614445     0.00235244
              9       0.084976      0.0640591     0.00323251
             10       0.043836      0.0620368     0.00348491
             11       0.082924      0.0639356     0.00364892
             12       0.064428      0.0639767     0.00334508
             13         0.0656      0.0641015     0.00309009
             14       0.071368      0.0646206     0.00291263
             15       0.074884      0.0653048     0.00279767
             16       0.091996       0.066973     0.00308028
             17       0.076312      0.0675224     0.00294767
             18        0.07342        0.06785     0.00280206
             19       0.084992      0.0687522     0.00279606
             20       0.070052      0.0688172     0.00265701
              1       0.068564       0.068564              0
              2        0.05644       0.062502     0.00428648
              3        0.06336       0.062788     0.00286718
              4        0.09084       0.069801     0.00644289
              5       0.050416       0.065924     0.00621223
              6       0.073628       0.067208     0.00530789
              7       0.064336      0.0667977     0.00456545
              8       0.073752       0.067667     0.00407669
              9       0.083916      0.0694724      0.0040036
             10        0.08886      0.0714112     0.00404552
             11       0.073856      0.0716335     0.00368385
             12         0.0688      0.0713973     0.00338442
             13       0.065952      0.0709785     0.00314989
             14        0.06828      0.0707857     0.00293079
             15        0.08082      0.0714547     0.00281071
             16       0.074892      0.0716695     0.00264324
             17       0.073276       0.071764     0.00248945
             18       0.078788      0.0721542     0.00238153
             19        0.06614      0.0718377     0.00227713
             20        0.07276      0.0718838     0.00216374
