              1        3.53632        3.53632              0
              2        3.47211        3.50421      0.0227008
              3        3.54731        3.51858      0.0191471
              4        3.54675        3.52562      0.0156017
              5        3.44228        3.50895       0.019443
              6        3.55451        3.51655      0.0176227
              7        3.36627        3.49508      0.0249645
              8         3.4065        3.48401      0.0241751
              9        3.55978        3.49242      0.0229082
             10        3.36319         3.4795      0.0239871
             11        3.50378        3.48171      0.0219078
             12        3.73751        3.50303      0.0286329
             13        3.53737        3.50567       0.026552
             14        3.55608        3.50927      0.0248984
             15        3.38825         3.5012      0.0245108
             16         3.5751        3.50582        0.02341
             17        3.57271        3.50975      0.0223611
             18        3.44321        3.50606      0.0214222
             19        3.61763        3.51193      0.0210842
             20        3.59212        3.51594      0.0204077
              1        3.57933        3.57933              0
              2        3.35218        3.46576      0.0803079
              3        3.74326        3.55826      0.0925784
              4        3.70921          3.596      0.0767409
              5        3.47737        3.57227      0.0649565
              6        3.62962        3.58183      0.0548292
              7        3.51373         3.5721      0.0478518
              8         3.3954        3.55001      0.0466908
              9        3.48269        3.54253      0.0420978
             10        3.46901        3.53518      0.0385246
             11        3.57624        3.53891      0.0352027
             12        3.51698        3.53709      0.0323166
             13        3.61819        3.54332      0.0304269
             14        3.58554        3.54634      0.0284026
             15        3.39798        3.53645      0.0281786
             16        3.41049        3.52858      0.0274951
             17        3.56184        3.53053      0.0259473
             18        3.59628        3.53419      0.0247616
             19        3.30314        3.52203      0.0262752
             20        3.53524        3.52269      0.0249697
