              1      -0.643688      -0.643688              0
              2      -0.642352       -0.64302    0.000472347
              3      -0.642512      -0.642851    0.000343914
              4      -0.639816      -0.642092    0.000705841
              5      -0.639688      -0.641611    0.000709782
              6      -0.643888      -0.641991    0.000685456
              7      -0.644384      -0.642333    0.000667379
              8      -0.640912      -0.642155    0.000607121
              9      -0.642496      -0.642193    0.000540844
             10      -0.639656      -0.641939    0.000543008
             11      -0.645584      -0.642271    0.000586082
             12      -0.642184      -0.642263    0.000537287
             13       -0.64372      -0.642375    0.000507507
             14       -0.64256      -0.642389    0.000471427
             15      -0.642552      -0.642399    0.000440125
             16       -0.64024      -0.642265    0.000432817
             17      -0.645544      -0.642457    0.000448292
             18      -0.640184      -0.642331     0.00044082
             19      -0.646272      -0.642539    0.000463856
             20      -0.643832      -0.642603    0.000445149
              1      -0.646208      -0.646208              0
              2      -0.645632       -0.64592    0.000203647
              3      -0.640344      -0.644061     0.00152366
              4      -0.641584      -0.643442     0.00126235
              5      -0.642944      -0.643342     0.00101381
              6       -0.64432      -0.643505    0.000857831
              7      -0.644296      -0.643618    0.000742683
              8      -0.640488      -0.643227    0.000745834
              9      -0.644352      -0.643352    0.000673357
             10      -0.646128       -0.64363     0.00066077
             11      -0.645848      -0.643831    0.000630726
             12      -0.644688      -0.643903    0.000582192
             13      -0.644016      -0.643911    0.000537473
             14      -0.642872      -0.643837    0.000504184
             15      -0.642128      -0.643723    0.000483275
             16      -0.640608      -0.643529    0.000490726
             17      -0.643136      -0.643505    0.000462402
             18      -0.641672      -0.643404    0.000447791
             19       -0.64568      -0.643523     0.00043996
             20      -0.644408      -0.643568     0.00042018
