              1       0.341277       0.341277              0
              2       0.342278       0.341778    0.000353976
              3       0.342159       0.341905     0.00025774
              4       0.344173       0.342472    0.000527798
              5       0.344269       0.342831    0.000530651
              6       0.341127       0.342547    0.000512607
              7       0.340755       0.342291    0.000499249
              8       0.343355       0.342424    0.000454216
              9       0.342171       0.342396     0.00040462
             10       0.344292       0.342586    0.000406178
             11       0.339853       0.342337    0.000438701
             12       0.342404       0.342343    0.000402178
             13       0.341253       0.342259    0.000379874
             14       0.342123       0.342249    0.000352865
             15       0.342129       0.342241    0.000329432
             16       0.343857       0.342342     0.00032395
             17       0.339883       0.342197    0.000335644
             18       0.343899       0.342292    0.000330035
             19       0.339335       0.342136     0.00034743
             20       0.341169       0.342088    0.000333408
              1       0.339383       0.339383              0
              2       0.339817         0.3396    0.000153301
              3       0.343779       0.340993     0.00114207
              4       0.342853       0.341458    0.000946496
              5       0.341835       0.341533    0.000760195
              6       0.340803       0.341412    0.000643172
              7       0.340821       0.341327      0.0005568
              8       0.343672        0.34162    0.000559032
              9       0.340779       0.341527    0.000504676
             10       0.339443       0.341318    0.000495353
             11       0.339654       0.341167    0.000472864
             12       0.340526       0.341114    0.000436463
             13       0.341031       0.341107    0.000402935
             14       0.341889       0.341163    0.000378002
             15       0.342446       0.341249    0.000362347
             16       0.343582       0.341395    0.000367881
             17       0.341691       0.341412    0.000346654
             18       0.342787       0.341488    0.000335709
             19       0.339781       0.341399    0.000329855
             20       0.340737       0.341365    0.000315017
