              1      -0.621616      -0.621616              0
              2      -0.622448      -0.622032    0.000294156
              3      -0.624152      -0.622739    0.000609406
              4      -0.622808      -0.622756    0.000457301
              5      -0.623624       -0.62293    0.000397428
              6      -0.625944      -0.623432    0.000565707
              7      -0.625928      -0.623789    0.000586601
              8      -0.624336      -0.623857    0.000517251
              9       -0.62172       -0.62362    0.000511383
             10      -0.624256      -0.623683    0.000464188
             11      -0.625336      -0.623833    0.000445644
             12      -0.619048      -0.623435    0.000559158
             13        -0.6258      -0.623617    0.000544945
             14       -0.62216      -0.623513    0.000515857
             15      -0.623144      -0.623488    0.000482051
             16      -0.615224      -0.622971    0.000674043
             17       -0.62352      -0.623004    0.000635165
             18      -0.623664       -0.62304    0.000600936
             19      -0.620144      -0.622888    0.000588326
             20      -0.621136        -0.6228    0.000565394
              1      -0.622952      -0.622952              0
              2      -0.623144      -0.623048    6.78823e-05
              3      -0.623128      -0.623075    5.02203e-05
              4      -0.624704      -0.623482    0.000354766
              5      -0.621536      -0.623093    0.000449145
              6      -0.623312      -0.623129     0.00037577
              7       -0.62636      -0.623591    0.000535085
              8       -0.62404      -0.623647    0.000471136
              9      -0.624944      -0.623791    0.000440276
             10      -0.623712      -0.623783     0.00039632
             11      -0.625392      -0.623929    0.000386336
             12      -0.619416      -0.623553    0.000505068
             13      -0.625808      -0.623727      0.0004951
             14      -0.622248      -0.623621    0.000470869
             15      -0.622928      -0.623575    0.000441739
             16       -0.61504      -0.623042     0.00066202
             17        -0.6234      -0.623063    0.000623414
             18      -0.623776      -0.623102    0.000590038
             19        -0.6202      -0.622949    0.000578417
             20       -0.62104      -0.622854     0.00055732
