              1        0.05474        0.05474              0
              2       0.057568       0.056154    0.000999849
              3       0.063948       0.058752     0.00222352
              4       0.059712       0.058992     0.00168054
              5       0.040532         0.0553     0.00356542
              6       0.051436       0.054656     0.00302878
              7       0.076816      0.0578217     0.00391533
              8       0.064896       0.058706     0.00352436
              9       0.065084      0.0594147     0.00320322
             10       0.048208       0.058294     0.00307269
             11       0.070608      0.0594135     0.00299033
             12        0.06348      0.0597523     0.00276027
             13       0.065296      0.0601788     0.00258067
             14        0.04786      0.0592989     0.00254192
             15       0.054016      0.0589467     0.00239674
             16       0.074916      0.0599447     0.00244595
             17       0.068884      0.0604706     0.00235791
             18       0.057904       0.060328     0.00223122
             19       0.053392      0.0599629     0.00214345
             20       0.065804       0.060255     0.00205607
              1        0.06658        0.06658              0
              2       0.060856       0.063718     0.00202374
              3        0.06698      0.0648053     0.00161506
              4       0.074276       0.067173     0.00238152
              5        0.06352      0.0664424     0.00201417
              6       0.072444      0.0674427     0.00191077
              7       0.051864      0.0652171     0.00263207
              8       0.059668      0.0645235     0.00239272
              9       0.067496      0.0648538     0.00214953
             10       0.072292      0.0655976     0.00205926
             11       0.073652      0.0663298     0.00199799
             12       0.052084      0.0651427     0.00215552
             13       0.061936       0.064896     0.00200377
             14       0.052032      0.0639771     0.00206058
             15       0.059664      0.0636896     0.00194317
             16       0.062356      0.0636063     0.00182351
             17       0.068948      0.0639205      0.0017431
             18       0.062064      0.0638173     0.00164931
             19       0.060564      0.0636461     0.00157137
             20        0.06352      0.0636398     0.00149281
