              1       0.326919       0.326919              0
              2       0.326367       0.326643    0.000194975
              3       0.325235       0.326174    0.000404525
              4       0.326128       0.326162    0.000303553
              5       0.325586       0.326047    0.000263795
              6       0.324042       0.325713    0.000376048
              7       0.324053       0.325476     0.00039003
              8       0.325113        0.32543    0.000343902
              9        0.32685       0.325588    0.000339932
             10       0.325166       0.325546    0.000308546
             11       0.324447       0.325446    0.000296223
             12       0.328616        0.32571    0.000371086
             13       0.324138       0.325589    0.000361715
             14       0.326558       0.325658    0.000342434
             15       0.325905       0.325675    0.000320001
             16       0.331131       0.326016    0.000446106
             17       0.325656       0.325995    0.000420368
             18        0.32556       0.325971    0.000397707
             19       0.327892       0.326072    0.000389427
             20       0.327236        0.32613    0.000374285
              1       0.326033       0.326033              0
              2       0.325905       0.325969    4.50678e-05
              3       0.325916       0.325951    3.33416e-05
              4       0.324868        0.32568    0.000235847
              5       0.326972       0.325939    0.000298233
              6       0.325794       0.325915    0.000249505
              7       0.323764       0.325607    0.000355833
              8        0.32531        0.32557    0.000313291
              9       0.324708       0.325474    0.000292751
             10       0.325528        0.32548    0.000263525
             11        0.32441       0.325382    0.000256891
             12       0.328373       0.325632    0.000335251
             13       0.324133       0.325516    0.000328699
             14         0.3265       0.325587    0.000312636
             15       0.326049       0.325617    0.000293307
             16       0.331251        0.32597     0.00043801
             17       0.325735       0.325956    0.000412462
             18       0.325485        0.32593    0.000390374
             19       0.327855       0.326031    0.000382761
             20         0.3273       0.326094    0.000368844
