              1        3.18322        3.18322              0
              2        3.15698         3.1701     0.00927807
              3        3.10422        3.14814      0.0189672
              4         3.1989        3.16083      0.0179761
              5        3.19484        3.16763      0.0156154
              6        3.46181        3.21666      0.0466114
              7        2.91786        3.17397      0.0561957
              8        3.16673        3.17307      0.0491785
              9        3.00827        3.15476      0.0469996
             10        3.25044        3.16433      0.0432626
             11        3.21478        3.16891       0.039572
             12        3.02729        3.15711      0.0379936
             13         3.2102        3.16119      0.0352897
             14        3.09274         3.1563      0.0331061
             15        3.00023         3.1459      0.0324929
             16        3.05859        3.14044      0.0309169
             17        3.31808        3.15089      0.0308135
             18        2.97526        3.14114      0.0306076
             19        3.04094        3.13586      0.0294474
             20        3.09327        3.13373       0.028052
              1        3.28131        3.28131              0
              2        3.13427        3.20779      0.0519873
              3          3.274        3.22986       0.039063
              4        3.16479         3.2136      0.0325084
              5        3.10651        3.19218      0.0323007
              6        3.27561        3.20608      0.0297606
              7        3.21088        3.20677      0.0255169
              8        3.17871        3.20326      0.0225671
              9        3.15404        3.19779      0.0207116
             10        3.25458        3.20347      0.0194034
             11        3.21979        3.20496      0.0176961
             12         3.0308        3.19044      0.0213591
             13        3.19484        3.19078      0.0197188
             14        3.10116        3.18438      0.0193215
             15        2.99268         3.1716      0.0218549
             16        3.05271        3.16417      0.0217154
             17        3.31984        3.17333      0.0222852
             18        2.97657        3.16239      0.0235761
             19        3.04212        3.15606      0.0231695
             20        3.09472          3.153      0.0222131
