              1        66.4413        66.4413              0
              2        74.8449        70.6431        2.97111
              3        73.0689        71.4517        2.08787
              4        73.0723        71.8568        1.60473
              5        74.8455        72.4546        1.39066
              6        63.1347        70.9013         1.8313
              7         73.043        71.2072        1.59504
              8        60.5867        69.8797        1.86815
              9        72.5182        70.1728        1.68342
             10        72.9376        70.4493        1.53761
             11        68.7841        70.2979        1.40526
             12        65.1588        69.8697        1.35184
             13        58.4319        68.9898        1.50721
             14        59.1268        68.2853        1.55551
             15        57.2011        67.5464        1.61784
             16        74.3543        67.9719        1.57168
             17        66.6436        67.8938        1.48117
             18        61.1438        67.5188        1.44557
             19        76.3163        67.9818        1.44174
             20        60.9917        67.6323        1.41138
              1        66.9055        66.9055              0
              2        74.8512        70.8783        2.80922
              3        73.0554         71.604        1.96431
              4        73.0787        71.9727        1.50743
              5        74.8126        72.5407        1.30858
              6        63.1334        70.9728        1.79936
              7        73.0608        71.2711        1.56684
              8        60.6069         69.938        1.85322
              9        72.4984        70.2225          1.669
             10        72.9362        70.4939          1.524
             11        68.7959        70.3395        1.39325
             12        65.1657        69.9084         1.3422
             13        58.4287        69.0253         1.5016
             14        59.0802         68.315        1.55331
             15        57.1769        67.5724        1.61753
             16        74.3765        67.9977        1.57134
             17        66.6703        67.9196        1.48085
             18        61.1532        67.5437         1.4455
             19        76.3055        68.0048        1.44111
             20        60.9441        67.6518        1.41163
