              1         -0.963         -0.963              0
              2      -0.972192      -0.967596     0.00324986
              3      -0.968816      -0.968003     0.00219187
              4       -0.97016      -0.968542     0.00170897
              5      -0.971376      -0.969109     0.00145814
              6       -0.95956      -0.967517     0.00189398
              7      -0.967984      -0.967584     0.00162458
              8      -0.957016      -0.966263     0.00188351
              9      -0.969768      -0.966652     0.00171402
             10      -0.969488      -0.966936      0.0015659
             11      -0.964352      -0.966701     0.00144105
             12      -0.961696      -0.966284     0.00138001
             13      -0.954992      -0.965415     0.00152288
             14      -0.954568      -0.964641      0.0015991
             15      -0.952896      -0.963858     0.00167324
             16        -0.9718      -0.964354     0.00164064
             17      -0.963744      -0.964318     0.00154453
             18      -0.956632      -0.963891      0.0015166
             19      -0.975136      -0.964483     0.00154795
             20      -0.958112      -0.964164     0.00150297
              1       -0.96376       -0.96376              0
              2      -0.972248      -0.968004     0.00300096
              3      -0.968768      -0.968259     0.00201142
              4      -0.970144       -0.96873     0.00156281
              5      -0.971264      -0.969237     0.00132989
              6      -0.959464      -0.967608     0.00185446
              7      -0.967992      -0.967663     0.00159035
              8       -0.95708       -0.96634     0.00186216
              9       -0.96976       -0.96672     0.00169358
             10       -0.96928      -0.966976     0.00154345
             11       -0.96448      -0.966749     0.00141972
             12      -0.961664      -0.966325     0.00136318
             13      -0.955104      -0.965462     0.00150703
             14      -0.954496      -0.964679     0.00158997
             15       -0.95268      -0.963879     0.00167314
             16        -0.9718      -0.964374     0.00164018
             17       -0.96384      -0.964343       0.001544
             18      -0.956736       -0.96392     0.00151495
             19      -0.975064      -0.964507     0.00154458
             20      -0.958048      -0.964184     0.00150073
