              1       0.258565       0.258565              0
              2       0.195239       0.226902      0.0223891
              3       0.218567       0.224124      0.0150975
              4        0.20929       0.220415      0.0117698
              5       0.200885       0.216509      0.0100431
              6        0.28211       0.227443      0.0130253
              7       0.224304       0.226994      0.0111723
              8       0.299467       0.236054      0.0129373
              9       0.211997       0.233381      0.0117727
             10        0.21393       0.231436      0.0107549
             11       0.249289       0.233059     0.00989892
             12         0.2675       0.235929     0.00948097
             13       0.313244       0.241876      0.0104519
             14       0.316126        0.24718      0.0109687
             15        0.32748       0.252533      0.0114697
             16       0.197952       0.249122      0.0112487
             17       0.253462       0.249377      0.0105899
             18       0.302083       0.252305      0.0103985
             19        0.17483       0.248228      0.0106207
             20       0.291995       0.250416      0.0103126
              1       0.253352       0.253352              0
              2       0.194852       0.224102      0.0206831
              3       0.218898       0.222367      0.0138613
              4       0.209401       0.219126      0.0107684
              5        0.20166       0.215633     0.00916377
              6       0.282766       0.226821      0.0127531
              7       0.224249       0.226454      0.0109365
              8       0.299031       0.235526      0.0127902
              9       0.212052       0.232918       0.011632
             10       0.215366       0.231163      0.0106004
             11        0.24841       0.232731     0.00975199
             12       0.267719       0.235646     0.00936507
             13       0.312483       0.241557       0.010343
             14       0.316616       0.246918      0.0109056
             15       0.328946       0.252387      0.0114679
             16       0.197952       0.248984      0.0112445
             17       0.252803       0.249209      0.0105853
             18       0.301375       0.252107      0.0103864
             19        0.17533       0.248066      0.0105967
             20       0.292432       0.250285      0.0102964
