              1         0.8829         0.8829              0
              2       0.807796       0.845348      0.0265533
              3         0.7521       0.814265      0.0309428
              4       0.953932       0.849182      0.0381176
              5       0.745816       0.828509      0.0356622
              6       0.901368       0.840652      0.0317186
              7       0.523552       0.795352      0.0499809
              8       0.864356       0.803977      0.0444713
              9       0.871004       0.811425      0.0401488
             10       0.903896       0.820672      0.0371836
             11       0.895988       0.827519      0.0344279
             12       0.896328       0.833253      0.0320328
             13        0.88568       0.837286      0.0298216
             14       0.854668       0.838527      0.0277173
             15       0.702864       0.829483      0.0273052
             16       0.934808       0.836066      0.0263802
             17       0.812572       0.834684      0.0248646
             18       0.867048       0.836482      0.0235481
             19       0.927572       0.841276      0.0227916
             20       0.913812       0.844903      0.0219387
              1       0.896072       0.896072              0
              2       0.807872       0.851972      0.0311834
              3          0.752       0.818648      0.0342419
              4        0.95408       0.852506      0.0389783
              5       0.745988       0.831202      0.0365436
              6        0.90142       0.842905      0.0322725
              7       0.523604       0.797291       0.050484
              8       0.864156       0.805649      0.0448601
              9       0.871136       0.812925      0.0404614
             10       0.903804       0.822013       0.037422
             11       0.895952       0.828735      0.0346184
             12       0.896152       0.834353      0.0321862
             13       0.885436       0.838282      0.0299492
             14       0.854584       0.839447      0.0278326
             15       0.702784       0.830336      0.0274278
             16       0.934756       0.836862      0.0264786
             17       0.812512        0.83543      0.0249597
             18        0.86708       0.837188      0.0236349
             19       0.927356       0.841934      0.0228625
             20       0.913792       0.845527      0.0219999
