              1       -0.66564       -0.66564              0
              2      -0.668872      -0.667256     0.00114268
              3      -0.663592      -0.666035     0.00125489
              4      -0.664896       -0.66575    0.000972923
              5       -0.66468      -0.665536    0.000801528
              6      -0.668704      -0.666064    0.000823689
              7        -0.6684      -0.666398    0.000770662
              8      -0.665776       -0.66632    0.000678236
              9       -0.66672      -0.666364    0.000604331
             10       -0.66476      -0.666204    0.000564795
             11      -0.663952      -0.665999    0.000549303
             12      -0.662488      -0.665707    0.000576215
             13       -0.66732      -0.665831    0.000545091
             14       -0.66608      -0.665849    0.000506447
             15      -0.662112      -0.665599    0.000530421
             16      -0.666776      -0.665673     0.00050234
             17      -0.664904      -0.665628    0.000474823
             18      -0.661624      -0.665405    0.000497825
             19      -0.663928      -0.665328    0.000477657
             20      -0.661408      -0.665132     0.00049234
              1      -0.664984      -0.664984              0
              2       -0.66868      -0.666832     0.00130673
              3      -0.663384      -0.665683     0.00128045
              4         -0.665      -0.665512    0.000971646
              5       -0.66388      -0.665186    0.000830332
              6      -0.668536      -0.665744    0.000859434
              7        -0.6682      -0.666095    0.000805096
              8      -0.665048      -0.665964    0.000715015
              9       -0.66692       -0.66607     0.00064341
             10      -0.663984      -0.665862    0.000611958
             11      -0.665928      -0.665868    0.000556355
             12      -0.662336      -0.665573    0.000582656
             13      -0.667336      -0.665709    0.000553388
             14      -0.665528      -0.665696    0.000514011
             15      -0.662328      -0.665471    0.000526506
             16      -0.667032      -0.665569    0.000502552
             17      -0.664768      -0.665522    0.000475194
             18      -0.661552      -0.665301    0.000497349
             19      -0.664288      -0.665248    0.000474023
             20      -0.661664      -0.665069    0.000483008
