              1       0.356431       0.356431              0
              2       0.353671       0.355051    0.000975953
              3       0.358173       0.356092     0.00107029
              4       0.357065       0.356335    0.000829899
              5       0.357248       0.356518    0.000683734
              6       0.353814       0.356067    0.000702702
              7       0.354075       0.355782    0.000657442
              8       0.356315       0.355849    0.000578624
              9        0.35551       0.355811    0.000515556
             10        0.35718       0.355948    0.000481833
             11       0.357867       0.356123    0.000468554
             12        0.35911       0.356372    0.000491216
             13       0.354998       0.356266    0.000464659
             14       0.356056       0.356251    0.000431711
             15       0.359429       0.356463    0.000451938
             16       0.355462         0.3564    0.000427996
             17       0.357058       0.356439    0.000404563
             18       0.359842       0.356628    0.000423976
             19       0.357888       0.356694    0.000406812
             20       0.360025       0.356861    0.000419179
              1        0.35699        0.35699              0
              2       0.353835       0.355412     0.00111536
              3        0.35835       0.356391     0.00109184
              4       0.356976       0.356538    0.000828603
              5       0.357929       0.356816    0.000708042
              6       0.353958        0.35634     0.00073292
              7       0.354246        0.35604    0.000686551
              8       0.356935       0.356152    0.000609774
              9       0.355339       0.356062     0.00054867
             10        0.35784        0.35624    0.000521825
             11       0.356186       0.356235    0.000474409
             12       0.359239       0.356485    0.000496559
             13       0.354984        0.35637    0.000471596
             14       0.356526       0.356381    0.000438043
             15       0.359246       0.356572    0.000448551
             16       0.355244       0.356489    0.000428129
             17       0.357173       0.356529    0.000404834
             18       0.359903       0.356717    0.000423525
             19       0.357582       0.356762    0.000403675
             20       0.359808       0.356914    0.000411225
