              1       0.101336       0.101336              0
              2       0.097656       0.099496     0.00130108
              3        0.07364      0.0908773     0.00709037
              4       0.096436       0.092267     0.00545226
              5        0.11718      0.0972496      0.0062359
              6        0.05002       0.089378     0.00886789
              7       0.057884      0.0848789     0.00866755
              8       0.093448        0.08595     0.00765001
              9       0.075232      0.0847591     0.00689208
             10        0.07788      0.0840712     0.00623711
             11        0.07908      0.0836175     0.00568658
             12       0.066796      0.0822157      0.0053827
             13       0.077268      0.0818351     0.00498208
             14       0.083304        0.08194     0.00462733
             15       0.110092      0.0838168     0.00468401
             16       0.084288      0.0838462     0.00439135
             17       0.087564      0.0840649     0.00413848
             18       0.076132      0.0836242     0.00393196
             19       0.071532      0.0829878     0.00377617
             20        0.08086      0.0828814     0.00358886
              1       0.100868       0.100868              0
              2       0.098256       0.099562    0.000923481
              3       0.072748       0.090624     0.00732377
              4        0.09636       0.092058     0.00563147
              5         0.1166      0.0969664     0.00629051
              6       0.049928      0.0891267     0.00887115
              7       0.058896       0.084808     0.00859098
              8       0.094084      0.0859675     0.00759495
              9       0.075744      0.0848316     0.00683549
             10       0.076692      0.0840176     0.00620021
             11       0.079068      0.0835676     0.00565286
             12       0.067272      0.0822097     0.00534241
             13       0.078552      0.0819283     0.00493886
             14       0.081924       0.081928     0.00458608
             15       0.110076      0.0838045     0.00464844
             16       0.084556      0.0838515     0.00435815
             17       0.087572      0.0840704     0.00410728
             18       0.077768      0.0837202     0.00389399
             19       0.071308      0.0830669     0.00374344
             20       0.079812      0.0829042      0.0035598
