              1        3.85718        3.85718              0
              2         3.9119        3.88454      0.0193487
              3          4.209        3.99269      0.0892433
              4        4.07734        4.01386      0.0693963
              5        4.05528        4.02214      0.0560095
              6        4.04937        4.02668      0.0468581
              7        3.95973        4.01712      0.0411285
              8        3.92097         4.0051      0.0377026
              9        3.96881        4.00106      0.0337284
             10        4.10087        4.01105       0.031798
             11         3.9655         4.0069      0.0291756
             12        3.97913        4.00459      0.0268359
             13        4.00728         4.0048      0.0247724
             14        4.20082         4.0188      0.0266679
             15         4.0351        4.01989      0.0249122
             16        4.17889        4.02982      0.0252598
             17        3.78046        4.01515      0.0277075
             18        4.01189        4.01497      0.0261687
             19        4.11259        4.02011      0.0252907
             20        3.53423        3.99582      0.0337334
              1        3.86265        3.86265              0
              2         3.9238        3.89323      0.0216205
              3        4.20929        3.99858      0.0872218
              4        4.09698        4.02318      0.0687979
              5        4.04044        4.02663      0.0551248
              6        4.03769        4.02848      0.0459682
              7        3.96266        4.01907      0.0403513
              8        3.90536        4.00486      0.0377279
              9        3.98518        4.00267      0.0335992
             10        4.09324        4.01173      0.0314362
             11        3.98902        4.00967      0.0286461
             12        3.95962         4.0055      0.0265607
             13        3.98673        4.00405      0.0245568
             14        4.21988        4.01947       0.027215
             15         4.0404        4.02086      0.0254364
             16        4.17796        4.03068      0.0256717
             17        3.79852        4.01703      0.0275557
             18        4.01316        4.01681      0.0260256
             19        4.13095        4.02282      0.0253397
             20        3.51944        3.99765      0.0343699
