              1        0.16244        0.16244              0
              2       0.136292       0.149366     0.00924471
              3       0.150484       0.149739     0.00617065
              4        0.16962       0.154709     0.00632032
              5       0.150448       0.153857     0.00511339
              6       0.151456       0.153457     0.00427678
              7       0.165464       0.155172     0.00399502
              8       0.136528       0.152841     0.00411969
              9        0.14964       0.152486     0.00367727
             10       0.145788       0.151816     0.00336999
             11       0.127844       0.149637      0.0037018
             12       0.177676       0.151973      0.0040644
             13       0.137996       0.150898     0.00389137
             14        0.15854       0.151444     0.00365149
             15        0.13596       0.150412     0.00355097
             16       0.161828       0.151125     0.00339997
             17       0.127192       0.149717     0.00347926
             18       0.113636       0.147713     0.00382001
             19        0.12374       0.146451     0.00382165
             20         0.1685       0.147554     0.00378624
              1        0.16932        0.16932              0
              2       0.163404       0.166362     0.00209162
              3       0.141152       0.157959     0.00700155
              4        0.16972       0.160899       0.005836
              5       0.149044       0.158528     0.00512787
              6       0.152316       0.157493     0.00437649
              7       0.165756       0.158673     0.00390724
              8       0.137612        0.15604     0.00421342
              9       0.149688       0.155335     0.00380392
             10       0.146216       0.154423     0.00353113
             11        0.12782       0.152004     0.00395247
             12       0.177936       0.154165     0.00417223
             13       0.139316       0.153023      0.0040046
             14        0.15898       0.153449     0.00374109
             15       0.135992       0.152285     0.00366823
             16       0.161508       0.152861     0.00348397
             17       0.127272       0.151356      0.0035895
             18       0.113724       0.149265     0.00395231
             19       0.123588       0.147914     0.00396862
             20         0.1682       0.148928     0.00389766
