              1        0.41447        0.41447              0
              2       0.416887       0.415679    0.000854332
              3       0.421621       0.417659     0.00171474
              4       0.418681       0.417915     0.00130493
              5       0.419345       0.418201     0.00107485
              6        0.41212       0.417188     0.00128769
              7       0.417659       0.417255      0.0011055
              8       0.414768       0.416944     0.00101007
              9       0.416244       0.416866    0.000900823
             10       0.419547       0.417134    0.000849694
             11       0.418479       0.417257    0.000781192
             12       0.418004       0.417319     0.00071857
             13       0.421515       0.417642    0.000732198
             14       0.418028       0.417669    0.000680417
             15       0.414447       0.417454    0.000668116
             16         0.4176       0.417464     0.00062642
             17        0.41823       0.417509    0.000591191
             18       0.417481       0.417507    0.000558349
             19        0.41553       0.417403    0.000538567
             20       0.426112       0.417838    0.000664751
              1       0.413922       0.413922              0
              2       0.419013       0.416468     0.00179999
              3       0.419001       0.417312     0.00138402
              4        0.41893       0.417717     0.00109553
              5       0.419867       0.418147    0.000957148
              6        0.41169       0.417071     0.00126536
              7       0.417374       0.417114     0.00108533
              8       0.413898       0.416712      0.0010214
              9       0.417053        0.41675    0.000908615
             10       0.420472       0.417122    0.000890732
             11       0.418657       0.417262    0.000820612
             12       0.418051       0.417328    0.000754862
             13        0.41995       0.417529    0.000723256
             14       0.417588       0.417534    0.000671607
             15       0.413529       0.417267    0.000677831
             16       0.416708       0.417232    0.000636363
             17       0.418538       0.417309    0.000603555
             18       0.418253       0.417361    0.000572302
             19       0.416018        0.41729    0.000546526
             20       0.425876        0.41772    0.000666803
