              1        6.97305        6.97305              0
              2        7.43274         7.2029       0.162528
              3        6.31521          6.907       0.264782
              4        7.23956        6.99014       0.211236
              5        6.79434        6.95098       0.172581
              6        7.42729        7.03036       0.161043
              7        7.10837        7.04151       0.138422
              8        7.53995        7.10381       0.134412
              9        7.23372        7.11825        0.12025
             10        7.34444        7.14087       0.110332
             11        6.62082        7.09359       0.109965
             12         7.2297        7.10493       0.101385
             13         8.0404        7.17689       0.116353
             14        7.14211        7.17441       0.108069
             15        7.00519        7.16313       0.101451
             16        6.97038        7.15108       0.095823
             17        7.45118        7.16873      0.0917981
             18        7.43354        7.18344      0.0878691
             19        7.52394        7.20137      0.0850523
             20        6.84615        7.18361      0.0826333
              1        7.53523        7.53523              0
              2        6.69509        7.11516       0.297035
              3        6.68873        6.97302       0.229528
              4        7.23648        7.03888        0.18135
              5        6.79549         6.9902       0.151473
              6        7.44859         7.0666       0.144212
              7        7.09983        7.07135       0.123689
              8        7.54204        7.13018       0.121417
              9        7.22836        7.14109       0.108415
             10        7.38308        7.16529       0.100238
             11        6.61852        7.11558       0.102713
             12        7.24385        7.12627      0.0947083
             13        8.07867        7.19953       0.112237
             14        7.14422        7.19558        0.10429
             15        7.06036        7.18657      0.0977258
             16        6.98217        7.17379      0.0924491
             17        7.45088        7.19009       0.088436
             18        7.39808        7.20165      0.0842744
             19        7.53126        7.21899      0.0816049
             20        6.85242        7.20067      0.0795564
