              1      -0.759736      -0.759736              0
              2      -0.758112      -0.758924    0.000574171
              3       -0.75492      -0.757589     0.00115502
              4      -0.756904      -0.757418    0.000878883
              5      -0.756456      -0.757226     0.00072386
              6      -0.761312      -0.757907    0.000866264
              7      -0.757592      -0.757862    0.000743677
              8      -0.759536      -0.758071    0.000679528
              9      -0.758544      -0.758124    0.000606054
             10       -0.75632      -0.757943    0.000571655
             11       -0.75704      -0.757861     0.00052555
             12       -0.75736      -0.757819    0.000483411
             13      -0.754992      -0.757602    0.000492726
             14      -0.757344      -0.757583    0.000457875
             15      -0.759752      -0.757728    0.000449595
             16      -0.757632      -0.757722    0.000421536
             17      -0.757208      -0.757692    0.000397822
             18      -0.757712      -0.757693    0.000375723
             19      -0.759024      -0.757763    0.000362421
             20       -0.75188      -0.757469    0.000448039
              1      -0.760104      -0.760104              0
              2       -0.75668      -0.758392     0.00121057
              3      -0.756688      -0.757824    0.000930808
              4      -0.756736      -0.757552    0.000736777
              5      -0.756104      -0.757262    0.000643826
              6        -0.7616      -0.757985    0.000850519
              7      -0.757784      -0.757957    0.000729503
              8       -0.76012      -0.758227    0.000686612
              9         -0.758      -0.758202    0.000610785
             10      -0.755696      -0.757951    0.000598905
             11       -0.75692      -0.757857    0.000551747
             12      -0.757328      -0.757813    0.000507529
             13      -0.756048      -0.757678    0.000486316
             14       -0.75764      -0.757675    0.000451587
             15      -0.760368      -0.757854    0.000455777
             16      -0.758232      -0.757878    0.000427902
             17         -0.757      -0.757826    0.000405836
             18      -0.757192      -0.757791    0.000384816
             19      -0.758696      -0.757839    0.000367498
             20       -0.75204      -0.757549    0.000449163
