              1        54.1911        54.1911              0
              2        60.4903        57.3407        2.22711
              3         60.461        58.3808        1.71045
              4        57.6219        58.1911        1.29332
              5        63.8552        59.3239        1.44815
              6        59.5704         59.365        1.20737
              7        60.9591        59.5927        1.05615
              8        56.0943        59.1554        1.01062
              9        57.7884        59.0035        0.90967
             10        56.8493        58.7881       0.843825
             11         51.136        58.0924         1.0141
             12        61.2879        58.3587       0.963916
             13        48.9073        57.6317         1.1312
             14        51.7556         57.212        1.12558
             15        56.6084        57.1717        1.05126
             16        58.8035        57.2737       0.990488
             17        54.5591         57.114       0.945008
             18        63.2642        57.4557       0.952275
             19         55.762        57.3666       0.906318
             20        47.7024        56.8834       0.981397
              1        54.7545        54.7545              0
              2        60.5016        57.6281         2.0319
              3        60.4397        58.5653        1.55581
              4        57.5902        58.3215         1.1858
              5        63.8411        59.4254        1.36924
              6        59.5819        59.4515        1.14128
              7        60.8782        59.6553       0.996272
              8        56.1063        59.2117       0.965468
              9        57.7876        59.0535       0.871064
             10        56.8965        58.8378       0.810224
             11        51.0861        58.1331        0.99699
             12         61.294        58.3965       0.948068
             13        48.9333        57.6685        1.12027
             14         51.761        57.2466         1.1169
             15        56.5729        57.2017        1.04334
             16        58.8174        57.3026       0.983005
             17        54.5588        57.1412       0.938338
             18        63.2612        57.4812       0.945802
             19        55.7166        57.3884       0.900571
             20        47.6446        56.9012       0.978488
