              1        -0.9498        -0.9498              0
              2      -0.955912      -0.952856     0.00216092
              3      -0.956648       -0.95412     0.00177214
              4      -0.951512      -0.953468     0.00144408
              5      -0.961272      -0.955029     0.00181204
              6      -0.955016      -0.955027     0.00151004
              7      -0.956736      -0.955271     0.00131391
              8       -0.95216      -0.954882     0.00120584
              9      -0.951224      -0.954476      0.0011383
             10      -0.953552      -0.954383     0.00102821
             11      -0.948576      -0.953855     0.00106165
             12      -0.957784      -0.954183     0.00102242
             13       -0.94316      -0.953335     0.00124673
             14      -0.945552      -0.952779     0.00127561
             15      -0.951496      -0.952693     0.00119343
             16       -0.95644      -0.952928     0.00114158
             17      -0.950624      -0.952792     0.00108244
             18      -0.958688       -0.95312     0.00107072
             19      -0.951792       -0.95305     0.00101664
             20      -0.943328      -0.952564     0.00107576
              1      -0.950112      -0.950112              0
              2      -0.955968       -0.95304     0.00207041
              3      -0.956512      -0.954197     0.00167275
              4      -0.951648       -0.95356     0.00137061
              5      -0.961376      -0.955123     0.00177684
              6      -0.954952      -0.955095     0.00148093
              7      -0.956608      -0.955311     0.00128505
              8      -0.952144      -0.954915     0.00118382
              9      -0.951256      -0.954508     0.00111992
             10      -0.953832      -0.954441     0.00100997
             11       -0.94848      -0.953899     0.00105355
             12      -0.957864      -0.954229     0.00101625
             13       -0.94316      -0.953378     0.00124469
             14      -0.945696      -0.952829     0.00127098
             15      -0.951512      -0.952741     0.00118928
             16       -0.95632      -0.952965     0.00113579
             17      -0.950632      -0.952828     0.00107724
             18      -0.958752      -0.953157     0.00106648
             19      -0.951792      -0.953085     0.00101277
             20      -0.943488      -0.952605     0.00106978
