              1       0.312117       0.312117              0
              2       0.274975       0.293546      0.0131317
              3       0.270487        0.28586      0.0107717
              4       0.301738       0.289829     0.00877974
              5       0.242207       0.280305      0.0110411
              6       0.280435       0.280326     0.00920091
              7        0.26995       0.278844     0.00800502
              8       0.297804       0.281214     0.00734686
              9       0.303485       0.283689     0.00693477
             10       0.289345       0.284254     0.00626431
             11       0.319527       0.287461     0.00646363
             12       0.263552       0.285468     0.00622451
             13       0.352198       0.290601     0.00757194
             14       0.337792       0.293972     0.00774509
             15       0.301835       0.294496     0.00724646
             16       0.271756       0.293075     0.00693154
             17       0.307124       0.293901     0.00657288
             18       0.258027       0.291908     0.00650287
             19       0.300038       0.292336     0.00617467
             20       0.351187       0.295279     0.00652954
              1       0.310227       0.310227              0
              2       0.274634        0.29243      0.0125841
              3       0.271316       0.285392      0.0101688
              4       0.300912       0.289272       0.008334
              5       0.241569       0.279732      0.0108291
              6       0.280825       0.279914     0.00902579
              7       0.270731       0.278602     0.00783116
              8       0.297901       0.281014     0.00721427
              9       0.303291        0.28349     0.00682409
             10       0.287642       0.283905      0.0061543
             11       0.320107       0.287196     0.00641474
             12       0.263063       0.285185      0.0061874
             13       0.352198        0.29034     0.00755969
             14       0.336923       0.293667     0.00771732
             15       0.301738       0.294205     0.00722156
             16       0.272487       0.292848      0.0068966
             17       0.307075       0.293685      0.0065415
             18       0.257636       0.291682      0.0064774
             19       0.300038       0.292122      0.0061514
             20       0.350224       0.295027      0.0064937
