              1       0.827848       0.827848              0
              2       0.795872        0.81186      0.0113052
              3       0.674048       0.765923      0.0382574
              4       0.857888       0.788914      0.0349248
              5       0.646128       0.760357      0.0378556
              6       0.768792       0.761763      0.0315724
              7       0.877076       0.778236      0.0310638
              8       0.747744       0.774424      0.0274137
              9       0.534648       0.747783      0.0349958
             10       0.858172       0.758822      0.0331916
             11       0.837648       0.765988      0.0309381
             12        0.75894         0.7654      0.0283655
             13       0.628808       0.754893      0.0280622
             14       0.598088       0.743693      0.0282045
             15       0.721456        0.74221      0.0263631
             16       0.682228       0.738461      0.0249806
             17         0.8436       0.744646      0.0242646
             18       0.811312        0.74835      0.0231975
             19        0.76646       0.749303      0.0219962
             20       0.789104       0.751293      0.0209862
              1       0.851804       0.851804              0
              2        0.79594       0.823872      0.0197509
              3       0.673828       0.773857      0.0429071
              4       0.857568       0.794785       0.036933
              5       0.646192       0.765066      0.0397435
              6       0.769036       0.765728      0.0331251
              7       0.876968       0.781619      0.0319784
              8       0.747408       0.777343      0.0282656
              9       0.534528       0.750364       0.035753
             10         0.8579       0.761117      0.0337562
             11       0.837812       0.768089      0.0313993
             12       0.758872       0.767321      0.0287921
             13       0.628652       0.756654      0.0284848
             14       0.598424       0.745352      0.0286046
             15       0.720272        0.74368      0.0267465
             16        0.68286       0.739879      0.0253435
             17        0.84334       0.745965      0.0245726
             18       0.811464       0.749604      0.0234753
             19       0.766616       0.750499      0.0222568
             20       0.789472       0.752448      0.0212291
