              1        2.48403        2.48403              0
              2        2.52478        2.50441      0.0144079
              3        2.59023        2.53301      0.0252552
              4        2.52335         2.5306      0.0190566
              5        2.46279        2.51704       0.019482
              6        2.46843        2.50894        0.01784
              7        2.58674        2.52005      0.0184318
              8        2.51871        2.51988      0.0161286
              9        2.54361        2.52252      0.0145503
             10        2.66639        2.53691      0.0189149
             11        2.56857        2.53979       0.017413
             12        2.62188        2.54663      0.0172535
             13        2.62931        2.55299      0.0170584
             14        2.70057        2.56353      0.0188175
             15        2.60384        2.56622      0.0177539
             16        2.61556         2.5693        0.01691
             17        2.54347        2.56778      0.0159834
             18        2.62093        2.57073      0.0153658
             19        2.57144        2.57077      0.0145571
             20        2.48638        2.56655      0.0144278
              1        2.47447        2.47447              0
              2        2.53201        2.50324      0.0203438
              3        2.58582        2.53077      0.0262504
              4        2.52546        2.52944      0.0197213
              5        2.47101        2.51775      0.0189256
              6        2.46743        2.50937      0.0175319
              7        2.58884        2.52072      0.0183385
              8        2.51436        2.51992      0.0160634
              9        2.55279        2.52358      0.0146878
             10        2.67705        2.53892      0.0196653
             11        2.59939        2.54442        0.01863
             12        2.61262         2.5501      0.0179235
             13        2.62539         2.5559      0.0174554
             14        2.70697        2.56669      0.0192575
             15        2.62358        2.57048      0.0183434
             16         2.5973        2.57216      0.0172734
             17        2.55959        2.57142      0.0162731
             18        2.63249        2.57481      0.0157189
             19        2.56761        2.57443      0.0148961
             20        2.48682        2.57005      0.0147814
