              1      -0.584896      -0.584896              0
              2      -0.587856      -0.586376     0.00104652
              3      -0.584744      -0.585832    0.000827071
              4      -0.583736      -0.585308    0.000768575
              5      -0.585272      -0.585301    0.000614894
              6      -0.589544      -0.586008    0.000824222
              7      -0.587152      -0.586171    0.000722497
              8      -0.585096      -0.586037     0.00064457
              9       -0.58664      -0.586104    0.000576422
             10      -0.587528      -0.586246    0.000536081
             11      -0.584232      -0.586063    0.000517681
             12      -0.586752      -0.586121    0.000477712
             13      -0.587296      -0.586211    0.000449439
             14      -0.585648      -0.586171    0.000419132
             15      -0.585168      -0.586104    0.000396486
             16      -0.585632      -0.586075    0.000372801
             17      -0.584256      -0.585968    0.000365897
             18      -0.584952      -0.585911    0.000349892
             19      -0.585784      -0.585904    0.000331541
             20      -0.584136      -0.585816    0.000326542
              1      -0.584096      -0.584096              0
              2      -0.587592      -0.585844     0.00123602
              3      -0.585016      -0.585568    0.000854274
              4      -0.583512      -0.585054    0.000780161
              5      -0.585312      -0.585106    0.000625833
              6      -0.589424      -0.585825    0.000838851
              7      -0.586736      -0.585955    0.000729033
              8      -0.583448      -0.585642    0.000702054
              9       -0.58768      -0.585868    0.000659557
             10      -0.587352      -0.586017    0.000610058
             11       -0.58568      -0.585986    0.000555366
             12       -0.58744      -0.586107    0.000522133
             13      -0.587808      -0.586238    0.000498088
             14      -0.585824      -0.586209    0.000463388
             15      -0.585728      -0.586177    0.000433601
             16      -0.586056      -0.586169    0.000406567
             17      -0.585008      -0.586101    0.000388345
             18      -0.584544      -0.586014    0.000376277
             19      -0.586456      -0.586037     0.00035719
             20      -0.584008      -0.585936    0.000353451
