              1       0.061252       0.061252              0
              2        0.04668       0.053966     0.00515198
              3       0.045124      0.0510187     0.00419381
              4        0.07026       0.055829     0.00521994
              5       0.077472      0.0601576     0.00569456
              6       0.037636       0.056404     0.00585326
              7       0.034864      0.0533269     0.00576951
              8       0.058528       0.053977     0.00508482
              9        0.05622      0.0542262     0.00452594
             10       0.041064        0.05291     0.00426044
             11       0.041988      0.0519171     0.00398715
             12       0.050496      0.0517987     0.00365665
             13       0.050148      0.0516717     0.00337757
             14       0.045404       0.051224     0.00316585
             15       0.077092      0.0529485     0.00339213
             16        0.04758       0.052613     0.00319667
             17       0.050228      0.0524727     0.00301171
             18       0.063776      0.0531007     0.00290912
             19       0.038576      0.0523362     0.00285469
             20       0.052112       0.052325     0.00271197
              1       0.060848       0.060848              0
              2       0.047588       0.054218     0.00468812
              3       0.043992      0.0508093       0.004185
              4       0.070784       0.055803     0.00534362
              5       0.075896      0.0598216     0.00558516
              6       0.037524      0.0561053     0.00575946
              7       0.035328      0.0531371     0.00564999
              8       0.058564      0.0538155      0.0049843
              9        0.05666      0.0541316      0.0044405
             10        0.03992      0.0527104     0.00421774
             11       0.041964      0.0517335     0.00394583
             12         0.0514      0.0517057     0.00361711
             13       0.051916      0.0517218      0.0033389
             14       0.043792      0.0511554     0.00314809
             15        0.07762      0.0529197     0.00339682
             16       0.047704      0.0525937     0.00320012
             17       0.049508      0.0524122     0.00301702
             18       0.064772      0.0530989      0.0029265
             19       0.037664      0.0522865     0.00288302
             20       0.051216       0.052233     0.00273937
