              1       0.296337       0.296337              0
              2       0.294773       0.295555    0.000552816
              3       0.296417       0.295842    0.000436863
              4       0.296947       0.296118     0.00040571
              5       0.296138       0.296122    0.000324588
              6       0.293878       0.295748    0.000435648
              7       0.295146       0.295662    0.000381826
              8       0.296231       0.295733    0.000340658
              9       0.295416       0.295698    0.000304622
             10       0.294947       0.295623    0.000283277
             11       0.296686        0.29572    0.000273521
             12       0.295357       0.295689     0.00025239
             13       0.295069       0.295642    0.000237438
             14        0.29594       0.295663    0.000221433
             15       0.296193       0.295698    0.000209473
             16       0.295948       0.295714    0.000196964
             17       0.296674        0.29577    0.000193298
             18       0.296307         0.2958    0.000184844
             19       0.295868       0.295804     0.00017515
             20       0.296737        0.29585    0.000172492
              1       0.296758       0.296758              0
              2       0.294913       0.295835    0.000652328
              3       0.296273       0.295981    0.000450932
              4       0.297065       0.296252    0.000411611
              5       0.296117       0.296225    0.000330172
              6       0.293941       0.295845    0.000443207
              7       0.295365       0.295776     0.00038514
              8       0.297099       0.295941    0.000370778
              9       0.294866       0.295822    0.000348299
             10        0.29504       0.295744    0.000322133
             11       0.295923        0.29576    0.000293261
             12       0.294993       0.295696    0.000275698
             13       0.294798       0.295627    0.000262998
             14       0.295847       0.295643    0.000244682
             15       0.295898        0.29566     0.00022896
             16       0.295725       0.295664    0.000214686
             17       0.296277         0.2957    0.000205069
             18       0.296522       0.295746    0.000198696
             19       0.295513       0.295733    0.000188614
             20       0.296804       0.295787    0.000186626
