              1        3.60807        3.60807              0
              2        3.61951        3.61379     0.00404377
              3        3.85736        3.69498      0.0663441
              4        3.77349        3.71461      0.0525815
              5        3.76869        3.72542      0.0431632
              6        3.85445        3.74693      0.0409775
              7        3.73228        3.74484       0.035177
              8        3.70118        3.73938      0.0312002
              9        3.76021        3.74169      0.0278192
             10        3.76212        3.74374      0.0251122
             11        3.79017        3.74796      0.0231814
             12        3.79346        3.75175      0.0215576
             13         3.8411        3.75862      0.0209663
             14        3.96857        3.77362      0.0242459
             15        3.81954        3.77668       0.022822
             16        3.95091        3.78757      0.0238523
             17        3.56378        3.77441      0.0258276
             18        3.71031        3.77084       0.024637
             19        3.83216        3.77407      0.0235508
             20        3.32441        3.75159      0.0313173
              1        3.61158        3.61158              0
              2        3.62475        3.61816     0.00465807
              3        3.84863        3.69498      0.0628008
              4        3.78734        3.71807      0.0511696
              5        3.75716        3.72589      0.0415284
              6        3.84204        3.74525      0.0388581
              7        3.72967        3.74302      0.0333706
              8        3.69123        3.73655      0.0298208
              9        3.76636        3.73986      0.0266908
             10        3.76384        3.74226      0.0241291
             11        3.81908        3.74924       0.022924
             12        3.77704        3.75156      0.0211304
             13        3.81625        3.75654      0.0200824
             14        3.98266        3.77269      0.0242898
             15        3.83009        3.77651        0.02297
             16        3.94066        3.78677       0.023715
             17        3.59206        3.77532      0.0249329
             18         3.7205        3.77227       0.023733
             19        3.85678        3.77672      0.0228969
             20        3.31906        3.75384      0.0311546
