              1       -0.65308       -0.65308              0
              2      -0.657816      -0.655448     0.00167443
              3      -0.652128      -0.654341     0.00143616
              4       -0.65296      -0.653996     0.00111787
              5      -0.653808      -0.653958    0.000894929
              6      -0.658368      -0.654693     0.00100314
              7      -0.655896      -0.654865    0.000874422
              8       -0.65552      -0.654947    0.000768941
              9        -0.6558      -0.655042    0.000689319
             10      -0.653832      -0.654921    0.000630914
             11      -0.653232      -0.654767    0.000591943
             12      -0.651928      -0.654531    0.000588003
             13      -0.656296      -0.654666    0.000558232
             14      -0.655816      -0.654749    0.000524363
             15      -0.651272      -0.654517    0.000538195
             16      -0.655576      -0.654583    0.000508613
             17      -0.652416      -0.654456     0.00049441
             18       -0.65024      -0.654221    0.000519458
             19      -0.653624       -0.65419    0.000493069
             20          -0.65       -0.65398    0.000510986
              1      -0.652752      -0.652752              0
              2      -0.657312      -0.655032      0.0016122
              3      -0.651952      -0.654005     0.00136305
              4      -0.652928      -0.653736     0.00104856
              5      -0.653032      -0.653595    0.000848246
              6       -0.65788      -0.654309    0.000961591
              7      -0.655528      -0.654483    0.000839833
              8      -0.654824      -0.654526    0.000735932
              9      -0.656528      -0.654748    0.000686958
             10      -0.653168       -0.65459    0.000636182
             11      -0.655432      -0.654667     0.00058293
             12      -0.651832      -0.654431    0.000580252
             13      -0.656672      -0.654603    0.000560646
             14      -0.655552      -0.654671    0.000524682
             15      -0.651464      -0.654457    0.000531477
             16      -0.655472      -0.654521    0.000502031
             17      -0.652088      -0.654377    0.000492469
             18      -0.649512      -0.654107    0.000534163
             19      -0.654168       -0.65411    0.000506059
             20      -0.650528      -0.653931    0.000511473
