              1        0.09864        0.09864              0
              2       0.084336       0.091488     0.00505723
              3       0.077348      0.0867747     0.00511637
              4        0.09558       0.088976     0.00428475
              5       0.113224      0.0938256     0.00552854
              6       0.050772        0.08665     0.00800832
              7       0.051344      0.0816063       0.008302
              8       0.091936      0.0828975     0.00736398
              9       0.072644      0.0817582      0.0066333
             10       0.075116       0.081094     0.00600313
             11       0.068428      0.0799425     0.00556673
             12       0.067008      0.0788647     0.00520614
             13       0.069944      0.0781785     0.00485068
             14       0.084828      0.0786534      0.0045274
             15       0.097148      0.0798864     0.00439025
             16       0.079744      0.0798775     0.00411587
             17       0.083648      0.0800993     0.00387973
             18       0.071144      0.0796018     0.00369595
             19       0.065956      0.0788836     0.00357053
             20       0.073176      0.0785982     0.00340339
              1       0.098192       0.098192              0
              2       0.085168        0.09168     0.00460468
              3       0.076392       0.086584     0.00517073
              4       0.095316       0.088767     0.00431432
              5        0.11238      0.0934896     0.00545481
              6       0.050472        0.08632     0.00796863
              7       0.052144      0.0814377     0.00819047
              8       0.092444      0.0828135      0.0072813
              9       0.072748      0.0816951     0.00655759
             10       0.073568      0.0808824     0.00595198
             11        0.06848      0.0797549     0.00551665
             12       0.067336        0.07872     0.00515309
             13       0.071368      0.0781545     0.00478763
             14       0.083472      0.0785343      0.0044607
             15        0.09718      0.0797773     0.00433305
             16       0.080024      0.0797928     0.00406227
             17       0.083796      0.0800282     0.00383013
             18       0.072472      0.0796084     0.00364028
             19       0.065348      0.0788579     0.00352521
             20       0.072096      0.0785198     0.00336512
