              1       0.350028       0.350028              0
              2       0.346239       0.348134     0.00133972
              3       0.350787       0.349018     0.00114852
              4       0.350124       0.349295    0.000894051
              5       0.349448       0.349325    0.000715765
              6       0.345796       0.348737    0.000802591
              7       0.347779         0.3486    0.000699515
              8        0.34808       0.348535    0.000615094
              9       0.347855       0.348459    0.000551364
             10       0.349429       0.348556    0.000504672
             11       0.349907       0.348679    0.000473498
             12       0.350946       0.348868    0.000470213
             13       0.347458        0.34876    0.000446374
             14       0.347843       0.348694    0.000419268
             15       0.351468       0.348879    0.000430164
             16       0.348035       0.348826    0.000406502
             17       0.350557       0.348928     0.00039514
             18       0.352288       0.349115    0.000414931
             19       0.349595        0.34914     0.00039386
             20       0.352478       0.349307       0.000408
              1        0.35029        0.35029              0
              2       0.346644       0.348467     0.00128912
              3       0.350927       0.349287     0.00108945
              4        0.35015       0.349502     0.00083817
              5       0.350067       0.349615    0.000678089
              6       0.346188       0.349044    0.000768939
              7       0.348073       0.348905    0.000671483
              8       0.348636       0.348872     0.00058839
              9       0.347272       0.348694    0.000549194
             10       0.349958        0.34882    0.000508618
             11        0.34815       0.348759    0.000466017
             12       0.351022       0.348948    0.000463769
             13       0.347157        0.34881    0.000448094
             14       0.348054       0.348756    0.000419331
             15       0.351315       0.348927     0.00042466
             16       0.348118       0.348876    0.000401116
             17       0.350819       0.348991    0.000393458
             18       0.352865       0.349206    0.000426434
             19        0.34916       0.349203    0.000403997
             20       0.352059       0.349346    0.000408247
