              1         1.7105         1.7105              0
              2        1.71773        1.71411     0.00255665
              3        1.62345        1.68389      0.0247343
              4        1.73869        1.69759      0.0220196
              5        1.65198        1.68847      0.0194133
              6        1.63517        1.67959      0.0180965
              7        1.78926        1.69525      0.0212374
              8        1.71682        1.69795      0.0187531
              9         1.6559        1.69328      0.0172416
             10        1.67216        1.69117      0.0156462
             11        1.68015        1.69016      0.0142559
             12        1.67926        1.68926      0.0130968
             13        1.69337        1.68957      0.0120932
             14        1.69268        1.68979      0.0112314
             15        1.75394        1.69407      0.0112675
             16        1.62678        1.68987       0.011321
             17        1.70617        1.69082      0.0106956
             18        1.67143        1.68975      0.0101555
             19        1.64437        1.68736     0.00989788
             20         1.7493        1.69046     0.00987558
              1        1.72766        1.72766              0
              2        1.65527        1.69146      0.0255949
              3        1.70558        1.69617      0.0174903
              4        1.67139        1.68997      0.0141721
              5        1.69998        1.69197      0.0114781
              6        1.67354         1.6889     0.00996772
              7        1.72858        1.69457      0.0100267
              8        1.65819        1.69002     0.00975054
              9        1.73356        1.69486     0.00979388
             10        1.63745        1.68912      0.0103615
             11        1.72252        1.69216     0.00985444
             12        1.72248        1.69468     0.00935156
             13        1.65008        1.69125     0.00924011
             14        1.70923        1.69254     0.00866887
             15        1.66536        1.69072     0.00827805
             16        1.67705        1.68987     0.00780469
             17        1.77963        1.69515     0.00895523
             18        1.63796        1.69197     0.00900366
             19        1.72902        1.69392     0.00873836
             20         1.7336        1.69591     0.00852368
