              1       0.039256       0.039256              0
              2       0.027744         0.0335     0.00407011
              3       0.031764      0.0329213     0.00275423
              4       0.032028       0.032698     0.00207471
              5         0.0305      0.0322584      0.0017057
              6       0.035844       0.032856     0.00152251
              7        0.02452      0.0316651     0.00170839
              8        0.02878      0.0313045     0.00153244
              9       0.042944      0.0325978     0.00182817
             10       0.018288      0.0311668      0.0021331
             11       0.038364      0.0318211     0.00203706
             12         0.0431       0.032761     0.00207283
             13       0.032712      0.0327572     0.00191339
             14       0.039248      0.0332209     0.00183203
             15       0.034032      0.0332749     0.00171069
             16       0.020304      0.0324643     0.00178556
             17       0.037236      0.0327449     0.00170244
             18       0.031968      0.0327018     0.00160841
             19       0.035516      0.0328499     0.00153056
             20       0.031216      0.0327682     0.00145621
              1       0.033548       0.033548              0
              2        0.02318       0.028364     0.00366564
              3         0.0415      0.0327427     0.00433056
              4       0.038764       0.034248     0.00349979
              5       0.032944      0.0339872     0.00280953
              6       0.039228      0.0348607     0.00247333
              7        0.03836      0.0353606     0.00216993
              8       0.032692       0.035027     0.00192416
              9       0.038588      0.0354227     0.00175057
             10       0.033116       0.035192     0.00159064
             11       0.048108      0.0363662     0.00182876
             12       0.041476       0.036792     0.00172523
             13       0.033164      0.0365129     0.00161493
             14       0.038368      0.0366454     0.00150501
             15       0.023404      0.0357627      0.0016433
             16       0.041124      0.0360977     0.00157438
             17       0.049292      0.0368739     0.00166211
             18        0.03122      0.0365598     0.00159917
             19       0.050044      0.0372695     0.00166505
             20       0.023188      0.0365654     0.00172425
