              1       0.232312       0.232312              0
              2       0.231634       0.231973    0.000239742
              3       0.232209       0.232052      0.0001722
              4        0.23205       0.232051    0.000129151
              5       0.231943        0.23203     0.00010511
              6       0.232247       0.232066    9.36093e-05
              7       0.230997       0.231913    0.000162595
              8       0.232151       0.231943    0.000144958
              9       0.231429       0.231886    0.000139651
             10       0.231447       0.231842     0.00013241
             11       0.232262        0.23188     0.00012576
             12       0.231563       0.231854    0.000118017
             13       0.232184       0.231879    0.000111635
             14       0.231969       0.231885    0.000103845
             15       0.231614       0.231867    9.84848e-05
             16       0.232691       0.231919    0.000104917
             17       0.232022       0.231925      9.892e-05
             18       0.231705       0.231913    9.41733e-05
             19       0.231748       0.231904    8.96127e-05
             20       0.231645       0.231891    8.60664e-05
              1       0.231718       0.231718              0
              2       0.232686       0.232202    0.000342127
              3       0.231195       0.231866    0.000356509
              4       0.233108       0.232177    0.000379216
              5       0.232249       0.232191     0.00030365
              6       0.231743       0.232117    0.000262059
              7       0.232146       0.232121    0.000224655
              8       0.231487       0.232042    0.000210069
              9       0.231073       0.231934    0.000212514
             10       0.232366       0.231977    0.000195594
             11       0.231452       0.231929    0.000183552
             12       0.232103       0.231944    0.000168824
             13       0.232532       0.231989    0.000161786
             14       0.231759       0.231973    0.000151066
             15       0.232126       0.231983    0.000141338
             16        0.23255       0.232018    0.000136872
             17       0.231627       0.231995    0.000130744
             18       0.233123       0.232058    0.000137687
             19       0.231297       0.232018    0.000136142
             20       0.231832       0.232009    0.000129652
