              1      -0.505616      -0.505616              0
              2       -0.50776      -0.506688    0.000758018
              3      -0.505944       -0.50644    0.000544405
              4      -0.506448      -0.506442    0.000408307
              5      -0.506784       -0.50651    0.000332326
              6      -0.505824      -0.506396    0.000295974
              7      -0.509768      -0.506878    0.000513087
              8      -0.506128      -0.506784     0.00045743
              9      -0.508408      -0.506964     0.00044076
             10      -0.508352      -0.507103    0.000417955
             11      -0.505776      -0.506983    0.000396992
             12      -0.507984      -0.507066    0.000372578
             13      -0.506024      -0.506986    0.000352435
             14      -0.506704      -0.506966    0.000327835
             15      -0.507824      -0.507023    0.000310933
             16      -0.504416       -0.50686    0.000331451
             17      -0.506536      -0.506841    0.000312502
             18      -0.507536       -0.50688    0.000297517
             19        -0.5074      -0.506907    0.000283116
             20      -0.507728      -0.506948     0.00027192
              1      -0.507496      -0.507496              0
              2      -0.504432      -0.505964     0.00108329
              3      -0.509144      -0.507024     0.00112722
              4      -0.503088       -0.50604     0.00120038
              5      -0.505816      -0.505995    0.000961142
              6      -0.507416      -0.506232     0.00082961
              7      -0.506144      -0.506219    0.000711189
              8      -0.508224       -0.50647    0.000664969
              9      -0.509528       -0.50681     0.00067231
             10      -0.505448      -0.506674    0.000618717
             11      -0.508336      -0.506825    0.000580634
             12       -0.50628      -0.506779    0.000534019
             13       -0.50492      -0.506636    0.000511736
             14      -0.507368      -0.506689    0.000477844
             15      -0.506208      -0.506657    0.000447061
             16      -0.504864      -0.506545     0.00043293
             17      -0.507784      -0.506617    0.000413558
             18       -0.50304      -0.506419    0.000435729
             19      -0.508824      -0.506545    0.000430794
             20      -0.507136      -0.506575    0.000410266
