              1       0.400208       0.400208              0
              2       0.460588       0.430398      0.0213476
              3       0.334096       0.398297      0.0298247
              4       0.393128       0.397005      0.0223965
              5        0.55948         0.4295      0.0341433
              6       0.403632       0.425189      0.0287237
              7       0.387368       0.419786      0.0251233
              8       0.288236       0.403342      0.0268299
              9       0.384488       0.401247      0.0239304
             10       0.346912       0.395814      0.0221457
             11       0.352904       0.391913      0.0204731
             12       0.293108       0.383679      0.0203555
             13       0.348644       0.380984      0.0189672
             14       0.366768       0.379969      0.0176396
             15       0.411604       0.382078      0.0165892
             16       0.362468       0.380852      0.0155976
             17        0.41868       0.383077       0.014838
             18       0.361656       0.381887      0.0140613
             19       0.322388       0.378756      0.0136655
             20       0.411656       0.380401      0.0130808
              1       0.400644       0.400644              0
              2       0.460944       0.430794      0.0213193
              3       0.333928       0.398505      0.0299507
              4       0.392324        0.39696      0.0225028
              5       0.559644       0.429497      0.0342198
              6       0.403012       0.425083      0.0287998
              7       0.387388       0.419698       0.025184
              8       0.288376       0.403282      0.0268582
              9       0.384492       0.401195      0.0239549
             10       0.347136       0.395789       0.022161
             11       0.353496       0.391944      0.0204772
             12       0.293628       0.383751      0.0203439
             13       0.349096       0.381085      0.0189528
             14       0.366328       0.380031      0.0176283
             15       0.411504       0.382129      0.0165775
             16       0.362636       0.380911      0.0155861
             17       0.418716       0.383135      0.0148271
             18       0.362252       0.381975      0.0140487
             19       0.322376       0.378838       0.013655
             20       0.411064       0.380449      0.0130669
