              1       0.427544       0.427544              0
              2       0.435918       0.431731     0.00296083
              3       0.423654       0.429039     0.00295436
              4        0.41401       0.425282     0.00393662
              5       0.415115       0.423248     0.00363673
              6       0.422066       0.423051     0.00303594
              7        0.42895       0.423894     0.00271666
              8       0.421528       0.423598     0.00239311
              9       0.448458        0.42636     0.00336261
             10       0.422092       0.425934     0.00305332
             11       0.422092       0.425584     0.00279565
             12       0.409098       0.424211     0.00288053
             13       0.427851       0.424491     0.00267253
             14       0.438466       0.425489     0.00266156
             15          0.435       0.426123     0.00255854
             16       0.449803       0.427603     0.00279409
             17       0.434057       0.427983      0.0026554
             18       0.407064        0.42682     0.00275044
             19       0.440122        0.42752      0.0026933
             20       0.419221       0.427106     0.00259041
              1       0.426316       0.426316              0
              2       0.436275       0.431296     0.00352105
              3       0.424141       0.428911     0.00304992
              4        0.41514       0.425468     0.00375779
              5       0.414986       0.423372     0.00354305
              6        0.42263       0.423248      0.0029547
              7       0.429333       0.424117      0.0026574
              8       0.422989       0.423976     0.00232897
              9       0.449346       0.426795     0.00336882
             10       0.421451       0.426261     0.00307403
             11       0.421195         0.4258     0.00282886
             12       0.410076        0.42449     0.00288066
             13       0.426137       0.424617     0.00266185
             14       0.439256       0.425662     0.00266921
             15       0.434796       0.426271     0.00255978
             16       0.450361       0.427777     0.00280788
             17       0.433266         0.4281     0.00266121
             18        0.40727       0.426943     0.00275349
             19       0.438823       0.427568     0.00267863
             20       0.420324       0.427206     0.00256907
