              1        22.9036        22.9036              0
              2        18.9421        20.9229         1.4006
              3        20.8169        20.8875       0.934181
              4        22.2321        21.2237       0.758705
              5        23.3534        21.6496       0.716624
              6        19.6167        21.3108       0.672534
              7        18.8286        20.9562        0.66339
              8        22.3745        21.1335       0.603691
              9        18.5642         20.848       0.600329
             10        19.8598        20.7492       0.548369
             11        21.3304         20.802       0.501057
             12        21.9921        20.9012       0.469014
             13        20.0718        20.8374       0.437254
             14        18.2772        20.6545       0.442614
             15        21.0185        20.6788       0.413771
             16         17.117        20.4562       0.443772
             17        20.9834        20.4872        0.41875
             18        25.2122        20.7497       0.470626
             19        17.3079        20.5686       0.479452
             20        18.3648        20.4584        0.46797
              1        22.9833        22.9833              0
              2        18.9095        20.9464         1.4403
              3           20.8        20.8976       0.961026
              4        22.2062        21.2247        0.77445
              5        23.3262         21.645        0.72469
              6        19.6145        21.3066       0.678338
              7        18.8138        20.9505       0.668407
              8        22.3315        21.1231       0.606739
              9        18.5606        20.8384       0.602438
             10        19.8727        20.7418        0.54988
             11        21.3366        20.7959       0.502542
             12        21.9855         20.895       0.470339
             13        20.0968        20.8336       0.438149
             14        18.2603        20.6498       0.443736
             15        21.0336        20.6754       0.414891
             16        17.0954        20.4517       0.445224
             17        20.9525        20.4811       0.420008
             18        25.1764         20.742       0.470758
             19        17.3507        20.5635       0.478625
             20        18.3766        20.4541       0.467016
