              1      -0.875144      -0.875144              0
              2       -0.87252      -0.873832    0.000927724
              3       -0.87636      -0.874675    0.000925155
              4      -0.879368      -0.875848     0.00123044
              5      -0.879024      -0.876483     0.00113654
              6      -0.876856      -0.876545    0.000948817
              7      -0.874704      -0.876282    0.000848952
              8      -0.877024      -0.876375    0.000747879
              9      -0.868576      -0.875508     0.00105329
             10      -0.876848      -0.875642     0.00095644
             11      -0.876848      -0.875752    0.000875748
             12      -0.880896      -0.876181    0.000901599
             13      -0.875048      -0.876094    0.000836444
             14       -0.87172      -0.875781    0.000832995
             15      -0.872808      -0.875583    0.000800697
             16      -0.868152      -0.875119    0.000875041
             17      -0.873104         -0.875    0.000831553
             18      -0.881528      -0.875363    0.000860816
             19        -0.8712      -0.875144    0.000842929
             20      -0.877744      -0.875274    0.000810748
              1      -0.875528      -0.875528              0
              2      -0.872408      -0.873968     0.00110309
              3      -0.876208      -0.874715    0.000955235
              4      -0.879016       -0.87579     0.00117496
              5      -0.879064      -0.876445     0.00110749
              6       -0.87668      -0.876484    0.000923606
              7      -0.874584      -0.876213    0.000830589
              8      -0.876568      -0.876257    0.000727953
              9      -0.868296      -0.875372     0.00105556
             10      -0.877048       -0.87554    0.000963207
             11      -0.877128      -0.875684    0.000886396
             12      -0.880592      -0.876093    0.000901955
             13      -0.875584      -0.876054    0.000833424
             14      -0.871472      -0.875727    0.000835693
             15      -0.872872      -0.875537     0.00080136
             16      -0.867976      -0.875064    0.000879628
             17      -0.873352      -0.874963     0.00083363
             18      -0.881464      -0.875324    0.000862005
             19      -0.871608      -0.875129    0.000838535
             20        -0.8774      -0.875242    0.000804261
