              1      -0.734016      -0.734016              0
              2      -0.739944       -0.73698     0.00209586
              3      -0.735144      -0.736368     0.00148391
              4      -0.730328      -0.734858     0.00171718
              5      -0.733184      -0.734523       0.001406
              6      -0.739184        -0.7353     0.00136954
              7      -0.735272      -0.735296      0.0011739
              8      -0.735152      -0.735278      0.0010273
              9      -0.734712      -0.735215    0.000915079
             10      -0.733928      -0.735086    0.000832574
             11      -0.734408      -0.735025    0.000759166
             12      -0.729488      -0.734563    0.000824272
             13      -0.732096      -0.734374    0.000782412
             14      -0.735256      -0.734437     0.00072906
             15      -0.728376      -0.734033    0.000784464
             16      -0.732496      -0.733936     0.00074129
             17      -0.734168       -0.73395     0.00069781
             18        -0.7302      -0.733742    0.000689443
             19      -0.733248      -0.733716    0.000653646
             20      -0.731776      -0.733619    0.000628118
              1       -0.73304       -0.73304              0
              2      -0.739312      -0.736176     0.00221749
              3      -0.735344      -0.735899     0.00149557
              4        -0.7298      -0.734374     0.00173252
              5      -0.732904       -0.73408     0.00141074
              6      -0.738672      -0.734845     0.00136755
              7      -0.734632      -0.734815     0.00117252
              8       -0.73452      -0.734778     0.00102654
              9      -0.734656      -0.734764    0.000912566
             10      -0.733648      -0.734653     0.00082811
             11      -0.735816      -0.734759    0.000759549
             12        -0.7298      -0.734345    0.000800802
             13      -0.732464      -0.734201    0.000752165
             14      -0.734784      -0.734242    0.000699592
             15      -0.728792      -0.733879     0.00074133
             16       -0.73216      -0.733772    0.000702739
             17      -0.734328      -0.733804    0.000662163
             18      -0.730232      -0.733606    0.000654441
             19      -0.733488        -0.7336    0.000620026
             20      -0.732576      -0.733548    0.000591133
