              1       0.402848       0.402848              0
              2       0.395216       0.399032     0.00269824
              3         0.4014       0.399821     0.00191084
              4       0.407565       0.401757     0.00220556
              5       0.403914       0.402189     0.00180614
              6       0.396198        0.40119     0.00175958
              7       0.401236       0.401197     0.00150823
              8        0.40139       0.401221     0.00131989
              9       0.401955       0.401302     0.00117575
             10       0.402961       0.401468     0.00106981
             11       0.402345       0.401548    0.000975518
             12       0.408636       0.402139     0.00105804
             13       0.405307       0.402382     0.00100432
             14       0.401257       0.402302    0.000935796
             15       0.410052       0.402819     0.00100598
             16       0.404795       0.402942    0.000950656
             17       0.402653       0.402925    0.000894887
             18       0.407728       0.403192    0.000884059
             19       0.403832       0.403226    0.000838171
             20       0.405716        0.40335    0.000805457
              1       0.404098       0.404098              0
              2       0.396033       0.400066     0.00285171
              3       0.401144       0.400425     0.00192364
              4       0.408238       0.402378     0.00222332
              5       0.404273       0.402757     0.00181065
              6       0.396859       0.401774     0.00175557
              7       0.402058       0.401815     0.00150524
              8       0.402201       0.401863     0.00131786
              9       0.402027       0.401881     0.00117156
             10        0.40332       0.402025      0.0010632
             11       0.400537        0.40189    0.000975108
             12       0.408238       0.402419     0.00102739
             13       0.404836       0.402605    0.000965037
             14       0.401863       0.402552     0.00089756
             15       0.409522       0.403016    0.000950444
             16       0.405225       0.403154    0.000901006
             17       0.402448       0.403113    0.000848964
             18       0.407687       0.403367    0.000838976
             19       0.403525       0.403375    0.000794861
             20       0.404692       0.403441    0.000757841
