              1       0.148124       0.148124              0
              2       0.112112       0.130118      0.0127322
              3       0.113036       0.124424     0.00967794
              4       0.136488        0.12744      0.0077141
              5       0.163124       0.134577     0.00887873
              6       0.109916       0.130467      0.0082959
              7        0.08008       0.123269     0.00974545
              8       0.100392       0.120409     0.00893697
              9       0.115664       0.119882     0.00795951
             10       0.084104       0.116304     0.00792698
             11       0.126504       0.117231     0.00726038
             12       0.122056       0.117633     0.00666647
             13        0.13256       0.118782     0.00625176
             14       0.106016        0.11787     0.00587133
             15        0.18616       0.122422      0.0070267
             16       0.139832       0.123511     0.00667125
             17       0.118244       0.123201     0.00628601
             18         0.1105       0.122495     0.00597626
             19       0.124084       0.122579      0.0056623
             20       0.124616       0.122681      0.0053801
              1        0.14752        0.14752              0
              2       0.112436       0.129978      0.0124041
              3         0.1122       0.124052     0.00958093
              4       0.136392       0.127137      0.0076663
              5       0.162468       0.134203     0.00880677
              6       0.109892       0.130151     0.00821839
              7       0.080528       0.123062     0.00962798
              8       0.100664       0.120263     0.00882218
              9       0.116048       0.119794     0.00785435
             10       0.084204       0.116235     0.00783387
             11       0.126716       0.117188     0.00717941
             12       0.121776        0.11757      0.0065913
             13       0.132944       0.118753     0.00618946
             14       0.104624       0.117744     0.00582905
             15       0.186504       0.122328     0.00701504
             16       0.139868       0.123424     0.00666171
             17       0.118036       0.123107     0.00627738
             18       0.111784       0.122478     0.00596007
             19        0.12292       0.122501     0.00564643
             20       0.123864       0.122569     0.00536452
