              1        6.45987        6.45987              0
              2         5.8496        6.15473       0.215761
              3        6.25762        6.18903       0.146541
              4        6.15616        6.18081       0.110136
              5        6.49298        6.24325       0.104314
              6        7.02724        6.37391       0.147596
              7        5.94265         6.3123       0.138775
              8        5.84567        6.25398       0.133123
              9        6.00938         6.2268       0.121074
             10        5.96658        6.20078       0.111728
             11        6.23761        6.20413       0.101621
             12        6.16023        6.20047      0.0932183
             13        5.96829        6.18261      0.0877419
             14        5.79521        6.15494      0.0857269
             15        5.76365        6.12885      0.0838868
             16        6.08114        6.12587      0.0786968
             17         6.0489        6.12134      0.0741978
             18        6.19583        6.12548       0.070191
             19        5.90473        6.11386      0.0674515
             20        5.40623        6.07848      0.0727693
              1        6.46361        6.46361              0
              2        5.86535        6.16448       0.211516
              3        6.25648        6.19515       0.143216
              4         6.1723        6.18944       0.107526
              5        6.50135        6.25182       0.102532
              6        7.01088        6.37833       0.143659
              7        5.93083         6.3144       0.136622
              8        5.78593        6.24834        0.13457
              9        6.01826        6.22278       0.122022
             10        5.96255        6.19675        0.11256
             11        6.28599        6.20487       0.102619
             12        6.15858        6.20101      0.0941403
             13        5.96825         6.1831      0.0885851
             14         5.8046        6.15607      0.0862847
             15        5.78892        6.13159      0.0839323
             16        6.06253        6.12727      0.0787974
             17        6.09691        6.12549      0.0741825
             18         6.1943        6.12931      0.0701597
             19         5.9193        6.11826      0.0673321
             20        5.39603        6.08215      0.0730097
