              1        28.9533        28.9533              0
              2        31.8539        30.4036        1.02552
              3        36.0244        32.2772         1.6756
              4        32.5445         32.344        1.25803
              5        30.2338         31.922        1.07489
              6        32.9746        32.0974       0.909945
              7          32.22        32.1149       0.780121
              8        31.0481        31.9816        0.69391
              9        30.5872        31.8267       0.633869
             10        32.0991        31.8539       0.571067
             11        32.9217         31.951       0.527338
             12         34.807         32.189       0.534408
             13        27.8277        31.8535       0.589266
             14        29.3343        31.6736       0.573992
             15        31.3412        31.6514       0.536154
             16        28.8948        31.4791       0.529602
             17        34.6357        31.6648           0.53
             18        36.5569        31.9366       0.565967
             19        26.4831        31.6496       0.604595
             20        32.9716        31.7157       0.577967
              1        29.3259        29.3259              0
              2        31.8103        30.5681       0.878344
              3        36.0681        32.4014        1.60738
              4        32.5865        32.4477         1.2062
              5        30.2473        32.0076        1.04215
              6        33.0159        32.1757       0.881905
              7        32.2686         32.189       0.756018
              8        31.0479        32.0463       0.674835
              9        30.5819        31.8836       0.619159
             10        32.1164        31.9069        0.55768
             11        32.9129        31.9983       0.514427
             12        34.8069        32.2324       0.522093
             13        27.8146        31.8926       0.582117
             14        29.3822        31.7133       0.567482
             15        31.3361        31.6881       0.530207
             16        28.8563        31.5111        0.52578
             17        34.6196         31.694       0.525687
             18        36.5189         31.962       0.560672
             19        26.5074        31.6749        0.60018
             20        32.9838        31.7404       0.573727
