              1      -0.909208      -0.909208              0
              2      -0.914896      -0.912052     0.00201101
              3      -0.917496      -0.913867     0.00199819
              4      -0.912264      -0.913466     0.00153829
              5      -0.911928      -0.913158     0.00126101
              6       -0.91212      -0.912985     0.00106265
              7       -0.91376      -0.913096    0.000916587
              8      -0.909816      -0.912686    0.000888996
              9      -0.910288       -0.91242    0.000829186
             10      -0.912224        -0.9124    0.000746498
             11      -0.911192       -0.91229    0.000686665
             12      -0.916672      -0.912655    0.000720016
             13       -0.90732      -0.912245    0.000772795
             14      -0.908752      -0.911995    0.000756799
             15      -0.911488      -0.911962    0.000707102
             16      -0.909136      -0.911785    0.000684606
             17      -0.914896      -0.911968    0.000668346
             18      -0.918952      -0.912356    0.000735264
             19      -0.906904      -0.912069    0.000750473
             20      -0.912792      -0.912105    0.000713819
              1      -0.909232      -0.909232              0
              2      -0.914856      -0.912044     0.00198838
              3      -0.917736      -0.913941      0.0020389
              4      -0.912336       -0.91354     0.00156817
              5      -0.911848      -0.913202     0.00129054
              6      -0.912264      -0.913045     0.00108487
              7        -0.9136      -0.913125    0.000932774
              8       -0.90936      -0.912654     0.00092731
              9      -0.910224      -0.912384    0.000862688
             10       -0.91208      -0.912354    0.000776954
             11      -0.911264      -0.912255    0.000712608
             12      -0.916768      -0.912631    0.000745909
             13       -0.90744      -0.912231    0.000788187
             14       -0.90876      -0.911983    0.000769903
             15      -0.911568      -0.911956    0.000719074
             16        -0.9088      -0.911759    0.000700659
             17      -0.914912      -0.911944    0.000683559
             18      -0.919272      -0.912351    0.000757172
             19      -0.907024      -0.912071    0.000767477
             20        -0.9128      -0.912107    0.000729969
