              1       0.480316       0.480316              0
              2       0.588052       0.534184      0.0380904
              3       0.539684       0.536017      0.0254377
              4       0.599888       0.551985      0.0235628
              5       0.570812        0.55575      0.0191487
              6       0.582644       0.560233      0.0164735
              7        0.47648       0.548268      0.0179466
              8       0.549128       0.548376      0.0157036
              9       0.580916       0.551991       0.014369
             10       0.445032       0.541295      0.0164378
             11       0.406588       0.529049      0.0189642
             12       0.612128       0.535972      0.0186047
             13        0.57712       0.539138      0.0174407
             14       0.561028       0.540701      0.0162649
             15       0.589592       0.543961      0.0155037
             16       0.655368       0.550924      0.0160222
             17         0.5409       0.550334      0.0150906
             18       0.540876       0.549808      0.0142614
             19       0.491836       0.546757      0.0138333
             20       0.619384       0.550389      0.0136099
              1       0.481892       0.481892              0
              2        0.58754       0.534716      0.0373522
              3        0.53996       0.536464      0.0249423
              4       0.599728        0.55228      0.0231852
              5        0.57068        0.55596      0.0188379
              6       0.582416       0.560369      0.0162061
              7       0.476344       0.548366      0.0177894
              8       0.548684       0.548405      0.0155657
              9       0.581304       0.552061       0.014259
             10       0.445308       0.541386      0.0163479
             11       0.406344       0.529109      0.0189178
             12       0.611908       0.536009       0.018557
             13       0.576856       0.539151      0.0173935
             14       0.561216       0.540727      0.0162223
             15       0.590016       0.544013      0.0154701
             16       0.655564       0.550985      0.0159973
             17       0.540832       0.550388      0.0150674
             18       0.541088       0.549871      0.0142392
             19       0.492124       0.546832      0.0138103
             20         0.6194        0.55046      0.0135881
