              1       0.410274       0.410274              0
              2       0.385717       0.397995     0.00868235
              3        0.37444       0.390144     0.00863728
              4       0.397099       0.391883     0.00665069
              5        0.39855       0.393216     0.00545259
              6       0.397721       0.393967     0.00459523
              7       0.390634       0.393491     0.00396336
              8       0.407656       0.395261      0.0038432
              9       0.405623       0.396413     0.00358447
             10       0.397272       0.396499     0.00322706
             11       0.401726       0.396974     0.00296847
             12       0.378018       0.395394     0.00311317
             13       0.418392       0.397163     0.00333869
             14       0.412236        0.39824      0.0032692
             15       0.400449       0.398387     0.00305457
             16       0.410584       0.399149     0.00295725
             17       0.385717       0.398359     0.00288693
             18       0.368112       0.396679      0.0031782
             19       0.420178       0.397916     0.00324266
             20       0.394818       0.397761     0.00308422
              1       0.410171       0.410171              0
              2        0.38589        0.39803     0.00858459
              3       0.373398        0.38982     0.00881466
              4       0.396788       0.391562     0.00678098
              5       0.398895       0.393028     0.00558115
              6       0.397099       0.393707     0.00469201
              7       0.391326       0.393367     0.00403404
              8        0.40962       0.395398     0.00400887
              9       0.405899       0.396565     0.00372935
             10       0.397894       0.396698     0.00335878
             11       0.401415       0.397127      0.0030807
             12       0.377601         0.3955     0.00322518
             13       0.417876       0.397221     0.00340557
             14       0.412202       0.398291     0.00332618
             15       0.400104       0.398412     0.00310663
             16        0.41203       0.399263     0.00302681
             17       0.385647       0.398462     0.00295283
             18        0.36672       0.396699     0.00327328
             19       0.419663       0.397907     0.00331665
             20       0.394784       0.397751     0.00315449
