              1       0.045464       0.045464              0
              2       0.034204       0.039834     0.00398101
              3       0.045152      0.0416067     0.00302302
              4       0.039672       0.041123     0.00230563
              5       0.034808        0.03986     0.00216295
              6       0.024996      0.0373827     0.00289191
              7       0.037984      0.0374686     0.00248006
              8       0.036688       0.037371     0.00217197
              9        0.03654      0.0372787      0.0019326
             10       0.037256      0.0372764     0.00173934
             11       0.039984      0.0375225     0.00159854
             12       0.043332      0.0380067     0.00153689
             13       0.037788      0.0379898     0.00141876
             14       0.051016      0.0389203     0.00159357
             15       0.043024      0.0391939     0.00151064
             16       0.034664      0.0389108     0.00144251
             17        0.03562      0.0387172     0.00137058
             18       0.040368      0.0388089      0.0012975
             19       0.040588      0.0389025     0.00123259
             20       0.031148      0.0385148     0.00123043
              1        0.03038        0.03038              0
              2       0.035172       0.032776     0.00169423
              3       0.043116      0.0362227     0.00303239
              4       0.046644       0.038828     0.00320363
              5       0.030952      0.0372528     0.00292463
              6        0.04058      0.0378073     0.00248921
              7       0.035064      0.0374154     0.00216424
              8       0.039776      0.0377105     0.00191372
              9       0.030364      0.0368942     0.00186707
             10       0.039916      0.0371964     0.00170464
             11       0.025836      0.0361636     0.00183606
             12       0.039464      0.0364387     0.00170353
             13       0.027904      0.0357822     0.00169428
             14       0.040312      0.0361057     0.00160386
             15         0.0216      0.0351387     0.00176455
             16       0.045176       0.035766     0.00176226
             17       0.028868      0.0353602     0.00170467
             18       0.036236      0.0354089     0.00161066
             19       0.046648      0.0360004      0.0016309
             20        0.04702      0.0365514     0.00163979
