              1       0.250454       0.250454              0
              2       0.250687        0.25057    8.22442e-05
              3       0.249503       0.250215    0.000295578
              4       0.250247       0.250223    0.000221797
              5       0.249433       0.250065    0.000226817
              6       0.248953       0.249879    0.000253689
              7       0.249681       0.249851     0.00021902
              8       0.249491       0.249806    0.000196204
              9       0.249313       0.249751    0.000181895
             10       0.248206       0.249597    0.000219732
             11       0.249564       0.249594    0.000199776
             12       0.249137       0.249556    0.000186717
             13       0.247519       0.249399    0.000228822
             14       0.250442       0.249474    0.000224281
             15       0.248606       0.249416    0.000216656
             16       0.249008        0.24939    0.000204607
             17       0.248914       0.249362    0.000194477
             18       0.249807       0.249387    0.000185234
             19        0.24962       0.249399     0.00017589
             20       0.249351       0.249397    0.000167112
              1       0.250035       0.250035              0
              2       0.250128       0.250081    3.29818e-05
              3       0.249099       0.249754    0.000268171
              4       0.250538        0.24995    0.000263249
              5       0.249673       0.249894    0.000216364
              6       0.249909       0.249897    0.000180317
              7       0.247924       0.249615    0.000303325
              8       0.249172        0.24956    0.000270408
              9       0.249819       0.249588    0.000241888
             10       0.250204        0.24965    0.000225385
             11       0.248885        0.24958    0.000215353
             12       0.250326       0.249643    0.000206172
             13       0.248903       0.249586    0.000198011
             14       0.250227       0.249631    0.000189091
             15       0.248283       0.249542      0.0001967
             16           0.25        0.24957    0.000186477
             17       0.248897       0.249531    0.000179664
             18       0.249629       0.249536    0.000169766
             19       0.248115       0.249461    0.000176536
             20       0.249997       0.249488    0.000169727
