              1        1.89078        1.89078              0
              2        1.90626        1.89852     0.00547384
              3        1.94568        1.91424      0.0133459
              4        1.94724        1.92249       0.012298
              5        1.84504          1.907      0.0169926
              6        1.91591        1.90848      0.0142252
              7        1.87611        1.90386      0.0129231
              8        1.88059        1.90095      0.0116305
              9         1.9147        1.90248      0.0104381
             10        1.90264        1.90249     0.00939429
             11        1.95627        1.90738     0.00972961
             12        1.94978        1.91092     0.00953871
             13        1.87318        1.90801     0.00923606
             14        1.86914        1.90524     0.00898396
             15         1.9009        1.90495     0.00838967
             16        1.92269        1.90606     0.00793828
             17        1.93671        1.90786     0.00767331
             18        1.91159        1.90807     0.00724982
             19          2.018        1.91385     0.00888204
             20        1.90691        1.91351     0.00844472
              1        1.91684        1.91684              0
              2        1.98724        1.95204      0.0248902
              3        1.89088        1.93166      0.0235032
              4        1.90462         1.9249      0.0185738
              5        1.91079        1.92208      0.0150719
              6        1.96496        1.92922      0.0141539
              7        1.91442        1.92711      0.0122888
              8        1.89276        1.92282      0.0114782
              9        1.92424        1.92297       0.010204
             10        1.86132        1.91681      0.0108881
             11        1.86361        1.91197      0.0109195
             12        1.86472        1.90803       0.010696
             13        1.89472        1.90701     0.00992209
             14        1.80608         1.8998      0.0115388
             15        1.93884         1.9024      0.0110591
             16        1.87681         1.9008      0.0104829
             17        1.91191        1.90146     0.00988662
             18        1.95203        1.90427     0.00972836
             19        1.94735        1.90653     0.00947692
             20        1.90085        1.90625     0.00900734
