              1      -0.525536      -0.525536              0
              2      -0.524896      -0.525216    0.000226274
              3      -0.528144      -0.526192    0.000811053
              4      -0.526104       -0.52617    0.000608588
              5      -0.528336      -0.526603    0.000622232
              6      -0.529648      -0.527111    0.000695321
              7      -0.527656      -0.527189    0.000600338
              8      -0.528176      -0.527312    0.000537835
              9      -0.528664      -0.527462    0.000498613
             10       -0.53168      -0.527884    0.000601236
             11      -0.527976      -0.527892    0.000546637
             12      -0.529144      -0.527997    0.000510938
             13      -0.533544      -0.528423    0.000624917
             14      -0.525568      -0.528219    0.000612659
             15      -0.530592      -0.528378    0.000591881
             16      -0.529496      -0.528447    0.000559001
             17      -0.529752      -0.528524    0.000531359
             18      -0.527312      -0.528457    0.000506089
             19      -0.527824      -0.528424    0.000480548
             20       -0.52856       -0.52843    0.000456569
              1      -0.526688      -0.526688              0
              2      -0.526432       -0.52656    9.05097e-05
              3      -0.529248      -0.527456    0.000734065
              4      -0.525304      -0.526918     0.00072124
              5       -0.52768       -0.52707    0.000592875
              6      -0.527032      -0.527064    0.000494097
              7      -0.532448      -0.527833    0.000828511
              8      -0.529048      -0.527985    0.000738733
              9       -0.52728      -0.527907    0.000660792
             10      -0.526224      -0.527738    0.000615764
             11      -0.529832      -0.527929    0.000588465
             12      -0.525888      -0.527759    0.000563464
             13      -0.529784      -0.527914     0.00054123
             14       -0.52616      -0.527789    0.000516876
             15      -0.531472      -0.528035    0.000537578
             16      -0.526784      -0.527957     0.00050963
             17        -0.5298      -0.528065    0.000491054
             18        -0.5278       -0.52805    0.000463994
             19      -0.531928      -0.528254    0.000482375
             20      -0.526792      -0.528181    0.000463765
