              1       0.053232       0.053232              0
              2       0.037124       0.045178     0.00569504
              3         0.0308      0.0403853     0.00545234
              4        0.05212       0.043319     0.00481423
              5         0.0562      0.0458952     0.00448805
              6        0.03224      0.0436193     0.00427834
              7          0.024      0.0408166     0.00449236
              8        0.05126       0.042122     0.00411611
              9       0.035868      0.0414271     0.00371696
             10       0.042236       0.041508     0.00334615
             11       0.028828      0.0403553     0.00323442
             12        0.03072      0.0395523     0.00306292
             13        0.03656      0.0393222     0.00283595
             14        0.02924       0.038602     0.00272329
             15       0.056128      0.0397704     0.00278111
             16       0.029904      0.0391538     0.00267478
             17       0.044492      0.0394678      0.0025358
             18       0.046632      0.0398658     0.00242596
             19       0.039104      0.0398257     0.00229861
             20       0.042256      0.0399472     0.00218689
              1       0.052896       0.052896              0
              2       0.037588       0.045242      0.0054122
              3       0.029812      0.0400987     0.00553665
              4        0.05202       0.043079     0.00488927
              5         0.0548      0.0454232     0.00443795
              6       0.032108       0.043204      0.0042168
              7       0.024768      0.0405703     0.00435998
              8        0.05162      0.0419515     0.00402782
              9       0.036148      0.0413067     0.00363154
             10       0.041596      0.0413356      0.0032685
             11        0.02872      0.0401887     0.00316619
             12       0.032564      0.0395533     0.00296541
             13       0.037408      0.0393883     0.00274189
             14       0.028256      0.0385931     0.00265884
             15        0.05584      0.0397429     0.00271885
             16       0.029124      0.0390793     0.00262868
             17       0.044332      0.0393882     0.00249214
             18       0.047804      0.0398558     0.00239715
             19       0.038372      0.0397777     0.00227225
             20       0.041176      0.0398476     0.00215972
