              1       0.249553       0.249553              0
              2       0.248797       0.249175    0.000267169
              3       0.249342       0.249231    0.000183837
              4       0.250402       0.249523     0.00028857
              5       0.249772       0.249573    0.000235097
              6       0.248914       0.249463    0.000220055
              7       0.248424       0.249315     0.00023339
              8       0.249801       0.249376    0.000211982
              9       0.249225       0.249359    0.000189088
             10       0.248406       0.249264    0.000192682
             11       0.249725       0.249306    0.000179675
             12        0.24993       0.249358     0.00017206
             13       0.248735        0.24931    0.000165346
             14       0.249064       0.249292    0.000154464
             15       0.249614       0.249314     0.00014565
             16       0.249529       0.249327     0.00013717
             17       0.249886        0.24936    0.000132978
             18       0.249547        0.24937    0.000125996
             19       0.249222       0.249363    0.000119606
             20       0.250663       0.249428    0.000130111
              1         0.2499         0.2499              0
              2       0.249278       0.249589    0.000220097
              3       0.249699       0.249626    0.000149745
              4       0.250061       0.249734    0.000146582
              5       0.249892       0.249766    0.000120588
              6       0.248856       0.249614    0.000171085
              7       0.248844       0.249504    0.000178548
              8       0.249947        0.24956    0.000164587
              9       0.248785       0.249474    0.000167273
             10       0.248442        0.24937    0.000179571
             11       0.249143        0.24935    0.000164431
             12       0.249842       0.249391    0.000155762
             13       0.248615       0.249331    0.000154785
             14       0.249038        0.24931    0.000145141
             15       0.249687       0.249335    0.000137626
             16       0.249301       0.249333     0.00012904
             17        0.24974       0.249357    0.000123647
             18       0.249789       0.249381    0.000119089
             19       0.249328       0.249378    0.000112854
             20       0.250806        0.24945    0.000127803
