              1      -0.528008      -0.528008              0
              2      -0.530072       -0.52904    0.000729734
              3      -0.528584      -0.528888     0.00050207
              4       -0.52568      -0.528086     0.00079006
              5      -0.527408       -0.52795     0.00064358
              6      -0.529752      -0.528251    0.000602303
              7      -0.531088      -0.528656    0.000638238
              8      -0.527328       -0.52849    0.000579644
              9      -0.528904      -0.528536    0.000517061
             10      -0.531136      -0.528796    0.000526684
             11      -0.527536      -0.528681    0.000491101
             12      -0.526976      -0.528539    0.000470291
             13       -0.53024       -0.52867    0.000451944
             14      -0.529344      -0.528718    0.000422217
             15       -0.52784       -0.52866    0.000398109
             16      -0.528072      -0.528623    0.000374918
             17      -0.527096      -0.528533    0.000363465
             18      -0.528024      -0.528505    0.000344371
             19      -0.528912      -0.528526    0.000326912
             20       -0.52496      -0.528348    0.000355891
              1      -0.527056      -0.527056              0
              2       -0.52876      -0.527908    0.000602455
              3      -0.527608      -0.527808    0.000409852
              4      -0.526616       -0.52751    0.000401361
              5       -0.52708      -0.527424    0.000330174
              6      -0.529912      -0.527839    0.000467969
              7      -0.529944      -0.528139    0.000488293
              8      -0.526928      -0.527988    0.000450124
              9      -0.530104      -0.528223     0.00045741
             10       -0.53104      -0.528505      0.0004908
             11      -0.529128      -0.528561     0.00044944
             12      -0.527216      -0.528449    0.000425743
             13      -0.530568      -0.528612    0.000423038
             14      -0.529416       -0.52867    0.000396697
             15       -0.52764      -0.528601    0.000376143
             16      -0.528696      -0.528607    0.000352681
             17      -0.527496      -0.528542    0.000337936
             18       -0.52736      -0.528476    0.000325476
             19      -0.528624      -0.528484    0.000308438
             20      -0.524568      -0.528288    0.000349679
