              1        1.82878        1.82878              0
              2        1.92694        1.87786      0.0347031
              3        1.89993        1.88522      0.0239028
              4         1.9255        1.89529      0.0199362
              5        1.93124        1.90248      0.0171969
              6         1.8237        1.88935      0.0186825
              7         1.9573        1.89906      0.0183634
              8        1.84616        1.89244      0.0172174
              9        1.82258        1.88468      0.0169644
             10         1.9727        1.89348      0.0174022
             11        1.85367        1.88986      0.0161923
             12        1.87763        1.88884       0.014875
             13        1.96449        1.89466      0.0148253
             14        1.92726        1.89699      0.0139479
             15        1.90477        1.89751      0.0130277
             16        1.83495         1.8936      0.0127867
             17         1.9105        1.89459      0.0120732
             18        1.96178        1.89833      0.0119656
             19        1.93826        1.90043      0.0115189
             20        1.85587         1.8982      0.0111563
              1        1.80991        1.80991              0
              2        1.93833        1.87412      0.0454046
              3        1.89149        1.87991      0.0306368
              4        1.92953        1.89231      0.0253651
              5        1.94873         1.9036       0.022663
              6        1.82655        1.89076      0.0222285
              7        1.95238        1.89956      0.0207229
              8        1.84944        1.89329      0.0190561
              9        1.83035         1.8863       0.018177
             10        1.97957        1.89563       0.018599
             11          1.872        1.89348      0.0170318
             12        1.86123        1.89079       0.015823
             13        1.96014        1.89613       0.015479
             14        1.93258        1.89873      0.0145908
             15         1.9166        1.89992      0.0136666
             16        1.83382        1.89579      0.0134224
             17        1.91921        1.89717      0.0127033
             18        1.95947        1.90063      0.0124602
             19        1.93143        1.90225      0.0119093
             20        1.83979        1.89913      0.0117162
