2.95692
2.95756
2.95519
2.95419
2.95491
2.95728
2.95793
2.95934
2.95657
2.95566
2.95626
2.95758
2.95705
2.95732
2.95185
2.94947
2.95198
2.95289
2.94895
2.94615
2.94692
2.94666
2.9467
2.94089
2.93887
2.93916
2.94125
2.93825
2.93799
2.93131
2.93073
2.93032
2.93146
2.92832
2.92794
2.92385
2.92634
2.92624
2.92732
2.92403
2.92259
2.92377
2.92316
2.92544
2.92311
2.92145
2.91718
2.91655
2.91369
2.91164
2.91253
2.91665
2.91912
2.91969
2.92356
2.92365
2.9234
2.92238
2.92389
2.92183
2.9214
2.92156
2.92232
2.92167
2.92306
2.92535
2.92591
2.92563
2.92645
2.92923
2.92637
2.92349
2.9253
2.92486
2.92499
2.92898
2.92676
2.92724
2.9268
2.92641
2.92979
2.92911
2.93379
2.9305
2.93261
2.9282
2.92695
2.92838
2.92666
2.92416
2.93135
2.92787
2.92601
2.92637
2.92626
2.92703
2.93169
2.9299
2.92912
2.93305
2.93178
2.93346
2.92909
2.93202
2.9318
2.93678
2.93804
2.93718
2.93368
2.93318
2.9388
2.93906
2.93982
2.94124
2.94136
2.93845
2.94249
2.9452
2.94356
2.94495
2.94103
2.94049
2.94013
2.93792
2.9369
2.94031
2.93813
2.93364
2.93183
2.93006
2.92918
2.93525
2.93599
2.93666
2.92944
2.92684
2.92675
2.92543
2.92865
2.92487
2.92157
2.91929
2.91691
2.91641
2.92011
2.91795
2.91366
2.90771
2.90995
2.90781
2.90784
2.90839
2.8999
2.89927
2.90172
2.89974
2.9017
2.9018
2.89604
2.88972
2.88796
2.88961
2.89096
2.89252
2.88834
2.88853
2.88483
2.87972
2.87694
2.87848
2.88043
2.87687
2.87666
2.87529
2.8788
2.8814
2.88079
2.88255
2.88304
2.87822
2.8784
2.88167
2.88149
2.87869
2.88015
2.88186
2.8856
2.89044
2.88484
2.88239
2.88525
2.88864
2.88624
2.88636
2.88686
2.88766
2.88742
2.88993
2.88551
2.88309
2.88489
2.88617
2.87825
2.87529
2.88234
2.8825
2.87983
2.87743
2.8748
2.87657
2.87742
2.87438
2.87555
2.87374
2.87189
2.87187
2.8677
2.86668
2.86963
2.86518
2.86163
2.86443
2.86109
2.86122
2.86101
2.86091
2.85916
2.85674
2.85791
2.86217
2.85965
2.86129
2.85736
2.85938
2.8528
2.85754
2.85688
2.85152
2.85247
2.85238
2.8488
2.84426
2.84761
2.84616
2.84745
2.85325
2.84973
2.84822
2.84621
2.84691
2.84796
2.83964
2.84322
2.84597
2.84504
2.84489
2.84543
2.84552
2.84342
2.83927
2.83944
2.84341
2.83998
2.84056
2.83946
2.83798
2.84371
2.84153
2.84552
2.84111
2.84441
2.84786
2.8465
2.84794
2.85285
2.85322
2.86143
2.86455
2.86077
2.86232
2.86172
2.86707
2.86701
2.86651
2.86521
2.86514
2.86926
2.8707
2.87304
2.87459
2.87371
2.87857
2.88209
2.88715
2.88638
2.8864
2.88542
2.88357
2.8842
2.8793
2.88053
2.88281
2.88728
2.89101
2.89104
2.89053
2.88869
2.88977
2.88946
2.8954
2.89325
2.89058
2.89338
2.89352
2.89422
2.89779
2.90117
2.90148
2.90271
2.90285
2.90206
2.90212
2.90087
2.90616
2.90638
2.90396
2.90854
2.90972
2.91127
2.91884
2.92047
2.92124
2.92377
2.92364
2.9225
2.93061
2.9314
2.93262
2.93614
2.93724
2.93686
2.9372
2.93794
2.93525
2.93558
2.93286
2.93465
2.93948
2.93307
2.93608
2.93474
2.9337
2.93085
2.93236
2.93406
2.93241
2.9316
2.92744
2.9228
2.92889
2.93002
2.92864
2.92802
2.92681
2.92784
2.92753
2.92922
2.92382
2.92347
2.92135
2.92567
2.91956
2.9198
2.92143
2.92706
2.92065
2.92694
2.9277
2.92814
2.927
2.926
2.92867
2.92862
2.92742
2.9328
2.93494
2.93171
2.93175
2.93503
2.93667
2.93804
2.93573
2.93386
2.93539
2.93561
2.93632
2.93864
2.94041
2.94028
2.93853
2.9382
2.93379
2.93454
2.93416
2.93734
2.93705
2.94057
2.93826
2.93911
2.93964
2.93794
2.93557
2.93549
2.9359
2.93521
2.93725
2.93481
2.93415
2.93427
2.93354
2.93543
2.93571
2.93491
2.93145
2.93348
2.93078
2.92895
2.92891
2.92929
2.92714
2.92446
2.9234
2.92509
2.92175
2.91942
2.9192
2.91509
2.91482
2.91313
2.91226
2.90757
2.90564
2.90577
2.90374
2.90505
2.90637
2.90675
2.90418
2.90268
2.90195
2.90085
2.90104
2.90043
2.90106
2.89932
2.89733
2.90148
2.90023
2.89613
2.89526
2.8914
2.89602
2.89803
2.90194
2.89862
2.90429
2.9064
2.90744
2.90601
2.90524
2.90747
2.90346
2.91182
2.9129
2.91585
2.9208
2.92289
2.92819
2.92986
2.92455
2.92249
2.92941
2.92844
2.93045
2.93041
2.92812
2.93051
2.93065
2.93141
2.93039
2.93149
2.93212
2.93283
2.93118
2.93404
2.93302
2.93198
2.93606
2.93723
2.93618
2.9338
2.93682
2.93637
2.93602
2.93794
2.9404
2.94141
2.94019
2.93711
2.93739
2.93527
2.93626
2.93941
2.93787
2.93536
2.93559
2.93744
2.93614
2.93347
2.9369
2.93546
2.92972
2.9284
2.93149
2.93289
2.93254
2.93507
2.93771
2.93738
2.93228
2.93265
2.93333
2.93538
2.93419
2.93468
2.93269
2.93199
2.93229
2.93087
2.93452
2.93787
2.93877
2.93887
2.93623
2.94048
2.9383
2.93274
2.92872
2.92704
2.93084
2.93211
2.93355
2.93114
2.92836
2.92686
2.93112
2.9274
2.92425
2.92456
2.92567
2.92101
2.92369
2.92286
2.92317
2.9217
2.92048
2.91724
2.91391
2.91429
2.91382
2.91546
2.91076
2.90911
2.90961
2.90767
2.90692
2.90946
2.9103
2.91183
2.91225
2.90575
2.90753
2.91313
2.91307
2.91002
2.90718
2.90787
2.90773
2.90611
2.90555
2.90607
2.90568
2.90611
2.90181
2.90103
2.90417
2.89959
2.903
2.90601
2.90643
2.90487
2.90074
2.90077
2.9023
2.90426
2.9065
2.90546
2.90496
2.90324
2.90377
2.90389
2.90385
2.90496
2.89877
2.89828
2.89877
2.90077
2.90066
2.90608
2.90318
2.90418
2.90478
2.9079
2.90909
2.90981
2.90989
2.90777
2.91226
2.91413
2.91457
2.91835
2.92098
2.92594
2.92704
2.92853
2.93124
2.93528
2.94271
2.9437
2.94785
2.94401
2.94614
2.95093
2.95045
2.94976
2.95183
2.95317
2.95688
2.96001
2.9582
2.95074
2.95417
2.95866
2.96028
2.96239
2.9596
2.96007
2.95884
2.96053
2.95901
2.9589
2.96564
2.96486
2.96157
2.96676
2.96699
2.96683
2.96757
2.96333
2.96824
2.96963
2.97511
2.96939
2.96762
2.96878
2.96674
2.96511
2.96662
2.96811
2.96833
2.96207
2.95828
2.95981
2.96067
2.96123
2.95768
2.95624
2.956
2.95971
2.95838
2.95903
2.96018
2.96102
2.95532
2.95009
2.95411
2.95027
2.94872
2.95157
2.95424
2.95706
2.95947
2.95633
2.94971
2.94772
2.94871
2.95667
2.9582
2.95918
2.95623
2.96072
2.95796
2.95915
2.96074
2.96075
2.96539
2.96396
2.96198
2.95831
2.95711
2.96027
2.95753
2.9554
2.95338
2.95238
2.95464
2.95714
2.95191
2.95521
2.95178
2.94841
2.95056
2.94799
2.94644
2.94319
2.94514
2.94292
2.93945
2.93967
2.93841
2.93554
2.93305
2.9285
2.92749
2.9232
2.91934
2.91853
2.91459
2.91215
2.91089
2.90707
2.90883
2.90847
2.90628
2.90811
2.90908
2.91059
2.90742
2.9024
2.90395
2.90539
2.89939
2.89685
2.89664
2.89901
2.89644
2.8939
2.89529
2.89975
2.89866
2.90301
2.90387
2.901
2.9076
2.90336
2.90456
2.90631
2.90946
2.90786
2.90635
2.90678
2.90643
2.90826
2.90938
2.91333
2.91221
2.91369
2.90621
2.91143
2.91426
2.9153
2.91808
2.918
2.91889
2.9201
2.92608
2.9253
2.92318
2.92489
2.92771
2.93286
2.93141
2.93419
2.92573
2.9314
2.93097
2.9263
2.92452
2.92462
2.91799
2.92255
2.92158
2.92277
2.92085
2.92026
2.91463
2.91816
2.91381
2.91195
2.90745
2.90564
2.90645
2.90509
2.90339
2.90405
2.90258
2.90057
2.89341
2.89394
2.89065
2.88967
2.89128
2.88866
2.88891
2.88629
2.88553
2.8822
2.88027
2.87688
2.87991
2.87691
2.87565
2.87262
2.86977
2.86829
2.86592
2.86189
2.86154
2.85772
2.85436
2.8499
2.85343
2.85034
2.84217
2.84017
2.84029
2.83728
2.83214
2.83149
2.83125
2.83154
2.82573
2.82543
2.81875
2.8195
2.82189
2.82148
2.82006
2.8141
2.81414
2.8174
2.81522
2.81578
2.81824
2.81555
2.81598
2.81421
2.81517
2.81311
2.81793
2.81739
2.81474
2.81651
2.81448
2.80988
2.8097
2.8055
2.80394
2.80669
2.80316
2.80344
2.79889
2.79692
2.7924
2.79419
2.78943
2.78778
2.78376
2.78188
2.7765
2.77259
2.77007
2.7708
2.77695
2.77566
2.7759
2.77332
2.77513
2.77326
2.77014
2.77147
2.77127
2.77193
2.76641
2.76295
2.76427
2.76384
2.7649
2.76934
2.76855
2.76736
2.7669
2.76829
2.76972
2.77005
2.76963
2.77427
2.77445
2.77192
2.76903
2.76681
2.7678
2.76954
2.76784
2.76438
2.76322
2.75777
2.75681
2.76053
2.75997
2.76158
2.75798
2.75735
2.75317
2.75401
2.75489
2.75212
2.75445
2.75224
2.75531
2.75756
2.75811
2.75703
2.75796
2.75764
2.75597
2.75737
2.75578
2.75849
2.7553
2.75991
2.75723
2.7562
2.75527
2.7569
2.75763
2.7579
2.75366
2.75437
2.7539
2.75236
2.75441
2.75155
2.75066
2.74777
2.74601
2.74237
2.74578
2.7431
2.74034
2.73799
2.73942
2.73893
2.73915
2.73718
2.73736
2.73897
2.73837
2.7333
2.7363
2.7363
2.73968
2.74128
2.74025
2.73972
2.74323
2.7444
2.74135
2.74355
2.74505
