0.0739553
0.0736216
0.0732347
0.0727847
0.072271
0.0717097
0.0711539
0.0706952
0.0704519
0.0705188
0.0709049
0.0715115
0.0721756
0.0727356
0.0730815
0.0731723
0.0730265
0.0727106
0.0723231
0.0719809
0.0717953
0.0718568
0.0722072
0.0728339
0.0736715
0.0746232
0.0755858
0.0764728
0.0772237
0.0778043
0.0782056
0.0784336
0.0785071
0.0784534
0.0783081
0.0781134
0.0779164
0.0777673
0.0777096
0.0777755
0.0779789
0.0783126
0.0787512
0.0792564
0.079786
0.0802999
0.0807644
0.0811526
0.0814458
0.0816312
0.081701
0.0816514
0.081484
0.081208
0.0808423
0.0804197
0.0799884
0.0796083
0.0793392
0.0792244
0.0792739
0.0794578
0.079716
0.0799754
0.0801645
0.0802238
0.0801058
0.0797755
0.0792064
0.0783841
0.0773163
0.0760472
0.0746746
0.0733594
0.0723001
0.0716748
0.071568
0.0719396
0.0726541
0.0735466
0.0744752
0.0753482
0.076121
0.0767828
0.0773434
0.0778206
0.0782334
0.0785946
0.0789137
0.0791939
0.079435
0.0796324
0.0797802
0.0798722
0.0799031
0.0798708
0.0797763
0.0796254
0.0794268
0.0791892
0.07892
0.0786222
0.0782926
0.0779251
0.0775109
0.0770429
0.0765146
0.0759208
0.0752557
0.0745128
0.0736905
0.0728006
0.071877
0.0709839
0.0702093
0.0696487
0.0693805
0.0694419
0.0698183
0.0704503
0.0712477
0.0721147
0.0729638
0.073726
0.0743548
0.0748263
0.0751349
0.0752926
0.0753255
0.075271
0.0751732
0.0750743
0.0750074
0.0749858
0.075004
0.0750377
0.0750558
0.075028
0.0749331
0.0747653
0.0745341
0.0742659
0.074001
0.0737895
0.0736812
0.0737162
0.0739128
0.0742631
0.0747359
0.0752831
0.0758539
0.0764009
0.0768855
0.0772786
0.0775611
0.0777222
0.0777627
0.0776948
0.0775454
0.0773562
0.0771809
0.0770777
0.0770951
0.0772571
0.0775574
0.0779609
0.0784165
0.078873
0.0792884
0.0796355
0.0799007
0.08008
0.0801767
0.0801964
0.0801462
0.0800309
0.079855
0.0796198
0.0793232
0.0789615
0.0785259
0.0780032
0.077375
0.0766126
0.0756807
0.0745356
0.0731333
0.071447
0.0694934
0.0673675
0.0652738
0.0635142
0.062429
0.0622865
0.0631622
0.0648847
0.0670916
0.0693797
0.0714431
0.0731232
0.0743793
0.0752452
0.0757857
0.0760735
0.0761796
0.0761666
0.0760874
0.0759846
0.0758919
0.0758339
0.0758253
0.0758742
0.0759791
0.0761311
0.0763156
0.0765101
0.0766876
0.07682
0.0768777
0.0768327
0.0766621
0.076353
0.0759097
0.0753625
0.0747664
0.0741931
0.0737067
0.0733405
0.0730874
0.0729229
0.0728371
0.0728551
0.0730247
0.0733796
0.0739092
0.0745607
0.0752665
0.0759712
0.0766423
0.0772629
0.0778164
0.0782777
0.0786163
0.0788001
0.0788045
0.0786185
0.0782483
0.0777199
0.0770811
0.0764019
0.075777
0.0753178
0.0751348
0.0753036
0.0758284
0.0766328
0.0775824
0.0785342
0.0793737
0.0800284
0.0804646
0.0806758
0.0806736
0.080481
0.0801325
0.0796737
0.0791638
0.0786698
0.0782592
0.0779832
0.0778633
0.0778883
0.0780196
0.0782063
0.0783996
0.0785604
0.0786622
0.0786893
0.0786336
0.078491
0.0782604
0.0779417
0.0775393
0.0770591
0.0765132
0.0759208
0.0753073
0.0747072
0.0741557
0.0736867
0.0733248
0.0730828
0.0729586
0.0729405
0.0730106
0.0731546
0.0733617
0.0736282
0.0739542
0.0743393
0.0747787
0.0752612
0.0757678
0.0762772
0.0767685
0.0772218
0.0776212
0.0779548
0.0782148
0.0783979
0.078506
0.0785463
0.0785349
0.0784955
0.0784579
0.0784535
0.0785076
0.0786297
0.0788081
0.07901
0.0791866
0.0792824
0.0792435
0.0790264
0.0786012
0.0779594
0.077121
0.0761371
0.0750865
0.0740568
0.0731186
0.0723064
0.0716209
0.0710527
0.0706092
0.0703175
0.0702054
0.070277
0.0705007
0.0708173
0.0711647
0.0714991
0.0717973
0.0720594
0.0722973
0.0725292
0.07277
0.0730295
0.0733084
0.0736023
0.0738986
0.0741772
0.0744114
0.0745682
0.0746108
0.0744997
0.0741988
0.0736834
0.0729546
0.0720579
0.0711012
0.0702656
0.0697776
0.06983
0.0704875
0.0716382
0.0730553
0.0745044
0.0758212
0.0769282
0.0778148
0.0785043
0.0790296
0.0794167
0.0796787
0.0798145
0.079813
0.079657
0.0793281
0.0788126
0.0781086
0.077236
0.0762466
0.0752273
0.074289
0.0735361
0.0730281
0.0727594
0.0726788
0.0727275
0.072872
0.073114
0.0734706
0.0739449
0.0745078
0.0751
0.0756486
0.0760889
0.0763778
0.0764971
0.0764547
0.0762788
0.0760144
0.0757145
0.0754319
0.075208
0.0750629
0.0749911
0.0749663
0.0749484
0.074893
0.0747564
0.0744935
0.0740579
0.0733948
0.072441
0.0711312
0.0694184
0.067311
0.0649305
0.0625683
0.06068
0.059726
0.0599145
0.0610819
0.0628478
0.0648607
0.0669158
0.0689211
0.0708302
0.0726049
0.0742104
0.0756244
0.0768413
0.0778717
0.0787328
0.0794444
0.0800252
0.0804875
0.0808393
0.0810846
0.0812245
0.0812587
0.0811876
0.0810139
0.0807448
0.0803959
0.0799929
0.0795763
0.0792002
0.0789251
0.0788079
0.0788834
0.0791534
0.0795851
0.0801223
0.0807008
0.0812647
0.0817718
0.0821957
0.0825231
0.0827492
0.0828745
0.082901
0.0828311
0.0826666
0.0824073
0.0820516
0.0815963
0.0810368
0.0803675
0.0795842
0.0786854
0.0776758
0.0765707
0.0754008
0.0742195
0.073106
0.0721688
0.0715324
0.0713073
0.0715455
0.0722059
0.0731655
0.0742578
0.0753267
0.076259
0.0769891
0.0774907
0.0777611
0.0778131
0.0776671
0.0773495
0.0768922
0.0763327
0.0757144
0.0750812
0.0744736
0.0739238
0.073448
0.0730542
0.0727487
0.0725491
0.0724869
0.0726012
0.0729255
0.0734684
0.0742009
0.075064
0.0759805
0.0768772
0.0776945
0.0783916
0.0789462
0.0793486
0.0795994
0.0797047
0.0796752
0.0795277
0.0792846
0.0789765
0.0786391
0.0783103
0.0780217
0.077791
0.0776173
0.0774789
0.0773404
0.0771592
0.0768933
0.0765098
0.075985
0.0753038
0.0744483
0.0733919
0.0721067
0.070604
0.069013
0.0676423
0.0668929
0.0669857
0.0677345
0.0686582
0.0692867
0.0693486
0.0687941
0.0677558
0.0665251
0.0655101
0.0651202
0.0655834
0.0668401
0.0686139
0.0705788
0.0724819
0.0741683
0.0755608
0.0766281
0.0773596
0.0777561
0.0778253
0.0775894
0.0771038
0.0764804
0.0758983
0.0755723
0.0756687
0.0762157
0.0770907
0.0780942
0.0790458
0.079833
0.080409
0.0807727
0.0809477
0.080968
0.0808684
0.0806836
0.080443
0.0801695
0.0798771
0.0795709
0.0792484
0.0789027
0.07853
0.0781327
0.0777227
0.0773214
0.0769534
0.076641
0.076396
0.0762165
0.0760863
0.0759848
0.0758925
0.0757984
0.0757031
0.0756188
0.0755647
0.0755633
0.075634
0.0757924
0.0760481
0.0764039
0.0768586
0.0774041
0.0780262
0.0787057
0.0794179
0.0801378
0.08084
0.0815045
0.0821155
0.0826616
0.0831374
0.0835392
0.0838666
0.08412
0.0843001
0.084407
0.0844398
0.0843969
0.084275
0.084069
0.0837722
0.0833769
0.0828737
0.0822518
0.0814994
0.0806039
0.079552
0.0783308
0.0769286
0.0753386
0.0735617
0.0716158
0.0695479
0.0674523
0.0654837
0.0638541
0.062788
0.0624507
0.0628747
0.0639527
0.0654999
0.0673215
0.0692564
0.0711719
0.072958
0.0745215
0.075791
0.0767199
0.0772831
0.077478
0.0773286
0.0768924
0.0762743
0.0756203
0.0750865
0.0747816
0.0747155
0.0748007
0.0749067
0.0749253
0.0748104
0.0745858
0.0743267
0.0741291
0.0740685
0.0741741
0.0744252
0.0747751
0.0751878
0.0756512
0.076179
0.0767867
0.0774715
0.0782002
0.078916
0.0795514
0.0800451
0.0803468
0.0804247
0.0802682
0.0798991
0.0793877
0.078865
0.0785092
0.0784887
0.0788791
0.0796229
0.0805664
0.0815387
0.0824145
0.0831299
0.0836685
0.0840408
0.0842691
0.0843766
0.0843839
0.0843063
0.084154
0.0839316
0.0836388
0.0832707
0.0828195
0.0822756
0.0816307
0.0808846
0.0800503
0.0791645
0.0782891
0.0775077
0.0769016
0.0765209
0.07636
0.0763596
0.0764305
0.0764878
0.0764712
0.0763543
0.0761397
0.0758503
0.0755204
0.0751882
0.0748873
0.0746422
0.0744686
0.0743677
0.0743341
0.0743597
0.0744403
0.0745862
0.0748151
0.0751481
0.0755981
0.076156
0.0767906
0.0774542
0.0780944
0.0786671
0.0791443
0.0795153
0.0797879
0.0799846
0.0801392
0.0802921
0.0804818
0.0807371
0.0810709
0.0814771
0.0819335
0.08241
0.0828752
0.0833016
0.0836683
0.0839616
0.0841723
0.0842953
0.0843267
0.0842628
0.0841002
0.0838335
0.0834566
0.0829631
0.082347
0.0816036
0.080733
0.079742
0.0786489
0.0774874
0.0763119
0.0752013
0.0742544
0.0735796
0.0732701
0.0733728
0.0738734
0.0746922
0.0757132
0.076811
0.0778764
0.0788255
0.0796028
0.0801746
0.0805262
0.0806607
0.0805995
0.0803827
0.0800653
0.0797068
0.0793503
0.0790028
0.0786299
0.078164
0.077531
0.0766747
0.0755778
0.0742748
0.0728596
0.0714844
0.0703384
0.0696066
0.069403
0.0697191
0.0704216
0.0713037
0.0721511
0.0727862
0.0730735
0.0729067
0.0721968
0.0708689
0.0688978
0.0663837
0.0636605
0.0613149
0.0599758
0.0599469
0.061087
0.0630407
0.0654655
0.0680645
0.0705691
0.0727669
0.0745384
0.0758529
0.0767389
0.0772525
0.077457
0.0774148
0.0771845
0.0768223
0.0763841
0.0759265
0.0755028
0.0751582
0.0749182
0.0747872
0.0747445
0.074755
0.0747786
0.0747806
0.0747373
0.0746384
0.0744849
0.0742873
0.074063
0.0738345
0.0736259
0.0734614
0.0733592
0.0733311
0.0733768
0.0734897
0.0736583
0.0738753
0.0741406
0.0744621
0.0748499
0.0753094
0.0758358
0.0764117
0.0770094
0.0775961
0.0781398
0.0786109
0.0789846
0.079239
0.0793549
0.0793142
0.0790994
0.0786927
0.0780779
0.07724
0.0761664
0.0748492
0.0732879
0.0714996
0.0695337
0.0674899
0.0655397
0.0639301
0.0629459
0.062807
0.063528
0.0648781
0.0665336
0.0682596
0.0699741
0.0716778
0.0733576
0.0749426
0.0763354
0.0774559
0.0782638
0.0787585
0.0789645
0.0789195
0.0786636
0.0782411
0.0777
0.077099
0.0765113
0.0760208
0.0757082
0.0756279
0.0757853
0.0761378
0.076608
0.077115
0.0775919
0.077995
0.0782999
0.0784929
0.0785591
0.0784743
0.0781981
0.0776708
0.076809
0.0755038
0.0736151
0.0709782
0.0674454
0.0630353
0.0583045
0.0547461
0.0542347
0.0571046
0.0616398
0.0659418
0.0690913
0.0709247
0.0715934
0.0713766
0.0706663
0.0699575
0.0697207
0.0701681
0.0711512
0.0723173
0.0733493
0.0740756
0.0744532
0.0745176
0.0743384
0.0740047
0.073616
0.0732768
0.0730847
0.0731053
0.0733521
0.0737793
0.0742981
0.0748048
0.075207
0.0754319
0.0754305
0.0751704
0.0746298
0.0737969
0.0726698
0.0712639
0.0696259
0.0678487
0.0660866
0.0645517
0.0634755
0.0630446
0.0633429
0.0643327
0.0658838
0.067806
0.0698946
0.0719553
0.0738396
0.0754529
0.0767565
0.077752
0.0784682
0.0789495
0.0792487
0.0794215
0.0795236
0.0796033
0.0796984
0.0798314
0.0800074
0.080217
0.0804408
0.0806576
0.0808488
0.081
0.0811037
0.0811575
0.0811627
0.0811241
0.081046
0.080932
0.0807843
