2.14242
2.14116
2.13949
2.13734
2.13469
2.13164
2.12847
2.12575
2.12419
2.12438
2.12646
2.12992
2.13381
2.13705
2.13888
2.13893
2.13732
2.13448
2.13106
2.12781
2.12542
2.12445
2.12519
2.12763
2.13147
2.13616
2.14109
2.14567
2.14943
2.1521
2.15357
2.15384
2.15306
2.15141
2.14916
2.14661
2.1441
2.14197
2.14052
2.13999
2.14048
2.14197
2.14431
2.14727
2.15056
2.15391
2.15707
2.15984
2.16205
2.16361
2.16443
2.16447
2.16374
2.16229
2.16026
2.15788
2.15551
2.15359
2.15255
2.15271
2.15415
2.15669
2.1599
2.16323
2.16615
2.16818
2.16893
2.16813
2.16559
2.16124
2.15519
2.14783
2.1399
2.13245
2.12666
2.12353
2.12347
2.12626
2.13115
2.13718
2.1435
2.14948
2.15479
2.15936
2.16325
2.16658
2.16949
2.17211
2.17452
2.17675
2.17881
2.18067
2.18229
2.18361
2.18461
2.18526
2.18556
2.18558
2.18537
2.185
2.18454
2.18401
2.18337
2.18258
2.18155
2.18023
2.17856
2.17649
2.17397
2.17095
2.16741
2.16338
2.1591
2.15493
2.15138
2.14901
2.14824
2.14931
2.15216
2.15649
2.16183
2.16762
2.17332
2.17846
2.18269
2.18579
2.18771
2.18849
2.18832
2.18748
2.18628
2.18505
2.18401
2.18329
2.18284
2.18249
2.18199
2.18111
2.1797
2.17769
2.17514
2.17222
2.16922
2.16648
2.16431
2.16302
2.16272
2.16341
2.1649
2.16692
2.16913
2.17121
2.17291
2.17399
2.17432
2.17381
2.17245
2.17033
2.16764
2.16468
2.16185
2.15957
2.15819
2.15791
2.1587
2.16034
2.16248
2.16477
2.16689
2.16864
2.16992
2.17069
2.171
2.17089
2.17044
2.1697
2.16871
2.16748
2.16602
2.1643
2.16226
2.15981
2.15683
2.15313
2.14848
2.14261
2.13528
2.12642
2.11623
2.10538
2.09496
2.08638
2.08101
2.07988
2.08342
2.09119
2.10188
2.11366
2.12476
2.13394
2.14065
2.14488
2.14695
2.14732
2.14647
2.14486
2.14285
2.14075
2.13877
2.13707
2.13574
2.13484
2.13435
2.13422
2.13436
2.13463
2.13485
2.13485
2.13441
2.13334
2.13147
2.12871
2.1251
2.12083
2.11627
2.11189
2.10807
2.10499
2.10256
2.10059
2.09897
2.09784
2.09749
2.09819
2.09994
2.10249
2.10545
2.10849
2.11144
2.11419
2.11667
2.11871
2.1201
2.1206
2.12
2.1182
2.11526
2.11135
2.10681
2.1021
2.09779
2.09454
2.093
2.09363
2.09655
2.10141
2.10747
2.11385
2.11973
2.12453
2.12794
2.12987
2.13037
2.1296
2.12783
2.1254
2.12274
2.12031
2.11856
2.11784
2.11826
2.11975
2.12204
2.12478
2.12764
2.13034
2.13268
2.13455
2.13589
2.13667
2.13688
2.13653
2.13563
2.13423
2.1324
2.13026
2.12797
2.12574
2.12376
2.12222
2.12126
2.12092
2.12118
2.12195
2.12311
2.12458
2.12629
2.12824
2.13046
2.13296
2.13576
2.13881
2.14202
2.14527
2.14843
2.15138
2.15401
2.15623
2.15798
2.15925
2.16003
2.16038
2.16041
2.1603
2.16027
2.16058
2.16143
2.16292
2.165
2.16745
2.16991
2.17196
2.17317
2.17319
2.17179
2.16892
2.16475
2.15969
2.15433
2.14928
2.14496
2.14151
2.13886
2.13686
2.13549
2.13488
2.13519
2.13646
2.13852
2.14104
2.14363
2.146
2.14801
2.14966
2.15103
2.15225
2.15344
2.15468
2.156
2.15738
2.15877
2.16003
2.16101
2.16148
2.16118
2.15985
2.15722
2.15314
2.14764
2.14103
2.13403
2.12775
2.12348
2.12236
2.12486
2.13054
2.13823
2.14654
2.15435
2.16099
2.1663
2.17039
2.17348
2.17577
2.17736
2.17824
2.17831
2.17743
2.17545
2.17224
2.16782
2.16233
2.15619
2.14999
2.14447
2.14027
2.13769
2.13662
2.13669
2.13746
2.1387
2.14045
2.14284
2.14598
2.14975
2.15379
2.15762
2.16077
2.16289
2.16384
2.16365
2.16252
2.16078
2.15883
2.15703
2.15568
2.15493
2.15473
2.15491
2.15521
2.15531
2.15493
2.15377
2.15153
2.14788
2.14245
2.13492
2.12516
2.11343
2.1006
2.08828
2.07849
2.07299
2.0725
2.07634
2.08302
2.09109
2.09963
2.1082
2.11659
2.12457
2.13189
2.13833
2.14377
2.14821
2.15173
2.15444
2.15645
2.15784
2.15867
2.15895
2.15867
2.15782
2.15638
2.15435
2.15176
2.14872
2.14539
2.14205
2.13907
2.13685
2.13578
2.13612
2.13791
2.14095
2.14489
2.14929
2.15375
2.15796
2.1617
2.16488
2.16746
2.16944
2.17085
2.17171
2.17204
2.17185
2.17111
2.16981
2.16791
2.16536
2.16213
2.15821
2.15364
2.14851
2.14304
2.13754
2.13247
2.12844
2.12612
2.12612
2.12878
2.13399
2.14114
2.1493
2.15749
2.16489
2.17097
2.17544
2.17825
2.17946
2.17921
2.17771
2.17521
2.17199
2.16836
2.16463
2.16106
2.15784
2.15503
2.15266
2.15072
2.14929
2.14855
2.14877
2.15021
2.15299
2.15704
2.16204
2.16755
2.17308
2.1782
2.1826
2.18608
2.18854
2.18997
2.19041
2.18993
2.18865
2.18677
2.18451
2.18215
2.17999
2.17825
2.17707
2.17644
2.17619
2.17607
2.17575
2.17491
2.17332
2.17082
2.16732
2.16273
2.15691
2.14969
2.14121
2.13226
2.12464
2.12055
2.1212
2.12574
2.1315
2.13556
2.13601
2.13243
2.12571
2.11771
2.11077
2.10704
2.10773
2.11275
2.12094
2.13072
2.14065
2.14968
2.15713
2.16261
2.16591
2.16694
2.16566
2.16223
2.15704
2.15092
2.14513
2.14115
2.1401
2.14227
2.14695
2.15284
2.15862
2.16338
2.16668
2.16846
2.16888
2.16822
2.16677
2.16481
2.16258
2.16024
2.15791
2.15561
2.1533
2.15091
2.14839
2.14573
2.14301
2.14036
2.13794
2.1359
2.13429
2.13308
2.13216
2.13136
2.13054
2.12961
2.12856
2.12747
2.12646
2.12568
2.12526
2.12531
2.12591
2.12709
2.12889
2.1313
2.13427
2.13771
2.14151
2.14553
2.14961
2.15362
2.15746
2.16105
2.16435
2.16735
2.17004
2.17243
2.17454
2.17637
2.17793
2.17919
2.18015
2.18074
2.18093
2.18064
2.17979
2.17831
2.17611
2.17308
2.16917
2.16428
2.15839
2.15149
2.14363
2.13499
2.12588
2.11683
2.10859
2.10209
2.09825
2.09771
2.10061
2.10661
2.11502
2.12513
2.13624
2.14773
2.15895
2.16921
2.17788
2.18445
2.18855
2.19005
2.18905
2.18599
2.18166
2.17717
2.17366
2.17187
2.17187
2.17301
2.17434
2.175
2.17462
2.17333
2.17168
2.17033
2.16985
2.17044
2.17197
2.1741
2.17657
2.1793
2.1824
2.18605
2.1903
2.19498
2.19968
2.20389
2.20707
2.20876
2.20864
2.2066
2.20278
2.19776
2.19256
2.18858
2.18713
2.18889
2.19355
2.20004
2.20703
2.21346
2.21872
2.22262
2.22524
2.22677
2.22744
2.22745
2.22695
2.22603
2.22475
2.22311
2.22105
2.21851
2.21539
2.21162
2.20719
2.20221
2.19695
2.19187
2.18758
2.18465
2.1834
2.18377
2.18529
2.18731
2.18916
2.19037
2.19071
2.19019
2.18899
2.18736
2.18557
2.18386
2.18239
2.18126
2.18046
2.17993
2.17962
2.17947
2.17956
2.18002
2.18104
2.18275
2.18515
2.18807
2.19119
2.19415
2.1966
2.19831
2.19918
2.19926
2.19872
2.19785
2.19698
2.19644
2.1965
2.19729
2.19881
2.20091
2.20337
2.20595
2.20844
2.21065
2.21249
2.21388
2.21478
2.21516
2.21501
2.2143
2.21298
2.21101
2.20833
2.20491
2.20071
2.19574
2.19006
2.18383
2.17728
2.17079
2.16486
2.16008
2.15709
2.15641
2.15836
2.16291
2.16969
2.17805
2.18722
2.19645
2.20511
2.21269
2.21885
2.22342
2.22636
2.22782
2.22812
2.22774
2.22718
2.2268
2.22668
2.2265
2.22571
2.22367
2.21992
2.21435
2.20727
2.19941
2.19185
2.18579
2.18234
2.18216
2.18524
2.19083
2.19771
2.20446
2.20981
2.2127
2.21232
2.20802
2.19944
2.18671
2.17091
2.15438
2.14043
2.13199
2.13022
2.13438
2.14298
2.15465
2.16813
2.18196
2.19465
2.20504
2.21254
2.21711
2.21902
2.2187
2.21663
2.21325
2.20902
2.20436
2.19968
2.19537
2.19171
2.18886
2.18682
2.18543
2.18442
2.18348
2.18235
2.18085
2.17889
2.17649
2.17372
2.1707
2.16758
2.16453
2.16171
2.15922
2.15716
2.15551
2.15423
2.15324
2.1525
2.15202
2.15187
2.15214
2.15293
2.15423
2.15597
2.15801
2.16015
2.16217
2.16388
2.16511
2.16568
2.16547
2.16434
2.16217
2.15885
2.15429
2.14843
2.14126
2.13281
2.12317
2.11257
2.10139
2.09021
2.07986
2.07138
2.06585
2.06409
2.06616
2.0712
2.07786
2.08503
2.09234
2.09987
2.10767
2.11539
2.12237
2.12792
2.13161
2.1333
2.13312
2.13131
2.12818
2.12405
2.11927
2.11424
2.10943
2.10536
2.1025
2.10118
2.10144
2.10303
2.1055
2.10836
2.11117
2.11366
2.11569
2.11716
2.11802
2.11811
2.11718
2.11486
2.11063
2.10389
2.09403
2.08052
2.06332
2.04355
2.0243
2.01077
2.00811
2.01767
2.03549
2.05504
2.07098
2.08072
2.08397
2.08196
2.07704
2.07216
2.06995
2.07168
2.07674
2.08329
2.08944
2.09397
2.09644
2.09699
2.09605
2.09417
2.09197
2.0901
2.08912
2.08944
2.09117
2.09409
2.09771
2.10141
2.10461
2.1068
2.10764
2.10692
2.10451
2.10039
2.09462
2.08741
2.07911
2.07031
2.06178
2.05444
2.04916
2.04658
2.04697
2.05026
2.0561
2.06394
2.07302
2.08249
2.09148
2.09932
2.10555
2.11002
2.11281
2.11414
2.11435
2.11383
2.11299
2.11217
2.11165
2.11159
2.11205
2.11295
2.11417
2.11555
2.11695
2.11828
2.11946
2.12048
2.12136
2.12213
2.12281
2.12346
2.12407
