1.33516
1.33523
1.33521
1.33511
1.3349
1.3346
1.33429
1.334
1.33379
1.33369
1.33369
1.33375
1.33387
1.334
1.33414
1.33427
1.33438
1.33447
1.33453
1.33455
1.33452
1.33447
1.33437
1.33428
1.33423
1.33423
1.33428
1.33436
1.33443
1.33447
1.33448
1.33448
1.33452
1.33465
1.33485
1.33507
1.33521
1.33514
1.33478
1.33422
1.33363
1.33322
1.33308
1.33317
1.33338
1.33365
1.33389
1.3341
1.33429
1.33443
1.33452
1.33458
1.33461
1.33461
1.33459
1.33454
1.3345
1.33444
1.33438
1.33435
1.33431
1.33429
1.33429
1.3343
1.33432
1.33434
1.33436
1.33438
1.33441
1.33442
1.33444
1.33447
1.3345
1.33454
1.33459
1.33464
1.33469
1.33475
1.33481
1.33487
1.33491
1.33494
1.33495
1.33496
1.33496
1.33496
1.33495
1.33491
1.33485
1.33476
1.33464
1.33447
1.33428
1.33411
1.33396
1.33385
1.33379
1.3338
1.33386
1.33394
1.33405
1.33415
1.33426
1.33437
1.33448
1.33457
1.33466
1.33472
1.33476
1.33479
1.3348
1.33479
1.33476
1.33473
1.3347
1.33468
1.33467
1.33466
1.33465
1.33463
1.3346
1.33455
1.33448
1.33441
1.33434
1.33428
1.33425
1.33423
1.33424
1.33425
1.33428
1.33431
1.33434
1.33436
1.33439
1.33442
1.33445
1.33446
1.3345
1.33452
1.33455
1.33457
1.3346
1.33462
1.33464
1.33466
1.33468
1.33469
1.33469
1.33468
1.33467
1.33464
1.3346
1.33456
1.33453
1.33448
1.33446
1.33443
1.33441
1.33442
1.33441
1.33439
1.33437
1.33435
1.33432
1.3343
1.33428
1.33425
1.33423
1.33423
1.33422
1.33423
1.33425
1.33426
1.33429
1.33432
1.33434
1.33435
1.33436
1.33437
1.33439
1.33439
1.3344
1.33438
1.33437
1.33437
1.33435
1.33434
1.33432
1.33429
1.33427
1.33424
1.33422
1.33419
1.33417
1.33414
1.33413
1.33413
1.33413
1.33412
1.33412
1.33413
1.33414
1.33415
1.33414
1.33415
1.33416
1.33416
1.33417
1.33418
1.3342
1.33421
1.33423
1.33424
1.33425
1.33425
1.33426
1.33425
1.33423
1.33423
1.3342
1.33419
1.33419
1.3342
1.33422
1.33426
1.33431
1.33437
1.33444
1.33449
1.3345
1.33449
1.33445
1.33437
1.33426
1.33414
1.33403
1.33392
1.33384
1.33382
1.33384
1.33394
1.33411
1.33431
1.33455
1.33478
1.33495
1.33501
1.33495
1.33474
1.33444
1.33409
1.33376
1.33351
1.33337
1.33336
1.33347
1.33365
1.33388
1.33408
1.33425
1.33436
1.33441
1.33442
1.33439
1.33434
1.33427
1.33419
1.33414
1.33411
1.33409
1.33409
1.33411
1.33411
1.33413
1.33413
1.33412
1.33411
1.33409
1.33407
1.33405
1.33404
1.33404
1.33404
1.33405
1.33406
1.3341
1.33414
1.33418
1.33424
1.3343
1.33437
1.33444
1.33452
1.33461
1.3347
1.33479
1.33484
1.33486
1.33486
1.3348
1.33469
1.33455
1.33439
1.33425
1.33411
1.33401
1.33394
1.33388
1.33384
1.33383
1.33385
1.33388
1.33394
1.33403
1.33415
1.33427
1.3344
1.33453
1.33464
1.33471
1.33474
1.33471
1.33465
1.33455
1.33444
1.33434
1.33426
1.33423
1.33423
1.33428
1.33434
1.33438
1.33438
1.33431
1.33419
1.33404
1.33391
1.33382
1.3338
1.3338
1.33383
1.33384
1.33386
1.33388
1.33392
1.33396
1.334
1.33404
1.33409
1.33415
1.33421
1.33427
1.33434
1.33443
1.33454
1.33466
1.33483
1.335
1.33517
1.33531
1.33535
1.33525
1.33495
1.33454
1.33407
1.33368
1.33342
1.33332
1.33334
1.33344
1.33358
1.33374
1.33392
1.33412
1.33432
1.33455
1.33476
1.33494
1.33501
1.33495
1.33475
1.33448
1.33427
1.3342
1.33428
1.33447
1.3347
1.3349
1.33503
1.33505
1.33498
1.33484
1.3347
1.33458
1.33448
1.33438
1.33427
1.3341
1.3339
1.33367
1.33347
1.33333
1.33328
1.33331
1.33341
1.33357
1.33376
1.33397
1.3342
1.3344
1.33458
1.33473
1.33481
1.33485
1.3348
1.33471
1.33461
1.33452
1.33447
1.33446
1.33447
1.3345
1.3345
1.33449
1.33446
1.3344
1.33433
1.33426
1.33419
1.33412
1.33409
1.33406
1.33407
1.33408
1.33411
1.33415
1.33418
1.33422
1.33426
1.33429
1.33433
1.33436
1.33439
1.33444
1.3345
1.33458
1.3347
1.33484
1.335
1.33518
1.33531
1.33537
1.33529
1.33505
1.33466
1.33421
1.33382
1.33355
1.33344
1.33346
1.33357
1.33373
1.33391
1.3341
1.33428
1.33444
1.33456
1.33465
1.33472
1.33475
1.33474
1.3347
1.33461
1.33452
1.33442
1.33434
1.33429
1.33427
1.33427
1.33428
1.3343
1.33432
1.33433
1.33435
1.33436
1.33437
1.33438
1.3344
1.33441
1.33443
1.33445
1.33446
1.33448
1.3345
1.33452
1.33453
1.33453
1.33453
1.33451
1.33449
1.33444
1.33439
1.33433
1.33428
1.33423
1.33418
1.33415
1.33414
1.33413
1.33413
1.33416
1.33418
1.33421
1.33425
1.33429
1.33434
1.3344
1.33448
1.33458
1.33469
1.33483
1.33497
1.3351
1.33519
1.33517
1.33503
1.33476
1.33442
1.3341
1.33388
1.33379
1.33379
1.33385
1.33392
1.33399
1.33406
1.3341
1.33414
1.33416
1.33418
1.33419
1.33421
1.33422
1.33422
1.33423
1.33422
1.33423
1.33424
1.33427
1.33431
1.33435
1.33442
1.33452
1.33464
1.33478
1.33494
1.33508
1.33516
1.33516
1.33502
1.33475
1.33436
1.33397
1.33364
1.33346
1.33342
1.33352
1.3337
1.33393
1.33417
1.3344
1.33461
1.33477
1.3349
1.33499
1.335
1.33494
1.3348
1.3346
1.33437
1.33416
1.33398
1.33386
1.33381
1.33382
1.33388
1.33396
1.33405
1.33417
1.33428
1.33439
1.33449
1.33456
1.3346
1.33463
1.33463
1.33459
1.33452
1.33441
1.33429
1.33418
1.33408
1.33402
1.334
1.33402
1.33406
1.33413
1.33422
1.33431
1.3344
1.3345
1.33462
1.33472
1.33482
1.33491
1.33497
1.33498
1.33493
1.33482
1.33468
1.33452
1.33437
1.33425
1.33414
1.33407
1.33402
1.334
1.334
1.33402
1.33403
1.33405
1.33407
1.3341
1.33413
1.33417
1.3342
1.33424
1.33429
1.33433
1.33439
1.33446
1.33453
1.33463
1.33476
1.33492
1.33508
1.33521
1.3353
1.3353
1.33518
1.33495
1.33465
1.3344
1.33424
1.3342
1.3342
1.33419
1.33414
1.33407
1.33405
1.3341
1.33426
1.33448
1.33476
1.33503
1.33525
1.33537
1.33534
1.33521
1.33501
1.33481
1.33461
1.3344
1.33412
1.33377
1.33344
1.33323
1.3332
1.3333
1.33348
1.33371
1.33392
1.33411
1.33427
1.3344
1.33449
1.33456
1.3346
1.33463
1.33466
1.33467
1.33466
1.33466
1.33464
1.33461
1.33459
1.33457
1.33455
1.33453
1.33451
1.33448
1.33447
1.33445
1.33445
1.33445
1.33446
1.3345
1.33454
1.3346
1.33467
1.3347
1.3347
1.33464
1.33453
1.33437
1.33419
1.33407
1.33402
1.33406
1.33418
1.33436
1.33458
1.33482
1.33506
1.33521
1.33525
1.33514
1.33485
1.33449
1.33415
1.33391
1.33378
1.33372
1.33371
1.33372
1.33373
1.33375
1.3338
1.33384
1.33389
1.33396
1.33403
1.33408
1.33414
1.3342
1.33424
1.33429
1.33433
1.33436
1.33439
1.33442
1.33446
1.33448
1.33451
1.33452
1.33452
1.3345
1.33446
1.33441
1.33435
1.3343
1.33425
1.33423
1.33423
1.33425
1.33426
1.33429
1.33431
1.33431
1.3343
1.33428
1.33427
1.33425
1.33422
1.33422
1.33422
1.33424
1.33427
1.33431
1.33436
1.33441
1.33445
1.33447
1.33449
1.33448
1.33446
1.33441
1.33434
1.33427
1.33419
1.33413
1.33408
1.33407
1.33409
1.33416
1.33428
1.33445
1.33467
1.33494
1.33523
1.33546
1.33551
1.33529
1.33478
1.33415
1.3337
1.33353
1.33365
1.33392
1.3342
1.33441
1.33451
1.3345
1.33442
1.33432
1.33425
1.33421
1.33423
1.33426
1.33433
1.33436
1.33438
1.33437
1.33431
1.33422
1.33411
1.33399
1.3339
1.33383
1.3338
1.3338
1.33382
1.33387
1.33396
1.33403
1.33411
1.33419
1.33426
1.33434
1.33442
1.3345
1.33457
1.33465
1.33473
1.3348
1.33486
1.3349
1.33493
1.33492
1.33486
1.33475
1.33459
1.33439
1.33419
1.33402
1.33389
1.33382
1.3338
1.33383
1.3339
1.33398
1.33407
1.33417
1.33429
1.3344
1.33448
1.33456
1.33461
1.33463
1.33461
1.33454
1.33444
1.33432
1.33419
1.33408
1.33399
1.33393
1.33391
1.33391
1.33394
1.33398
1.33403
1.33409
1.33415
1.33421
1.33425
1.33429
1.33432
1.33434
1.33437
1.33438
1.33439
1.3344
1.3344
1.3344
1.3344
1.33441
1.33444
1.33447
1.33452
1.33457
1.33465
1.33472
1.33479
1.33485
1.33488
1.33489
1.33486
1.33478
1.33467
1.33454
1.33439
1.33423
1.33407
1.33394
1.33382
1.33374
1.33371
1.3337
1.33373
1.33377
1.33382
1.33387
1.33393
1.33398
1.33403
1.33408
1.33413
1.33419
1.33426
1.33435
1.33445
1.33458
1.3347
1.33483
1.33493
1.33497
1.33489
1.3347
1.3344
1.33408
1.33382
1.33369
1.33368
1.33376
1.33389
1.33403
1.33415
1.33426
1.33434
1.33439
1.33443
1.33444
1.33443
1.33441
1.33437
1.33431
1.33423
1.33416
1.33408
1.33401
1.33397
1.33392
1.3339
1.3339
1.33392
1.33394
1.33397
1.33401
1.33406
1.33411
1.33417
1.3342
1.33424
1.33429
1.33432
1.33434
1.33436
1.33438
1.33439
1.33438
1.33438
1.33438
1.33437
1.33435
1.33434
1.33434
1.33433
1.33433
1.33435
1.33437
1.33438
1.33438
1.33437
1.33435
1.3343
1.33423
1.33416
1.3341
