-0.458326
-0.450456
-0.442345
-0.434871
-0.429077
-0.425863
-0.425739
-0.428657
-0.434002
-0.440821
-0.448106
-0.455042
-0.461037
-0.465793
-0.469162
-0.471197
-0.472001
-0.471775
-0.470803
-0.469447
-0.46811
-0.467223
-0.467177
-0.468049
-0.469636
-0.471454
-0.472967
-0.473772
-0.473793
-0.473236
-0.472449
-0.471625
-0.470559
-0.468631
-0.465054
-0.459283
-0.451632
-0.443647
-0.437919
-0.437047
-0.442195
-0.452393
-0.465241
-0.478204
-0.489522
-0.498371
-0.504659
-0.508612
-0.510623
-0.511132
-0.510523
-0.509128
-0.507281
-0.505278
-0.503363
-0.501767
-0.500634
-0.500062
-0.500059
-0.500544
-0.501425
-0.502565
-0.503799
-0.505035
-0.506162
-0.507132
-0.507907
-0.508478
-0.508848
-0.509033
-0.509002
-0.508737
-0.508198
-0.507328
-0.506055
-0.504302
-0.502018
-0.499143
-0.49566
-0.491607
-0.487046
-0.482057
-0.476734
-0.471181
-0.46552
-0.459848
-0.454293
-0.449015
-0.444206
-0.440148
-0.437176
-0.435682
-0.435947
-0.438054
-0.441857
-0.446945
-0.452751
-0.458688
-0.464293
-0.469209
-0.473218
-0.476201
-0.478086
-0.478866
-0.47858
-0.477297
-0.475124
-0.472228
-0.468809
-0.465064
-0.461224
-0.457479
-0.45396
-0.450726
-0.447775
-0.445046
-0.442469
-0.439997
-0.437611
-0.435366
-0.43339
-0.431858
-0.430929
-0.430709
-0.431196
-0.432304
-0.433846
-0.435627
-0.437423
-0.439092
-0.440509
-0.4416
-0.442353
-0.442767
-0.442839
-0.442595
-0.442067
-0.441284
-0.440233
-0.438952
-0.437428
-0.435677
-0.43368
-0.431449
-0.428964
-0.426251
-0.423311
-0.42023
-0.417046
-0.413862
-0.410788
-0.407944
-0.405418
-0.403279
-0.401558
-0.40024
-0.399249
-0.398529
-0.397983
-0.397544
-0.397214
-0.396981
-0.39688
-0.396956
-0.397265
-0.397831
-0.398661
-0.399727
-0.400949
-0.402239
-0.403517
-0.404676
-0.405651
-0.406414
-0.406909
-0.407148
-0.407154
-0.406929
-0.40651
-0.405925
-0.405207
-0.404415
-0.403584
-0.402795
-0.402057
-0.401428
-0.400964
-0.400701
-0.400686
-0.400936
-0.401448
-0.402237
-0.40329
-0.404588
-0.406096
-0.40779
-0.40961
-0.411537
-0.413529
-0.415572
-0.417618
-0.41965
-0.421642
-0.423605
-0.42551
-0.427339
-0.429085
-0.430749
-0.432309
-0.433767
-0.435106
-0.436337
-0.437462
-0.438484
-0.439434
-0.440329
-0.441203
-0.442119
-0.443102
-0.444176
-0.445383
-0.446691
-0.448055
-0.449384
-0.450568
-0.451442
-0.45186
-0.451688
-0.450883
-0.449492
-0.447699
-0.445793
-0.444158
-0.443208
-0.443274
-0.444549
-0.447096
-0.45082
-0.455449
-0.460556
-0.465618
-0.469984
-0.473011
-0.474171
-0.473057
-0.469581
-0.464057
-0.457299
-0.450539
-0.445217
-0.442531
-0.443163
-0.447178
-0.454058
-0.462848
-0.472277
-0.481077
-0.488292
-0.493415
-0.496409
-0.497549
-0.497309
-0.496237
-0.494861
-0.493639
-0.492901
-0.492838
-0.493475
-0.494708
-0.49637
-0.498275
-0.50025
-0.502165
-0.503978
-0.50567
-0.507302
-0.508942
-0.51067
-0.512535
-0.514576
-0.516787
-0.519137
-0.521572
-0.524034
-0.526428
-0.52869
-0.530707
-0.532396
-0.533678
-0.534448
-0.534624
-0.534119
-0.532833
-0.530705
-0.527674
-0.523718
-0.518899
-0.513377
-0.507393
-0.501324
-0.495667
-0.490875
-0.487346
-0.485312
-0.484791
-0.485686
-0.487752
-0.49077
-0.494514
-0.498761
-0.503273
-0.507788
-0.512051
-0.515744
-0.518613
-0.52043
-0.521044
-0.52035
-0.518354
-0.515182
-0.511103
-0.506505
-0.501876
-0.497673
-0.494286
-0.491925
-0.490617
-0.490196
-0.490342
-0.490629
-0.490596
-0.489952
-0.488717
-0.487238
-0.486153
-0.486111
-0.487491
-0.490239
-0.494001
-0.498261
-0.502657
-0.506932
-0.511037
-0.514902
-0.518523
-0.521842
-0.524815
-0.527388
-0.529514
-0.531152
-0.532281
-0.532868
-0.532873
-0.532196
-0.530721
-0.528275
-0.524652
-0.519569
-0.512831
-0.504323
-0.494263
-0.483361
-0.472863
-0.464496
-0.459821
-0.459717
-0.463949
-0.471374
-0.480478
-0.489913
-0.498708
-0.506285
-0.512347
-0.51671
-0.519235
-0.519773
-0.518153
-0.514341
-0.508577
-0.501591
-0.494566
-0.488926
-0.485698
-0.484915
-0.485571
-0.486116
-0.485169
-0.481988
-0.476598
-0.469598
-0.461958
-0.454658
-0.448438
-0.44359
-0.440025
-0.437513
-0.435894
-0.435278
-0.436078
-0.438767
-0.443661
-0.450707
-0.459464
-0.469181
-0.479013
-0.488155
-0.495975
-0.502021
-0.506022
-0.507873
-0.507616
-0.505403
-0.501545
-0.496544
-0.491008
-0.485639
-0.480981
-0.477336
-0.474674
-0.472698
-0.471013
-0.469302
-0.467424
-0.465409
-0.463407
-0.46164
-0.460324
-0.459619
-0.459606
-0.460291
-0.461603
-0.463401
-0.465537
-0.467821
-0.470101
-0.472228
-0.474095
-0.475643
-0.476835
-0.477671
-0.478166
-0.478324
-0.478154
-0.477622
-0.476636
-0.475072
-0.472732
-0.46937
-0.464713
-0.458511
-0.450619
-0.441202
-0.430832
-0.42063
-0.412146
-0.406967
-0.406074
-0.40945
-0.416122
-0.424604
-0.433432
-0.441546
-0.448268
-0.453304
-0.456557
-0.458072
-0.45798
-0.456457
-0.453735
-0.450117
-0.445979
-0.441751
-0.437864
-0.434689
-0.432412
-0.431075
-0.430545
-0.430591
-0.430956
-0.431451
-0.43191
-0.432255
-0.432454
-0.432504
-0.432411
-0.432197
-0.431865
-0.431415
-0.430831
-0.430114
-0.429236
-0.42817
-0.426896
-0.4254
-0.423674
-0.421747
-0.419674
-0.417513
-0.415368
-0.413354
-0.411587
-0.410201
-0.409274
-0.408867
-0.409
-0.409647
-0.41075
-0.412214
-0.413927
-0.41579
-0.417686
-0.419501
-0.421178
-0.422618
-0.42375
-0.42451
-0.424809
-0.424538
-0.423576
-0.421746
-0.418868
-0.414737
-0.40921
-0.402283
-0.394257
-0.385882
-0.378319
-0.372938
-0.370759
-0.372007
-0.376001
-0.381556
-0.387532
-0.39315
-0.398051
-0.402195
-0.405667
-0.408652
-0.411259
-0.413594
-0.415726
-0.417689
-0.419519
-0.421259
-0.422944
-0.424587
-0.426221
-0.427812
-0.429337
-0.430708
-0.431831
-0.432555
-0.43267
-0.43194
-0.430112
-0.426946
-0.422248
-0.416057
-0.408694
-0.400891
-0.393826
-0.388908
-0.387379
-0.389835
-0.395992
-0.404709
-0.414463
-0.423781
-0.431589
-0.437278
-0.44062
-0.441631
-0.440483
-0.437466
-0.432919
-0.427334
-0.421329
-0.415619
-0.410982
-0.408072
-0.407303
-0.408746
-0.412157
-0.417022
-0.422693
-0.428551
-0.434081
-0.438919
-0.442799
-0.445584
-0.447252
-0.447846
-0.447452
-0.446229
-0.444379
-0.442129
-0.439789
-0.437713
-0.436226
-0.435654
-0.436189
-0.437889
-0.440634
-0.444148
-0.448062
-0.451992
-0.455577
-0.458546
-0.460727
-0.462037
-0.462437
-0.461884
-0.460333
-0.45775
-0.454096
-0.449446
-0.444046
-0.438328
-0.432839
-0.428158
-0.424733
-0.42281
-0.422435
-0.423487
-0.425751
-0.428927
-0.432715
-0.436803
-0.440962
-0.445023
-0.448886
-0.452504
-0.455856
-0.458925
-0.461723
-0.464237
-0.466448
-0.468328
-0.469841
-0.47093
-0.471495
-0.471424
-0.470587
-0.468777
-0.465776
-0.46138
-0.455445
-0.447991
-0.439313
-0.430145
-0.4216
-0.414942
-0.41104
-0.409925
-0.410848
-0.412726
-0.41479
-0.416858
-0.419228
-0.422179
-0.425586
-0.428824
-0.430944
-0.431067
-0.428567
-0.423283
-0.415565
-0.406234
-0.396509
-0.387658
-0.380583
-0.375593
-0.372572
-0.371554
-0.373043
-0.377753
-0.385885
-0.396683
-0.408665
-0.420273
-0.430362
-0.438358
-0.444185
-0.448009
-0.45013
-0.450868
-0.450515
-0.449321
-0.447506
-0.445236
-0.442666
-0.439937
-0.437162
-0.43443
-0.431837
-0.429432
-0.427239
-0.425271
-0.423543
-0.422034
-0.420731
-0.419622
-0.41867
-0.417862
-0.417132
-0.41642
-0.415596
-0.414497
-0.412987
-0.410906
-0.408204
-0.405024
-0.401658
-0.398656
-0.396657
-0.396193
-0.397473
-0.400224
-0.403807
-0.407379
-0.410112
-0.411333
-0.410532
-0.407413
-0.401943
-0.394513
-0.386018
-0.377908
-0.371852
-0.369086
-0.36993
-0.373731
-0.37939
-0.385949
-0.392789
-0.39963
-0.406354
-0.41288
-0.419082
-0.424864
-0.430114
-0.434758
-0.438776
-0.442175
-0.444969
-0.447208
-0.448958
-0.450239
-0.451129
-0.451649
-0.451811
-0.451649
-0.451155
-0.450377
-0.449337
-0.448131
-0.446878
-0.445741
-0.444905
-0.444538
-0.444733
-0.445495
-0.446716
-0.448207
-0.44977
-0.451216
-0.452441
-0.453381
-0.454081
-0.454656
-0.455208
-0.455863
-0.456701
-0.457784
-0.459089
-0.460534
-0.462004
-0.463366
-0.464463
-0.465187
-0.465459
-0.465251
-0.464597
-0.4636
-0.462373
-0.461099
-0.459982
-0.459231
-0.459027
-0.459507
-0.460745
-0.462689
-0.465205
-0.46801
-0.470778
-0.473072
-0.474425
-0.47432
-0.47221
-0.467583
-0.460103
-0.449985
-0.438412
-0.427749
-0.420993
-0.420122
-0.424749
-0.432379
-0.439931
-0.445319
-0.44783
-0.447839
-0.446319
-0.444387
-0.442929
-0.442382
-0.442738
-0.443637
-0.444601
-0.445267
-0.445416
-0.445117
-0.444532
-0.443969
-0.443795
-0.44434
-0.445846
-0.448421
-0.451986
-0.456347
-0.461169
-0.466127
-0.470909
-0.475254
-0.47898
-0.482023
-0.484315
-0.485835
-0.486598
-0.486595
-0.485836
-0.48433
-0.482092
-0.479111
-0.47539
-0.470966
-0.46589
-0.460268
-0.454297
-0.448293
-0.442685
-0.437976
-0.434683
-0.433209
-0.43369
-0.436015
-0.439804
-0.44454
-0.449663
-0.454677
-0.459179
-0.462914
-0.465692
-0.467411
-0.468032
-0.467585
-0.466167
-0.463894
-0.460999
-0.457792
-0.454627
-0.451919
-0.450029
-0.449243
-0.449698
-0.451368
-0.454087
-0.457543
-0.461377
-0.465252
-0.468891
-0.472091
-0.474756
-0.476842
-0.478374
-0.479403
-0.479987
-0.480191
-0.480071
-0.479675
-0.479055
-0.478275
-0.477369
-0.476371
-0.47531
-0.47418
-0.472975
-0.471642
-0.470118
-0.468314
-0.466106
-0.463402
-0.460052
-0.456006
-0.451232
-0.445816
-0.439945
-0.433897
-0.428039
-0.422767
-0.418431
-0.415328
-0.413693
-0.413657
-0.415215
-0.418226
-0.422472
-0.427584
-0.433199
-0.438964
-0.444566
-0.449826
-0.454617
-0.45888
-0.462602
-0.465794
-0.468481
-0.470646
-0.472277
-0.473323
-0.473711
-0.473315
-0.472006
-0.469619
-0.466016
-0.461101
-0.455018
-0.44823
-0.441627
-0.436406
-0.433752
-0.434256
-0.437672
-0.442976
-0.448911
-0.4544
-0.458787
-0.461834
-0.463572
-0.464174
-0.463872
-0.462885
-0.461429
-0.459712
-0.457932
-0.456285
-0.454961
-0.454151
-0.453985
-0.454552
-0.45588
-0.457927
-0.460578
-0.463706
-0.467132
-0.470658
-0.47415
-0.477465
-0.480492
-0.483149
-0.485371
-0.487132
-0.488421
-0.489248
-0.489611
-0.489536
-0.489082
-0.488293
-0.487236
-0.485975
-0.484606
-0.483198
-0.481814
-0.480508
-0.479325
-0.4783
-0.477407
-0.476598
-0.475845
-0.475073
-0.4742
-0.473206
-0.472077
-0.470873
-0.469673
-0.468634
-0.467952
-0.4678
-0.468304
-0.469514
