1.42828
1.42744
1.42633
1.4249
1.42313
1.42109
1.41898
1.41717
1.41612
1.41625
1.41764
1.41995
1.42254
1.4247
1.42592
1.42596
1.42488
1.42299
1.42071
1.41854
1.41695
1.4163
1.41679
1.41842
1.42098
1.42411
1.42739
1.43044
1.43295
1.43473
1.43571
1.4359
1.43537
1.43428
1.43277
1.43107
1.4294
1.42798
1.42701
1.42666
1.42699
1.42798
1.42954
1.43151
1.43371
1.43594
1.43805
1.43989
1.44137
1.4424
1.44295
1.44298
1.44249
1.44153
1.44017
1.43859
1.43701
1.43573
1.43503
1.43514
1.4361
1.43779
1.43993
1.44216
1.4441
1.44545
1.44595
1.44542
1.44373
1.44083
1.43679
1.43189
1.4266
1.42163
1.41778
1.41568
1.41565
1.41751
1.42077
1.42479
1.429
1.43298
1.43653
1.43958
1.44217
1.44438
1.44633
1.44808
1.44968
1.45117
1.45254
1.45378
1.45486
1.45574
1.45641
1.45684
1.45704
1.45705
1.45691
1.45667
1.45636
1.456
1.45558
1.45505
1.45437
1.45349
1.45237
1.45099
1.44932
1.4473
1.44494
1.44226
1.4394
1.43662
1.43425
1.43267
1.43216
1.43287
1.43477
1.43766
1.44122
1.44508
1.44888
1.45231
1.45513
1.4572
1.45847
1.45899
1.45888
1.45832
1.45752
1.4567
1.45601
1.45553
1.45523
1.45499
1.45466
1.45407
1.45313
1.45179
1.45009
1.44815
1.44615
1.44432
1.44288
1.44201
1.44181
1.44227
1.44327
1.44461
1.44608
1.44748
1.44861
1.44933
1.44955
1.44921
1.4483
1.44689
1.44509
1.44312
1.44124
1.43971
1.43879
1.4386
1.43913
1.44022
1.44166
1.44318
1.4446
1.44576
1.44661
1.44713
1.44733
1.44726
1.44696
1.44647
1.4458
1.44499
1.44401
1.44287
1.44151
1.43988
1.43789
1.43542
1.43232
1.4284
1.42352
1.41761
1.41082
1.40359
1.39664
1.39092
1.38734
1.38659
1.38895
1.39412
1.40125
1.4091
1.4165
1.42263
1.4271
1.42992
1.4313
1.43154
1.43098
1.42991
1.42857
1.42717
1.42585
1.42471
1.42383
1.42322
1.4229
1.42281
1.42291
1.42308
1.42324
1.42323
1.42294
1.42222
1.42098
1.41914
1.41673
1.41388
1.41085
1.40793
1.40538
1.40333
1.40171
1.40039
1.39931
1.39856
1.39833
1.39879
1.39996
1.40166
1.40363
1.40566
1.40762
1.40946
1.41111
1.41248
1.4134
1.41373
1.41333
1.41214
1.41017
1.40757
1.40454
1.4014
1.39853
1.39636
1.39533
1.39575
1.3977
1.40094
1.40498
1.40923
1.41315
1.41635
1.41863
1.41991
1.42025
1.41974
1.41855
1.41693
1.41516
1.41354
1.41238
1.41189
1.41217
1.41316
1.41469
1.41652
1.41843
1.42023
1.42179
1.42303
1.42393
1.42445
1.42459
1.42435
1.42376
1.42282
1.4216
1.42017
1.41865
1.41716
1.41584
1.41481
1.41417
1.41394
1.41412
1.41463
1.41541
1.41639
1.41753
1.41883
1.42031
1.42198
1.42384
1.42587
1.42801
1.43018
1.43229
1.43425
1.436
1.43749
1.43866
1.4395
1.44002
1.44025
1.44027
1.4402
1.44018
1.44039
1.44095
1.44195
1.44333
1.44496
1.4466
1.44797
1.44878
1.4488
1.44786
1.44595
1.44317
1.43979
1.43622
1.43285
1.42997
1.42768
1.42591
1.42457
1.42366
1.42325
1.42346
1.42431
1.42568
1.42736
1.42909
1.43067
1.43201
1.43311
1.43402
1.43483
1.43563
1.43645
1.43733
1.43826
1.43918
1.44002
1.44067
1.44099
1.44079
1.4399
1.43815
1.43543
1.43176
1.42735
1.42269
1.4185
1.41566
1.41491
1.41657
1.42036
1.42549
1.43103
1.43623
1.44066
1.4442
1.44692
1.44898
1.45051
1.45157
1.45216
1.45221
1.45162
1.4503
1.44816
1.44521
1.44156
1.43746
1.43333
1.42965
1.42685
1.42513
1.42442
1.42446
1.42497
1.4258
1.42697
1.42856
1.43066
1.43317
1.43586
1.43841
1.44051
1.44193
1.44256
1.44243
1.44168
1.44052
1.43922
1.43802
1.43712
1.43662
1.43649
1.43661
1.43681
1.43688
1.43662
1.43585
1.43436
1.43192
1.4283
1.42328
1.41677
1.40895
1.4004
1.39219
1.38566
1.382
1.38167
1.38423
1.38868
1.39406
1.39975
1.40547
1.41106
1.41638
1.42126
1.42555
1.42918
1.43214
1.43448
1.43629
1.43763
1.43856
1.43912
1.4393
1.43912
1.43855
1.43759
1.43623
1.43451
1.43248
1.43026
1.42804
1.42605
1.42457
1.42386
1.42408
1.42527
1.4273
1.42992
1.43286
1.43583
1.43864
1.44114
1.44326
1.44497
1.4463
1.44723
1.44781
1.44803
1.4479
1.44741
1.44654
1.44527
1.44357
1.44142
1.43881
1.43576
1.43234
1.42869
1.42502
1.42165
1.41896
1.41741
1.41741
1.41919
1.42266
1.42742
1.43287
1.43833
1.44326
1.44731
1.4503
1.45217
1.45297
1.45281
1.45181
1.45014
1.44799
1.44557
1.44308
1.44071
1.43856
1.43669
1.43511
1.43381
1.43286
1.43237
1.43251
1.43347
1.43533
1.43802
1.44136
1.44503
1.44872
1.45214
1.45507
1.45739
1.45903
1.45998
1.46027
1.45995
1.4591
1.45785
1.45634
1.45477
1.45332
1.45217
1.45138
1.45096
1.4508
1.45071
1.4505
1.44994
1.44888
1.44722
1.44488
1.44182
1.43794
1.43313
1.42747
1.42151
1.41643
1.4137
1.41414
1.41716
1.421
1.42371
1.42401
1.42162
1.41714
1.41181
1.40718
1.40469
1.40515
1.4085
1.41396
1.42048
1.4271
1.43312
1.43808
1.44174
1.44394
1.44462
1.44378
1.44149
1.43803
1.43395
1.43009
1.42743
1.42673
1.42818
1.4313
1.43523
1.43908
1.44225
1.44445
1.44564
1.44592
1.44548
1.44452
1.44321
1.44172
1.44016
1.43861
1.43707
1.43553
1.43394
1.43226
1.43049
1.42867
1.42691
1.4253
1.42393
1.42286
1.42205
1.42144
1.42091
1.42036
1.41974
1.41904
1.41831
1.41764
1.41712
1.41684
1.41687
1.41727
1.41806
1.41926
1.42087
1.42285
1.42514
1.42768
1.43035
1.43307
1.43575
1.43831
1.4407
1.4429
1.4449
1.44669
1.44829
1.44969
1.45091
1.45195
1.4528
1.45343
1.45383
1.45395
1.45376
1.4532
1.45221
1.45074
1.44872
1.44611
1.44286
1.43893
1.43433
1.42909
1.42333
1.41725
1.41122
1.40573
1.40139
1.39883
1.39847
1.40041
1.4044
1.41002
1.41675
1.42416
1.43182
1.4393
1.44614
1.45192
1.4563
1.45903
1.46003
1.45937
1.45733
1.45444
1.45145
1.4491
1.44791
1.44791
1.44868
1.44956
1.45
1.44975
1.44889
1.44778
1.44689
1.44657
1.44696
1.44798
1.4494
1.45105
1.45287
1.45493
1.45736
1.4602
1.46332
1.46646
1.46926
1.47138
1.4725
1.47243
1.47107
1.46852
1.46517
1.46171
1.45905
1.45809
1.45926
1.46237
1.46669
1.47135
1.47564
1.47915
1.48175
1.48349
1.48451
1.48496
1.48497
1.48463
1.48402
1.48317
1.48207
1.4807
1.479
1.47693
1.47441
1.47146
1.46814
1.46463
1.46125
1.45839
1.45643
1.4556
1.45584
1.45686
1.45821
1.45944
1.46025
1.46047
1.46013
1.45933
1.45824
1.45705
1.4559
1.45493
1.45417
1.45364
1.45329
1.45308
1.45298
1.45304
1.45335
1.45402
1.45516
1.45676
1.45871
1.46079
1.46277
1.4644
1.46554
1.46612
1.46617
1.46581
1.46523
1.46465
1.46429
1.46433
1.46486
1.46587
1.46727
1.46891
1.47064
1.47229
1.47377
1.47499
1.47592
1.47652
1.47678
1.47667
1.4762
1.47532
1.474
1.47222
1.46994
1.46714
1.46383
1.46004
1.45588
1.45152
1.44719
1.44324
1.44006
1.43806
1.43761
1.43891
1.44194
1.44646
1.45203
1.45815
1.4643
1.47007
1.47512
1.47924
1.48228
1.48424
1.48521
1.48542
1.48516
1.48478
1.48453
1.48445
1.48434
1.48381
1.48245
1.47995
1.47623
1.47151
1.46627
1.46123
1.4572
1.4549
1.45478
1.45683
1.46055
1.46514
1.46964
1.47321
1.47513
1.47488
1.47202
1.4663
1.45781
1.44727
1.43625
1.42695
1.42133
1.42015
1.42292
1.42865
1.43643
1.44542
1.45464
1.4631
1.47002
1.47503
1.47808
1.47935
1.47914
1.47775
1.4755
1.47268
1.46957
1.46646
1.46358
1.46114
1.45924
1.45788
1.45696
1.45628
1.45565
1.4549
1.4539
1.4526
1.451
1.44915
1.44713
1.44506
1.44302
1.44114
1.43948
1.4381
1.43701
1.43615
1.43549
1.435
1.43468
1.43458
1.43476
1.43528
1.43615
1.43731
1.43867
1.4401
1.44145
1.44259
1.4434
1.44379
1.44365
1.44289
1.44145
1.43923
1.43619
1.43229
1.42751
1.42187
1.41545
1.40838
1.40093
1.39347
1.38657
1.38092
1.37723
1.37606
1.37744
1.3808
1.38524
1.39002
1.39489
1.39991
1.40511
1.41026
1.41491
1.41861
1.42107
1.4222
1.42208
1.42087
1.41879
1.41603
1.41285
1.40949
1.40629
1.40357
1.40167
1.40079
1.40096
1.40202
1.40367
1.40557
1.40745
1.40911
1.41046
1.41144
1.41201
1.41207
1.41145
1.4099
1.40709
1.4026
1.39602
1.38701
1.37555
1.36237
1.34954
1.34051
1.33874
1.34511
1.35699
1.37002
1.38065
1.38715
1.38931
1.38798
1.3847
1.38144
1.37997
1.38112
1.38449
1.38886
1.39296
1.39598
1.39763
1.39799
1.39736
1.39611
1.39465
1.3934
1.39275
1.39296
1.39412
1.39606
1.39847
1.40094
1.40307
1.40453
1.4051
1.40461
1.40301
1.40026
1.39641
1.39161
1.38608
1.38021
1.37452
1.36963
1.36611
1.36439
1.36465
1.36684
1.37074
1.37596
1.38201
1.38832
1.39432
1.39954
1.4037
1.40668
1.40854
1.40942
1.40957
1.40922
1.40866
1.40811
1.40776
1.40773
1.40803
1.40863
1.40945
1.41037
1.4113
1.41218
1.41297
1.41365
1.41424
1.41475
1.41521
1.41564
1.41604
